1 
1 0 652.450788  0 1 651.787660  0 0 1
2 
0.544639 -0.838671 968.129523  0.838671 0.544639 565.308149  0 0 1
3 
0.207912 0.978148 943.317340  -0.978148 0.207912 867.531255  0 0 1
4 
0.469472 -0.882948 1162.620402  0.882948 0.469472 763.983112  0 0 1
5 
-0.224951 -0.974370 1075.880629  0.974370 -0.224951 856.583458  0 0 1
6 
0.981627 0.190809 604.954946  -0.190809 0.981627 871.146876  0 0 1
7 
0.052336 0.998630 952.505214  -0.998630 0.052336 1361.164949  0 0 1
8 
-0.190809 -0.981627 947.072756  0.981627 -0.190809 1141.289475  0 0 1
9 
0.034899 -0.999391 1017.976530  0.999391 0.034899 1106.460611  0 0 1
