1 
1 0 1632.117153  0 1 1632.456782  0 0 1
2 
-0.139173 -0.990268 1924.101814  0.990268 -0.139173 1638.782963  0 0 1
3 
0.857167 -0.515038 1897.821509  0.515038 0.857167 1576.481122  0 0 1
4 
0.788011 0.615661 1886.125652  -0.615661 0.788011 1705.124379  0 0 1
5 
-0.951057 -0.309017 2274.643092  0.309017 -0.951057 1781.758621  0 0 1
6 
-0.469472 -0.882948 2401.988632  0.882948 -0.469472 1668.680594  0 0 1
7 
0.469472 -0.882948 2421.567774  0.882948 0.469472 1578.886394  0 0 1
8 
-0.999848 0.017452 2574.083372  -0.017452 -0.999848 1814.005246  0 0 1
9 
-0.809017 0.587785 2624.203194  -0.587785 -0.809017 1866.745707  0 0 1
10 
-0.559193 -0.829038 2858.006835  0.829038 -0.559193 1687.012092  0 0 1
11 
0.999848 0.017452 2294.979796  -0.017452 0.999848 1757.383115  0 0 1
12 
-0.978148 0.207912 2562.350579  -0.207912 -0.978148 2008.645603  0 0 1
13 
0.997564 -0.069756 2639.844890  0.069756 0.997564 1751.437582  0 0 1
14 
0.484810 -0.874620 2298.066558  0.874620 0.484810 1708.057125  0 0 1
15 
0.777146 0.629320 1993.143958  -0.629320 0.777146 1864.915437  0 0 1
16 
0.997564 0.069756 2519.458354  -0.069756 0.997564 1768.875937  0 0 1
17 
0.669131 0.743145 1870.748165  -0.743145 0.669131 1892.436989  0 0 1
18 
0.838671 -0.544639 1911.546485  0.544639 0.838671 1727.715017  0 0 1
19 
0.669131 0.743145 1661.142747  -0.743145 0.669131 1908.899913  0 0 1
20 
0.190809 -0.981627 1778.788946  0.981627 0.190809 1772.324591  0 0 1
21 
0.891007 -0.453990 2684.231423  0.453990 0.891007 1884.318245  0 0 1
22 
-0.515038 -0.857167 2788.167560  0.857167 -0.515038 2002.025665  0 0 1
23 
-0.754710 -0.656059 2692.465472  0.656059 -0.754710 2089.617874  0 0 1
24 
0.981627 0.190809 2277.313042  -0.190809 0.981627 1955.884024  0 0 1
25 
0.121869 -0.992546 2349.032391  0.992546 0.121869 1931.855188  0 0 1
26 
0.601815 0.798636 1990.964299  -0.798636 0.601815 2105.827325  0 0 1
27 
-0.754710 0.656059 2060.574421  -0.656059 -0.754710 2254.534190  0 0 1
28 
0.996195 -0.087156 1750.649434  0.087156 0.996195 1952.383326  0 0 1
29 
0 -1 2022.790527  1 0 1958.030762  0 0 1
30 
-0.992546 0.121869 1782.825523  -0.121869 -0.992546 2185.591297  0 0 1
31 
-0.406737 0.913545 1667.670117  -0.913545 -0.406737 2394.878470  0 0 1
32 
-0.719340 -0.694658 1983.637224  0.694658 -0.719340 2263.448857  0 0 1
33 
0.342020 0.939693 2578.287049  -0.939693 0.342020 2347.900613  0 0 1
34 
0.587785 0.809017 1904.583471  -0.809017 0.587785 2273.523285  0 0 1
35 
0.087156 -0.996195 2359.005149  0.996195 0.087156 2136.479386  0 0 1
36 
0.406737 0.913545 2255.429406  -0.913545 0.406737 2311.958054  0 0 1
37 
0.207912 0.978148 2353.060436  -0.978148 0.207912 2350.244771  0 0 1
38 
-0.809017 -0.587785 2102.279622  0.587785 -0.809017 2285.904773  0 0 1
39 
0.939693 -0.342020 2565.440131  0.342020 0.939693 2113.313895  0 0 1
40 
-0.933580 0.358368 2176.659914  -0.358368 -0.933580 2380.856971  0 0 1
41 
0.990268 -0.139173 1636.714460  0.139173 0.990268 2279.450896  0 0 1
42 
0.309017 0.951057 1710.601996  -0.951057 0.309017 2473.233528  0 0 1
43 
-0.882948 0.469472 2002.645643  -0.469472 -0.882948 2568.372267  0 0 1
44 
-0.529919 -0.848048 2206.588398  0.848048 -0.529919 2371.669130  0 0 1
45 
-0.998630 0.052336 2390.152955  -0.052336 -0.998630 2536.725371  0 0 1
46 
-0.173648 -0.984808 2220.839416  0.984808 -0.173648 2324.330807  0 0 1
47 
0 1 2335.394287  -1 0 2526.767822  0 0 1
48 
-0.927184 -0.374607 2652.580836  0.374607 -0.927184 2490.992914  0 0 1
49 
-0.342020 0.939693 2672.014071  -0.939693 -0.342020 2539.740316  0 0 1
50 
-0.951057 -0.309017 2731.525984  0.309017 -0.951057 2492.731434  0 0 1
51 
0.945519 0.325568 1697.145000  -0.325568 0.945519 2474.478418  0 0 1
52 
-0.052336 0.998630 1633.078371  -0.998630 -0.052336 2669.085431  0 0 1
53 
0.544639 0.838671 2590.377948  -0.838671 0.544639 2582.309669  0 0 1
54 
-0.422618 0.906308 1882.034141  -0.906308 -0.422618 2714.900401  0 0 1
55 
0.275637 -0.961262 2682.168912  0.961262 0.275637 2448.208217  0 0 1
56 
0.956305 -0.292372 2013.195239  0.292372 0.956305 2449.527084  0 0 1
57 
0.754710 -0.656059 2507.994511  0.656059 0.754710 2394.667583  0 0 1
58 
-0.970296 0.241922 2192.008703  -0.241922 -0.970296 2670.363156  0 0 1
59 
0.173648 -0.984808 2381.054682  0.984808 0.173648 2443.397722  0 0 1
60 
-0.956305 0.292372 2445.790924  -0.292372 -0.956305 2663.992644  0 0 1
61 
-0.121869 0.992546 2431.162110  -0.992546 -0.121869 2837.905252  0 0 1
62 
0.933580 -0.358368 2369.026897  0.358368 0.933580 2558.969950  0 0 1
63 
0.104528 0.994522 2561.189332  -0.994522 0.104528 2811.388643  0 0 1
64 
-0.945519 -0.325568 2849.941069  0.325568 -0.945519 2792.636499  0 0 1
65 
-0.927184 0.374607 2032.345334  -0.374607 -0.927184 2883.443075  0 0 1
66 
0.951057 -0.309017 2189.948219  0.309017 0.951057 2541.312933  0 0 1
67 
0.956305 -0.292372 2026.981067  0.292372 0.956305 2579.595967  0 0 1
68 
0.754710 -0.656059 2132.257707  0.656059 0.754710 2560.700791  0 0 1
69 
0.945519 -0.325568 1652.534031  0.325568 0.945519 2577.292130  0 0 1
70 
0.970296 -0.241922 1766.361641  0.241922 0.970296 2591.991290  0 0 1
71 
-0.544639 -0.838671 2570.415579  0.838671 -0.544639 2848.052518  0 0 1
72 
0.920505 0.390731 2080.165592  -0.390731 0.920505 2824.250657  0 0 1
73 
-0.996195 -0.087156 2651.608072  0.087156 -0.996195 3025.216518  0 0 1
74 
-0.974370 0.224951 2063.482626  -0.224951 -0.974370 3037.735608  0 0 1
75 
0.945519 0.325568 2575.679545  -0.325568 0.945519 2810.045975  0 0 1
76 
-0.681998 0.731354 2637.742052  -0.731354 -0.681998 3057.364640  0 0 1
77 
-0.275637 0.961262 1771.498983  -0.961262 -0.275637 3017.881247  0 0 1
78 
0.838671 -0.544639 2050.791679  0.544639 0.838671 2756.542568  0 0 1
79 
0.190809 0.981627 2022.117825  -0.981627 0.190809 3007.805305  0 0 1
80 
0.406737 -0.913545 1766.869598  0.913545 0.406737 2743.161515  0 0 1
81 
0.997564 0.069756 1618.445939  -0.069756 0.997564 2948.727759  0 0 1
82 
0.996195 -0.087156 1763.597567  0.087156 0.996195 2942.383678  0 0 1
83 
0.484810 -0.874620 2003.146664  0.874620 0.484810 2870.689374  0 0 1
84 
0.743145 -0.669131 2110.814953  0.669131 0.743145 2921.383246  0 0 1
85 
0.743145 0.669131 1940.255222  -0.669131 0.743145 3072.203830  0 0 1
86 
0.970296 -0.241922 2360.843085  0.241922 0.970296 2960.885141  0 0 1
87 
0.292372 -0.956305 2371.627018  0.956305 0.292372 2935.691706  0 0 1
88 
-0.998630 -0.052336 2647.891146  0.052336 -0.998630 3185.140539  0 0 1
89 
-0.390731 0.920505 2663.609846  -0.920505 -0.390731 3231.090618  0 0 1
90 
-0.978148 0.207912 2673.634097  -0.207912 -0.978148 3197.728028  0 0 1
91 
0.309017 0.951057 1578.333445  -0.951057 0.309017 3300.285818  0 0 1
92 
-0.997564 -0.069756 1898.319584  0.069756 -0.997564 3320.707066  0 0 1
93 
-0.374607 0.927184 1879.640701  -0.927184 -0.374607 3391.066519  0 0 1
94 
-0.974370 -0.224951 2453.631836  0.224951 -0.974370 3312.380066  0 0 1
95 
-0.913545 0.406737 2621.175267  -0.406737 -0.913545 3400.508934  0 0 1
96 
-0.484810 0.874620 2407.837630  -0.874620 -0.484810 3349.856491  0 0 1
97 
-0.275637 0.961262 2084.784288  -0.961262 -0.275637 3349.549543  0 0 1
98 
-0.829038 -0.559193 2183.110472  0.559193 -0.829038 3265.544350  0 0 1
99 
-0.956305 0.292372 2774.244819  -0.292372 -0.956305 3359.204610  0 0 1
100 
0.601815 0.798636 2537.226095  -0.798636 0.601815 3248.219881  0 0 1
