1 
1 0 651.766688  0 1 652.413788  0 0 1
2 
-0.258819 0.965926 843.599386  -0.965926 -0.258819 992.721273  0 0 1
3 
-0.069756 0.997564 986.591958  -0.997564 -0.069756 946.098196  0 0 1
4 
0.406737 0.913545 896.953301  -0.913545 0.406737 1123.804184  0 0 1
5 
-0.857167 -0.515038 971.166417  0.515038 -0.857167 1080.972029  0 0 1
6 
-0.999391 -0.034899 1040.452930  0.034899 -0.999391 1170.499341  0 0 1
7 
-0.848048 0.529919 807.000729  -0.529919 -0.848048 1450.425295  0 0 1
8 
-0.891007 0.453990 999.220563  -0.453990 -0.891007 1441.780994  0 0 1
9 
0.017452 0.999848 988.180824  -0.999848 0.017452 1362.179317  0 0 1
