0	1	0.9999909400939941	0
0.991442 0.130546 -417.906695
-0.130546 0.991442 -48.464191
0 0 1
0	6	0.9999622106552124	0
-0.99292 0.118785 538.160614
-0.118785 -0.99292 948.181875
0 0 1
1	2	0.999993085861206	0
-0.30374298704848574 0.9527540411327909 -249.76882096255196
-0.952754041132791 -0.3037429870484856 557.8395285294139
0 0 1
1	7	0.9999785423278809	0
-0.453606 0.891202 72.836742
-0.891202 -0.453606 1009.84988
0 0 1
2	3	0.9999892711639404	0
-0.024186 0.999707 261.928875
-0.999707 -0.024186 364.816395
0 0 1
3	5	0.9999722242355347	0
0.6 -0.8 567.2
0.8 0.6 -326.4
0 0 1
3	31	0.9999880790710449	1
0.996308 0.085854 280.465534
-0.085854 0.996308 251.155796
0 0 1
4	5	0.9999926090240479	0
-0.9989050078053586 0.046775557798671506 246.56503206665803
-0.04677555779867151 -0.9989050078053586 715.3972282590865
0 0 1
4	7	0.9999932050704956	0
-0.844238 0.535969 816.624103
-0.535969 -0.844238 729.919377
0 0 1
4	10	0.9999932050704956	0
0.783839 -0.620964 325.562322
0.620964 0.783839 182.798587
0 0 1
5	8	0.9985295534133911	0
-0.9880066172986572 0.15441280185290612 529.1021380313437
-0.1544128018529062 -0.9880066172986574 382.058204030672
0 0 1
6	7	0.9999924898147583	0
0.65584 -0.7549 742.887259
0.7549 0.65584 -89.896092
0 0 1
6	9	0.9999938011169434	0
-0.747739 0.663992 388.46553
-0.663992 -0.747739 511.64446
0 0 1
8	10	0.9999933242797852	0
0.885306 -0.465009 568.350789
0.465009 0.885306 -237.115983
0 0 1
8	15	0.9998787641525269	0
0.504883 0.863188 -23.899734
-0.863188 0.504883 726.803102
0 0 1
9	11	0.9999924898147583	0
-0.9715817956303273 -0.23670220702973663 416.4394299973935
0.23670220702973674 -0.9715817956303275 804.6582738630929
0 0 1
9	12	0.9999924898147583	0
-0.389996 -0.920817 926.752709
0.920817 -0.389996 389.055645
0 0 1
10	11	0.9999932050704956	0
-0.915552 -0.4022 1012.052437
0.4022 -0.915552 207.630372
0 0 1
10	12	0.9998792409896851	1
0.199865 0.979824 -263.523654
-0.979824 0.199865 352.319467
0 0 1
10	13	0.9999892711639404	0
0.974541 0.224211 144.117386
-0.224211 0.974541 289.111299
0 0 1
11	14	0.999983549118042	0
-0.103979 -0.99458 553.37101
0.99458 -0.103979 -233.562627
0 0 1
12	14	0.999992847442627	0
-0.873198 -0.487366 1096.252488
0.487366 -0.873198 626.688078
0 0 1
12	16	0.9999934434890747	0
0.634824 0.772657 8.454485
-0.772657 0.634824 136.471751
0 0 1
13	14	0.9999916553497314	0
-0.045288 0.998974 352.412579
-0.998974 -0.045288 442.877996
0 0 1
13	15	0.9999933242797852	0
0.297032 0.954868 -422.457674
-0.954868 0.297032 740.460868
0 0 1
13	19	0.9999923706054688	0
-0.452376 -0.891827 882.298284
0.891827 -0.452376 419.150137
0 0 1
14	18	0.9999929666519165	0
0.699794 0.714345 -367.480106
-0.714345 0.699794 453.376033
0 0 1
15	17	0.9999916553497314	0
-0.623532 -0.781797 591.019101
0.781797 -0.623532 466.934565
0 0 1
16	18	0.9999939203262329	0
-0.9052477174780733 -0.4248852673590111 825.6016262287965
0.42488526735901105 -0.9052477174780732 852.6949104573282
0 0 1
16	22	0.9999935626983643	0
-0.729733 -0.683732 1056.71155
0.683732 -0.729733 304.935183
0 0 1
17	19	0.9999667406082153	0
0.48284820475481294 -0.8757047410252236 469.85378765512144
0.8757047410252234 0.4828482047548128 -507.89655805462525
0 0 1
17	23	0.9999790191650391	0
0.704142 0.710059 162.934911
-0.710059 0.704142 333.443787
0 0 1
18	19	0.9999932050704956	0
-0.2901646460260205 0.9569768712924018 206.5649246354745
-0.9569768712924018 -0.29016464602602066 323.6368138409159
0 0 1
18	21	0.999991774559021	0
-0.765907 -0.642952 524.665141
0.642952 -0.765907 277.966327
0 0 1
19	26	0.8114182353019714	1
-0.931963 0.362554 402.155386
-0.362554 -0.931963 914.90451
0 0 1
20	21	0.9976972937583923	0
0.414768 -0.909927 837.285588
0.909927 0.414768 99.32588
0 0 1
20	23	0.9999370574951172	0
0.273703 -0.961814 203.783622
0.961814 0.273703 -254.194388
0 0 1
20	26	0.9933876991271973	0
0.961524 -0.274721 -20.250955
0.274721 0.961524 159.307325
0 0 1
21	22	0.9677994847297668	0
-0.922441 0.386138 813.902133
-0.386138 -0.922441 530.000395
0 0 1
21	25	0.999993085861206	0
-0.908381 -0.418144 888.98019
0.418144 -0.908381 696.342761
0 0 1
22	24	0.9999936819076538	0
0.9080301868912755 -0.41890437379812034 -47.997673357293934
0.41890437379812046 0.9080301868912757 -252.67570364980426
0 0 1
23	27	0.9999871253967285	0
0.050421 0.998728 167.479652
-0.998728 0.050421 817.595464
0 0 1
24	25	0.9999926090240479	0
0.3297189771346258 0.9440796177734677 -26.779108500076873
-0.9440796177734677 0.32971897713462534 137.00926424543155
0 0 1
24	30	0.9996918439865112	0
0.982447 0.186541 -311.747566
-0.186541 0.982447 30.419244
0 0 1
25	28	0.9999829530715942	0
0.692429 0.721486 -194.727333
-0.721486 0.692429 94.863639
0 0 1
26	29	0.999992847442627	0
-0.6695038641437991 0.7428083673051358 264.10638406769175
-0.7428083673051356 -0.6695038641437988 1009.8568888561308
0 0 1
27	31	0.999962568283081	0
0.999387271434446 0.035003818860416855 -157.65824953738735
-0.03500381886041662 0.9993872714344457 171.53153520788817
0 0 1
28	29	0.9999939203262329	0
0.3223293040791057 -0.9466278474019658 830.6440465386318
0.946627847401966 0.3223293040791055 146.6151354768768
0 0 1
28	30	0.9999935626983643	0
-0.30177122411539836 -0.9533809149783175 441.55620500415876
0.9533809149783178 -0.30177122411539836 -126.73173536449917
0 0 1
29	31	0.9999920129776001	0
-0.203313 -0.979114 1046.836356
0.979114 -0.203313 -163.4174
0 0 1
