1
-0.23392006009709565 0.9722558333505493 -81.48245476086555 -0.9722558333505493 -0.23392006009709565 601.5948135835893 0 0 1
2
-0.3838382758013975 0.9234003346489594 -13.278545007762489 -0.9234003346489594 -0.3838382758013975 1021.2380711754654 0 0 1
3
-0.7637711575012427 -0.6454871175857902 597.1904228531116 0.6454871175857902 -0.7637711575012427 1039.2057448926912 0 0 1
4
0.6543644988958913 -0.7561792793939338 164.88617410086772 0.7561792793939338 0.6543644988958913 932.3943596123866 0 0 1
5
0.163752103032792 0.9865015198935772 35.468079794782795 -0.9865015198935772 0.163752103032792 1267.7480616460336 0 0 1
6
-0.20153779927424334 -0.9794807376685336 781.468987432517 0.9794807376685336 -0.20153779927424334 1139.7244308986442 0 0 1
7
0.11861283776035203 -0.992940579651389 715.4078606308049 0.992940579651389 0.11861283776035203 -143.03175382399235 0 0 1
8
-0.6693148318052234 -0.7429789067837294 893.1708775642317 0.7429789067837294 -0.6693148318052234 583.2065037819425 0 0 1
9
0.35133354420502705 0.9362503621982393 301.11039823174497 -0.9362503621982393 0.35133354420502705 1581.9281322118077 0 0 1
10
0.5898888476131938 0.8074844564829581 254.64842277694294 -0.8074844564829581 0.5898888476131938 296.28338166493387 0 0 1
11
0.7292319106181105 0.6842666297111529 271.4399714736479 -0.6842666297111529 0.7292319106181105 981.4762142670527 0 0 1
12
-0.38268770898134524 -0.9238777610672362 1150.0206468256918 0.9238777610672362 -0.38268770898134524 436.1956131762572 0 0 1
13
0.5184499938081976 -0.8551079486943621 1112.7405194282312 0.8551079486943621 0.5184499938081976 -222.6592154283268 0 0 1
14
0.5280378780923203 0.8492208189274212 584.1454408626236 -0.8492208189274212 0.5280378780923203 1105.7420898897376 0 0 1
15
-0.8697684484251624 0.4934600755117738 1144.5476044510247 -0.4934600755117738 -0.8697684484251624 1040.3228132316303 0 0 1
16
-0.654166621563045 0.7563504685215656 990.9946174323978 -0.7563504685215656 -0.654166621563045 1856.5970200973293 0 0 1
17
0.9882567196195797 -0.15280267054848037 1005.1483421500349 0.15280267054848037 0.9882567196195797 -144.5621830242834 0 0 1
18
0.9991966017960521 0.040076813236855864 958.3146869443707 -0.040076813236855864 0.9991966017960521 1104.2043082953796 0 0 1
19
-0.9605777643710114 -0.2780114360884993 1689.064311748422 0.2780114360884993 -0.9605777643710114 826.4689240352513 0 0 1
20
0.5204358434073105 -0.853900774620167 1405.7091727817526 0.853900774620167 0.5204358434073105 577.0892723771248 0 0 1
21
-0.5173229385203604 0.8557902647732442 1456.6750536203185 -0.8557902647732442 -0.5173229385203604 1470.5155646638343 0 0 1
22
0.5646226234843021 0.8253491946138337 1108.0391027543021 -0.8253491946138337 0.5646226234843021 702.2146824748387 0 0 1
23
-0.8283851381251333 -0.5601589622003774 2002.49974440514 0.5601589622003774 -0.8283851381251333 319.6370548236961 0 0 1
24
0.6840801984724421 0.729406801488651 1134.4436990125669 -0.729406801488651 0.6840801984724421 1426.6404927742356 0 0 1
25
-0.9876618606481512 -0.15660156136205028 2182.597085309295 0.15660156136205028 -0.9876618606481512 503.43247666941056 0 0 1
26
-0.17310291228008706 -0.9849037423830577 2186.0361494561957 0.9849037423830577 -0.17310291228008706 362.78833187674053 0 0 1
27
-0.2544650058853653 0.9670819824501752 1600.8247165695664 -0.9670819824501752 -0.2544650058853653 1405.5596772323795 0 0 1
28
-0.6884672474518071 0.7252674328729591 1844.113540108968 -0.7252674328729591 -0.6884672474518071 1864.6363017448996 0 0 1
29
0.6163491053391987 -0.7874730346796449 2116.273029176964 0.7874730346796449 0.6163491053391987 149.56544877391352 0 0 1
30
-0.5503268931971166 -0.834949286258758 2511.4442059642474 0.834949286258758 -0.5503268931971166 896.0669670410898 0 0 1
31
-0.9380083839567446 -0.3466125670353809 2487.9325671704564 0.3466125670353809 -0.9380083839567446 420.02084886560044 0 0 1
32
-0.7112941527740682 0.7028944645033283 2076.713099311449 -0.7028944645033283 -0.7112941527740682 1860.782923380599 0 0 1
