0	1	0.998062	0
[0.9999926, 0.9999963, 0.9999981, 0.99999917, 0.99032634]-0.622833 0.782354 301.251119
-0.782354 -0.622833 471.471651
0 0 1
0	1	0.999932	0
[0.99999917, 0.99999976, 0.99999976, 0.99999976, 0.9996618]-0.606996 0.794705 295.052426
-0.794705 -0.606996 471.839803
0 0 1
0	1	0.998790	0
[0.9999951, 0.9999976, 0.9999988, 0.9999993, 0.9939599]-0.639175 0.769062 306.621949
-0.769062 -0.639175 470.016784
0 0 1
0	1	0.997539	0
[0.9999925, 0.9999964, 0.9999981, 0.99999905, 0.98770756]-0.615748 0.787943 297.179842
-0.787943 -0.615748 471.818396
0 0 1
0	1	0.999358	0
[0.9999974, 0.9999975, 0.99999917, 0.9999993, 0.99679536]-0.645770 0.763532 310.845574
-0.763532 -0.645770 469.738641
0 0 1
0	1	0.999861	0
[0.9999994, 0.99999964, 0.99999976, 0.9999999, 0.99930763]-0.593227 0.805035 291.830414
-0.805035 -0.593227 473.768164
0 0 1
0	1	0.999886	0
[0.9999982, 0.99999964, 0.99999964, 0.99999976, 0.99943346]-0.588593 0.808430 285.088439
-0.808430 -0.588593 472.748553
0 0 1
0	1	0.997631	0
[0.9999924, 0.99999666, 0.9999982, 0.9999989, 0.98816663]-0.601790 0.798654 289.180078
-0.798654 -0.601790 472.063589
0 0 1
0	3	0.999815	0
[0.9999999, 0.99999964, 0.9999999, 0.9999999, 0.9990753]-0.986862 -0.161568 560.244919
0.161568 -0.986862 364.419553
0 0 1
0	5	0.999930	0
[0.9999994, 0.9999999, 0.9999994, 0.99999833, 0.999653]-0.594867 0.803824 273.166496
-0.803824 -0.594867 476.708455
0 0 1
0	8	0.930291	0
[0.99996674, 0.9999989, 0.9999974, 0.99998605, 0.6515064]-0.102071 -0.994777 265.546902
0.994777 -0.102071 301.760962
0 0 1
0	8	0.906184	0
[0.99994755, 0.9999987, 0.9999964, 0.9999498, 0.53102964]-0.117346 -0.993091 265.806288
0.993091 -0.117346 303.459193
0 0 1
0	8	0.939461	0
[0.999969, 0.99999964, 0.99999523, 0.99999845, 0.6973438]-0.090746 -0.995874 264.090474
0.995874 -0.090746 298.157498
0 0 1
0	8	0.931186	0
[0.99996686, 0.9999989, 0.9999974, 0.99997973, 0.655988]-0.122133 -0.992514 265.794379
0.992514 -0.122133 304.149447
0 0 1
0	8	0.999805	0
[0.9999993, 0.99999976, 0.9999999, 1.0, 0.9990262]-0.095739 -0.995406 265.027870
0.995406 -0.095739 301.195807
0 0 1
0	8	0.999808	0
[0.99999917, 0.99999976, 0.9999999, 1.0, 0.99903935]-0.097030 -0.995281 264.963193
0.995281 -0.097030 301.148729
0 0 1
0	8	0.969430	0
[0.99998856, 0.99999917, 0.99999845, 0.9999989, 0.8471643]-0.085128 -0.996370 263.080259
0.996370 -0.085128 297.807945
0 0 1
0	8	0.999803	0
[0.9999994, 0.9999999, 0.9999999, 1.0, 0.9990176]-0.166958 -0.985964 268.025666
0.985964 -0.166958 310.551956
0 0 1
0	29	0.999826	0
[0.9999989, 0.9999999, 0.99999976, 1.0, 0.9991296]-0.914290 -0.405061 462.013207
0.405061 -0.914290 451.786662
0 0 1
0	29	0.999813	0
[0.99999917, 0.9999999, 0.9999999, 1.0, 0.9990652]-0.945061 -0.326893 431.492972
0.326893 -0.945061 488.940350
0 0 1
1	2	0.999808	0
[0.9999999, 1.0, 0.99999976, 0.99999964, 0.99904174]0.723697 -0.690118 5.934704
0.690118 0.723697 140.925525
0 0 1
1	2	0.999822	0
[1.0, 1.0, 0.99999964, 0.99999857, 0.9991141]0.722279 -0.691602 4.218997
0.691602 0.722279 142.332996
0 0 1
1	2	0.999802	0
[0.9999999, 1.0, 0.9999999, 0.99999654, 0.9990132]0.749029 -0.662537 -1.251664
0.662537 0.749029 147.109526
0 0 1
1	2	0.999817	0
[1.0, 1.0, 0.99999964, 0.99999654, 0.9990865]0.697625 -0.716463 11.523144
0.716463 0.697625 138.364563
0 0 1
1	2	0.999831	0
[1.0, 1.0, 0.9999995, 0.9999995, 0.9991554]0.711351 -0.702837 5.372837
0.702837 0.711351 140.205625
0 0 1
1	2	0.999830	0
[1.0, 1.0, 0.9999993, 0.99999964, 0.99915075]0.712951 -0.701214 5.162018
0.701214 0.712951 141.025451
0 0 1
1	2	0.999828	0
[0.9999999, 1.0, 0.99999976, 0.9999993, 0.9991423]0.732554 -0.680709 21.415637
0.680709 0.732554 161.788052
0 0 1
1	5	0.999910	0
[0.9999999, 0.99999976, 0.9999999, 0.99999857, 0.9995523]-0.970062 -0.242858 654.034172
0.242858 -0.970062 585.038887
0 0 1
1	5	0.999730	0
[0.9999999, 0.99999976, 0.99999976, 0.99999964, 0.9986527]1.000000 -0.000525 -138.879333
0.000525 1.000000 171.977165
0 0 1
1	5	0.999830	0
[0.99999976, 0.9999999, 0.9999999, 0.9999993, 0.9991505]0.998315 0.058026 -126.786430
-0.058026 0.998315 212.161238
0 0 1
1	6	0.999807	0
[0.99999976, 0.9999999, 0.99999964, 0.99999774, 0.9990357]0.051036 0.998697 -120.625555
-0.998697 0.051036 573.308675
0 0 1
1	7	0.999986	0
[0.9999994, 0.9999993, 0.9999995, 0.9999999, 0.9999323]0.936391 -0.350959 -132.820016
0.350959 0.936391 -223.093907
0 0 1
1	7	0.999849	0
[0.9999994, 0.9999994, 0.9999995, 0.9999999, 0.99924755]0.904568 -0.426329 -102.884883
0.426329 0.904568 -238.820152
0 0 1
1	7	0.999792	0
[0.99999845, 0.9999994, 0.99999964, 0.9999999, 0.9989605]0.910334 -0.413873 -110.678155
0.413873 0.910334 -241.452352
0 0 1
1	8	0.999827	0
[0.99999964, 0.99999976, 0.9999994, 1.0, 0.99913496]-0.679895 -0.733310 290.628064
0.733310 -0.679895 -45.349835
0 0 1
1	9	0.999811	0
[0.99999976, 0.9999999, 0.99999976, 0.99999917, 0.9990545]-0.995407 -0.095735 204.762391
0.095735 -0.995407 594.101759
0 0 1
1	9	0.999830	0
[0.99999964, 0.9999999, 0.9999999, 0.9999989, 0.9991522]0.060070 0.998194 -229.699988
-0.998194 0.060070 512.943336
0 0 1
1	9	0.999788	0
[0.9999993, 0.99999976, 0.9999999, 0.99999774, 0.99894387]-0.032694 0.999465 -135.693746
-0.999465 -0.032694 624.644086
0 0 1
1	12	0.999794	0
[0.99999917, 0.9999999, 0.99999964, 0.9999987, 0.9989749]0.580752 -0.814080 -48.976150
0.814080 0.580752 5.065604
0 0 1
1	18	0.999798	0
[0.99999964, 0.99999976, 0.9999999, 0.9999999, 0.9989901]-0.134063 -0.990973 155.395542
0.990973 -0.134063 -11.302091
0 0 1
1	18	0.999876	0
[0.99999905, 0.99999976, 0.9999994, 1.0, 0.99938226]0.661938 -0.749558 41.976427
0.749558 0.661938 -285.541425
0 0 1
1	22	0.999765	0
[0.9999969, 1.0, 0.9999999, 0.9999678, 0.99886155]0.972827 0.231532 18.067102
-0.231532 0.972827 382.231923
0 0 1
1	29	0.999832	0
[0.9999994, 0.9999999, 0.9999995, 0.9999999, 0.9991611]0.994262 0.106976 -44.207564
-0.106976 0.994262 -167.700895
0 0 1
1	34	0.999976	0
[0.99999964, 0.99999964, 0.9999999, 0.99999785, 0.99988544]-0.585702 -0.810526 655.607179
0.810526 -0.585702 451.934701
0 0 1
1	35	0.999813	0
[0.99999976, 0.9999999, 0.9999999, 0.99999917, 0.9990676]0.851050 0.525085 -215.949848
-0.525085 0.851050 302.349345
0 0 1
1	35	0.999837	0
[0.9999999, 0.9999999, 0.9999999, 0.99999976, 0.99918526]-0.929376 -0.369136 222.256984
0.369136 -0.929376 436.728792
0 0 1
1	35	0.999797	0
[0.9999999, 0.99999976, 0.99999976, 0.99999976, 0.99898726]0.881850 0.471531 -191.266061
-0.471531 0.881850 312.387892
0 0 1
1	35	0.999773	0
[0.99999976, 0.99999976, 0.9999999, 0.99999905, 0.99886465]0.840083 0.542457 -157.558745
-0.542457 0.840083 375.649376
0 0 1
2	3	0.999364	0
[0.99999917, 1.0, 0.9999999, 1.0, 0.9968208]-0.393371 0.919380 83.354361
-0.919380 -0.393371 670.614249
0 0 1
2	3	0.999663	0
[0.9999994, 1.0, 0.9999999, 1.0, 0.99831796]-0.391709 0.920089 81.994035
-0.920089 -0.391709 671.115576
0 0 1
2	3	0.999362	0
[0.99999905, 1.0, 0.9999999, 1.0, 0.9968098]-0.385506 0.922705 81.055090
-0.922705 -0.385506 670.565189
0 0 1
2	3	0.999359	0
[0.99999905, 1.0, 0.9999999, 1.0, 0.9967974]-0.385474 0.922719 81.325203
-0.922719 -0.385474 670.185782
0 0 1
2	3	0.999544	0
[0.9999993, 1.0, 0.9999999, 1.0, 0.9977187]-0.390901 0.920433 83.928090
-0.920433 -0.390901 671.303042
0 0 1
2	3	0.999723	0
[0.9999995, 1.0, 0.9999999, 1.0, 0.9986154]-0.395245 0.918576 85.730916
-0.918576 -0.395245 671.776197
0 0 1
2	3	0.999547	0
[0.99999917, 1.0, 0.9999999, 1.0, 0.9977355]-0.384323 0.923199 78.766777
-0.923199 -0.384323 669.737370
0 0 1
2	3	0.999830	0
[0.9999988, 1.0, 0.9999999, 1.0, 0.99915195]-0.403447 0.915003 87.330921
-0.915003 -0.403447 674.284368
0 0 1
2	3	0.999736	0
[0.99999964, 1.0, 0.9999999, 1.0, 0.9986828]-0.408473 0.912771 87.436959
-0.912771 -0.408473 671.739688
0 0 1
2	3	0.999821	0
[0.9999995, 1.0, 0.9999999, 1.0, 0.999108]-0.421827 0.906676 93.315179
-0.906676 -0.421827 671.655069
0 0 1
2	3	0.999818	0
[0.99999964, 1.0, 0.9999999, 1.0, 0.9990915]-0.345247 0.938512 64.048865
-0.938512 -0.345247 668.427204
0 0 1
2	3	0.999823	0
[0.9999995, 0.9999999, 0.9999999, 1.0, 0.9991172]-0.350847 0.936433 65.688955
-0.936433 -0.350847 665.091126
0 0 1
2	3	0.999850	0
[0.99999833, 1.0, 0.99999976, 1.0, 0.999253]-0.404215 0.914664 63.136045
-0.914664 -0.404215 674.249406
0 0 1
2	3	0.999819	0
[0.99999964, 1.0, 0.9999999, 1.0, 0.9990958]-0.343240 0.939248 64.598929
-0.939248 -0.343240 667.814018
0 0 1
2	3	0.999650	0
[0.99999976, 0.9999999, 0.9999999, 0.9999968, 0.99825555]0.535252 -0.844692 244.077963
0.844692 0.535252 148.728381
0 0 1
2	3	0.999777	0
[0.9999999, 0.99999976, 0.9999999, 1.0, 0.998884]-0.447336 0.894366 105.488633
-0.894366 -0.447336 681.533091
0 0 1
2	3	0.999504	0
[0.9999993, 1.0, 0.99999964, 1.0, 0.9975211]-0.326445 0.945216 50.944490
-0.945216 -0.326445 192.201831
0 0 1
2	4	0.999862	0
[0.99999976, 0.99999976, 0.99999976, 0.9999826, 0.9993303]-0.712207 -0.701969 546.479220
0.701969 -0.712207 -72.158198
0 0 1
2	4	0.999809	0
[0.99999964, 1.0, 0.99999976, 0.99999917, 0.9990459]-0.317490 -0.948262 503.230399
0.948262 -0.317490 313.383371
0 0 1
2	4	0.999860	0
[0.99999976, 0.9999999, 0.99999976, 0.99998903, 0.9993131]-0.705414 -0.708796 546.121684
0.708796 -0.705414 -74.817706
0 0 1
2	4	0.999713	0
[0.9999999, 1.0, 0.9999999, 1.0, 0.99856526]-0.316148 -0.948710 529.960715
0.948710 -0.316148 314.588434
0 0 1
2	5	0.999585	0
[0.9999995, 1.0, 0.99999976, 1.0, 0.99792683]-0.735548 -0.677473 496.818952
0.677473 -0.735548 -34.980227
0 0 1
2	5	0.999755	0
[0.9999999, 0.9999999, 0.9999999, 0.99999154, 0.9987833]0.271845 0.962341 239.839592
-0.962341 0.271845 200.311449
0 0 1
2	10	0.999350	0
[0.9999987, 0.99999964, 0.9999999, 0.9999994, 0.9967524]-0.250911 0.968010 -190.537247
-0.968010 -0.250911 443.047208
0 0 1
2	10	0.999249	0
[0.99999857, 0.99999976, 0.9999999, 0.9999995, 0.9962452]-0.254558 0.967057 -190.608427
-0.967057 -0.254558 444.604910
0 0 1
2	10	0.999247	0
[0.99999845, 0.99999976, 0.9999999, 0.9999994, 0.9962387]-0.251698 0.967806 -192.444867
-0.967806 -0.251698 444.079600
0 0 1
2	10	0.999241	0
[0.99999845, 0.99999976, 0.9999999, 0.99999964, 0.9962065]-0.242004 0.970275 -193.151858
-0.970275 -0.242004 442.066406
0 0 1
2	10	0.999227	0
[0.99999857, 0.99999976, 0.9999999, 0.99999964, 0.99613684]-0.273107 0.961984 -184.884343
-0.961984 -0.273107 447.507482
0 0 1
2	10	0.999162	0
[0.99999857, 0.99999976, 0.99999976, 0.99999976, 0.9958111]-0.237402 0.971411 -196.386007
-0.971411 -0.237402 440.417408
0 0 1
2	10	0.999313	0
[0.9999994, 0.99999976, 0.9999999, 0.99999976, 0.99656457]-0.228258 0.973601 -198.153704
-0.973601 -0.228258 438.800452
0 0 1
2	10	0.999159	0
[0.9999987, 0.99999964, 0.99999976, 0.99999976, 0.9957967]-0.236909 0.971532 -194.193504
-0.971532 -0.236909 440.058436
0 0 1
2	10	0.999909	0
[0.9999958, 0.9999999, 0.99999964, 1.0, 0.999548]-0.233353 0.972392 -199.294352
-0.972392 -0.233353 440.237845
0 0 1
2	10	0.999039	0
[0.9999988, 0.9999999, 0.9999999, 0.9999999, 0.99519867]-0.285926 0.958252 -186.663403
-0.958252 -0.285926 451.943880
0 0 1
2	10	0.999268	0
[0.9999987, 0.99999976, 0.9999999, 0.9999999, 0.9963438]-0.303174 0.952935 -175.026494
-0.952935 -0.303174 453.657842
0 0 1
2	10	0.999331	0
[0.9999987, 0.99999976, 0.9999999, 0.99999964, 0.9966581]-0.356520 0.934288 -155.236458
-0.934288 -0.356520 492.362590
0 0 1
2	15	0.999683	0
[0.9999993, 0.99999976, 0.9999999, 0.9999999, 0.99841547]-0.509589 -0.860418 199.607049
0.860418 -0.509589 29.952696
0 0 1
2	22	0.999777	0
[0.999997, 1.0, 0.9999999, 0.9999999, 0.99888605]-0.842323 0.538972 250.144562
-0.538972 -0.842323 604.744513
0 0 1
2	28	0.999748	0
[0.99999774, 1.0, 0.99999976, 1.0, 0.99874085]0.305026 -0.952344 43.684744
0.952344 0.305026 -138.383242
0 0 1
2	33	0.999772	0
[0.99999976, 0.9999999, 0.9999999, 0.99999154, 0.99886763]0.076519 -0.997068 409.729515
0.997068 0.076519 -408.839347
0 0 1
2	33	0.999720	0
[0.99999857, 0.9999995, 0.99999976, 0.99999976, 0.9986015]0.227601 -0.973755 38.468909
0.973755 0.227601 -206.149245
0 0 1
2	35	0.999876	0
[0.9999995, 1.0, 0.99999964, 0.99999964, 0.99938]-0.191895 -0.981416 418.407887
0.981416 -0.191895 -196.163905
0 0 1
3	4	0.999861	0
[1.0, 0.9999999, 0.9999999, 0.99999976, 0.99930644]-0.632732 0.774371 -79.699759
-0.774371 -0.632732 460.596329
0 0 1
3	4	0.999887	0
[1.0, 0.9999999, 0.9999999, 0.99999976, 0.99943775]-0.626192 0.779669 -81.011807
-0.779669 -0.626192 459.489337
0 0 1
3	4	0.999872	0
[1.0, 0.9999999, 0.9999999, 0.99999976, 0.9993592]-0.632623 0.774460 -79.542256
-0.774460 -0.632623 460.540818
0 0 1
3	4	0.999892	0
[1.0, 0.9999999, 0.9999999, 0.99999964, 0.9994615]-0.631776 0.775151 -79.268941
-0.775151 -0.631776 460.162333
0 0 1
3	4	0.999401	0
[1.0, 1.0, 0.9999999, 0.9999994, 0.9970066]-0.615105 0.788445 -86.844368
-0.788445 -0.615105 455.802933
0 0 1
3	4	0.999905	0
[1.0, 0.9999999, 0.9999999, 0.99999976, 0.999526]-0.642365 0.766399 -73.264770
-0.766399 -0.642365 463.726170
0 0 1
3	4	0.999784	0
[1.0, 0.9999999, 0.9999999, 0.9999993, 0.9989183]-0.593860 0.804569 -89.676057
-0.804569 -0.593860 453.087191
0 0 1
3	4	0.999585	0
[1.0, 1.0, 0.9999999, 0.99999833, 0.9979253]-0.633360 0.773857 -63.937073
-0.773857 -0.633360 439.470832
0 0 1
3	5	0.999395	0
[0.9999999, 1.0, 0.9999999, 0.99999964, 0.9969758]-0.598242 0.801316 341.625656
-0.801316 -0.598242 507.878590
0 0 1
3	5	0.999899	0
[1.0, 0.9999999, 0.9999999, 0.9999995, 0.9994935]-0.545795 0.837919 302.224571
-0.837919 -0.545795 599.099276
0 0 1
3	11	0.999516	0
[0.99999964, 0.9999989, 0.99999976, 0.9999893, 0.9975898]0.999117 -0.042018 138.552493
0.042018 0.999117 -195.515601
0 0 1
3	11	0.999527	0
[0.99999964, 0.9999989, 0.99999976, 0.9999907, 0.9976464]0.999256 -0.038559 137.612229
0.038559 0.999256 -195.204386
0 0 1
3	22	0.999787	0
[0.99999976, 1.0, 0.9999999, 0.9999995, 0.9989366]-0.190474 0.981692 294.122743
-0.981692 -0.190474 325.014857
0 0 1
4	5	0.999590	0
[0.9999999, 1.0, 0.9999999, 0.9999995, 0.9979492]-0.996206 0.087023 569.954818
-0.087023 -0.996206 307.104717
0 0 1
4	5	0.999596	0
[0.9999999, 1.0, 0.9999999, 0.99999964, 0.9979784]-0.996988 0.077562 570.363146
-0.077562 -0.996988 303.972979
0 0 1
4	5	0.999594	0
[0.9999999, 1.0, 0.9999999, 0.9999994, 0.9979691]-0.996301 0.085935 569.000674
-0.085935 -0.996301 306.087263
0 0 1
4	5	0.999644	0
[0.9999999, 1.0, 0.9999999, 0.9999995, 0.99822074]-0.994798 0.101865 568.315780
-0.101865 -0.994798 309.715848
0 0 1
4	5	0.999583	0
[0.9999999, 1.0, 0.9999999, 0.9999993, 0.99791545]-0.994845 0.101412 564.806676
-0.101412 -0.994845 310.285543
0 0 1
4	5	0.999615	0
[0.9999999, 1.0, 0.9999999, 0.99999964, 0.9980774]-0.993131 0.117011 563.046934
-0.117011 -0.993131 314.142991
0 0 1
4	5	0.999587	0
[0.9999999, 1.0, 0.9999999, 0.9999993, 0.9979347]-0.998076 0.062004 572.701954
-0.062004 -0.998076 302.974857
0 0 1
4	5	0.999633	0
[0.9999999, 1.0, 0.9999999, 0.99999905, 0.9981687]-0.993075 0.117482 565.502595
-0.117482 -0.993075 312.149345
0 0 1
4	5	0.999602	0
[0.9999999, 1.0, 0.9999999, 0.99999905, 0.9980096]-0.991835 0.127524 563.843826
-0.127524 -0.991835 314.496558
0 0 1
4	5	0.999586	0
[1.0, 1.0, 0.9999999, 0.99999976, 0.99793065]-0.999268 0.038260 575.309874
-0.038260 -0.999268 294.042907
0 0 1
4	5	0.999693	0
[1.0, 1.0, 0.9999999, 0.9999999, 0.9984641]0.970640 -0.240536 -116.623080
0.240536 0.970640 125.808004
0 0 1
4	5	0.999653	0
[0.9999999, 1.0, 0.9999999, 0.99999964, 0.99826556]-0.990210 0.139586 558.898821
-0.139586 -0.990210 318.567008
0 0 1
4	6	0.999717	0
[0.9999999, 1.0, 0.9999999, 0.9999995, 0.9985833]-0.105128 -0.994459 633.378898
0.994459 -0.105128 -20.596881
0 0 1
4	9	0.999679	0
[0.99999964, 0.99999976, 1.0, 0.99999857, 0.998396]-0.997918 0.064500 531.873783
-0.064500 -0.997918 699.520828
0 0 1
4	9	0.999692	0
[0.99999976, 0.99999976, 1.0, 0.999998, 0.99846375]-0.999554 0.029865 543.330329
-0.029865 -0.999554 689.796190
0 0 1
4	9	0.999550	0
[0.99999964, 0.99999964, 1.0, 0.99999976, 0.99775153]-0.999753 0.022234 547.878707
-0.022234 -0.999753 691.852174
0 0 1
4	9	0.999705	0
[0.99999976, 1.0, 0.9999999, 0.99999976, 0.9985259]0.247298 0.968939 -200.137304
-0.968939 0.247298 561.130853
0 0 1
4	9	0.999683	0
[0.99999976, 0.9999999, 1.0, 0.99999905, 0.99841666]-0.999983 -0.005789 550.114017
0.005789 -0.999983 678.506516
0 0 1
4	33	0.999752	0
[0.9999999, 0.9999999, 0.9999999, 0.9999993, 0.9987625]-0.651851 -0.758347 884.185183
0.758347 -0.651851 125.903746
0 0 1
4	35	0.999737	0
[0.9999999, 0.9999999, 0.9999999, 0.99999964, 0.99868435]-0.886790 -0.462173 628.458282
0.462173 -0.886790 143.477551
0 0 1
5	6	0.999424	0
[0.9999999, 0.99999976, 0.9999999, 0.99999917, 0.99712294]0.191543 0.981484 -182.948128
-0.981484 0.191543 141.069759
0 0 1
5	6	0.999703	0
[0.99999976, 1.0, 0.9999999, 0.9999999, 0.9985158]0.041111 0.999155 -166.628593
-0.999155 0.041111 188.724551
0 0 1
5	6	0.999659	0
[0.9999999, 1.0, 0.9999999, 0.99999964, 0.9982961]0.998466 -0.055364 -111.173040
0.055364 0.998466 -181.846657
0 0 1
5	6	0.999705	0
[0.99999976, 0.9999999, 0.9999999, 0.99999976, 0.9985281]-0.124597 -0.992207 530.797552
0.992207 -0.124597 -86.945585
0 0 1
5	6	0.999363	0
[0.9999999, 0.9999999, 0.9999999, 0.9999994, 0.99681467]0.084850 0.996394 -174.314483
-0.996394 0.084850 179.929491
0 0 1
5	6	0.999797	0
[0.99999976, 1.0, 0.9999999, 0.99999976, 0.9989837]0.003983 0.999992 -163.775072
-0.999992 0.003983 198.927348
0 0 1
5	30	0.999680	0
[0.9999999, 0.9999999, 0.9999999, 0.99999976, 0.998401]-0.412135 0.911123 170.525499
-0.911123 -0.412135 200.041955
0 0 1
5	33	0.999771	0
[0.99999964, 0.9999988, 0.99999976, 0.9999993, 0.99885786]-0.552815 -0.833304 742.639728
0.833304 -0.552815 -48.518244
0 0 1
6	9	0.999612	0
[0.99999964, 0.9999988, 0.9999999, 0.99999964, 0.99806184]0.125344 -0.992113 577.142350
0.992113 0.125344 119.304401
0 0 1
6	9	0.999767	0
[0.99999976, 0.99999905, 0.9999999, 0.9999995, 0.9988361]0.161046 -0.986947 572.072558
0.986947 0.161046 108.818040
0 0 1
6	9	0.999654	0
[0.99999976, 0.9999989, 0.9999999, 0.99999964, 0.9982705]0.153994 -0.988072 571.642715
0.988072 0.153994 110.868546
0 0 1
6	11	0.999632	0
[0.9999995, 1.0, 0.9999999, 0.99999964, 0.998161]0.447032 0.894518 -183.249127
-0.894518 0.447032 332.302068
0 0 1
6	12	0.999551	0
[0.99999785, 0.9999999, 0.99999964, 0.999998, 0.9977584]-0.837137 -0.546993 791.136506
0.546993 -0.837137 -103.279643
0 0 1
6	12	0.999499	0
[0.99999785, 0.9999999, 0.99999964, 0.99999833, 0.9975005]-0.841661 -0.540006 794.849714
0.540006 -0.841661 -96.923820
0 0 1
6	22	0.999788	0
[0.99999964, 1.0, 0.9999999, 0.99999905, 0.99894005]0.000586 -1.000000 504.186142
1.000000 0.000586 87.657576
0 0 1
6	22	0.999793	0
[0.9999995, 0.9999999, 0.9999999, 0.9999993, 0.9989644]0.600989 0.799257 182.388778
-0.799257 0.600989 300.472688
0 0 1
6	22	0.999756	0
[0.9999995, 1.0, 0.9999999, 0.9999993, 0.9987791]-0.007972 0.999968 274.790338
-0.999968 -0.007972 348.081923
0 0 1
6	23	0.999724	0
[0.9999995, 0.9999999, 1.0, 0.99999917, 0.99862075]0.812949 -0.582335 303.340357
0.582335 0.812949 114.394568
0 0 1
6	33	0.999693	0
[0.9999995, 0.9999999, 0.9999999, 0.99999857, 0.9984674]0.381562 0.924343 -379.876949
-0.924343 0.381562 502.706990
0 0 1
6	35	0.999785	0
[0.9999999, 0.9999999, 0.9999999, 0.99999976, 0.99892503]0.417393 -0.908726 342.477866
0.908726 0.417393 166.063729
0 0 1
6	35	0.999759	0
[0.9999995, 0.9999999, 0.9999999, 0.99999785, 0.9987984]-0.853337 -0.521360 256.878414
0.521360 -0.853337 404.047922
0 0 1
7	8	0.999797	0
[0.99999964, 0.99999964, 0.9999995, 0.99999976, 0.998988]-0.908070 0.418818 371.446456
-0.418818 -0.908070 179.647713
0 0 1
7	8	0.999763	0
[0.99999964, 0.99999917, 0.9999993, 0.9999999, 0.9988186]-0.910636 0.413209 370.810494
-0.413209 -0.910636 178.928008
0 0 1
7	8	0.999740	0
[0.9999995, 0.99999857, 0.99999917, 0.9999994, 0.998703]-0.906735 0.421700 368.216826
-0.421700 -0.906735 183.088597
0 0 1
7	8	0.999767	0
[0.9999995, 0.99999917, 0.99999976, 0.99999976, 0.99883515]-0.903263 0.429087 371.794015
-0.429087 -0.903263 180.053759
0 0 1
7	8	0.999953	0
[0.9999994, 0.99999976, 0.9999994, 0.9999999, 0.99976844]0.751436 -0.659806 -96.487333
0.659806 0.751436 -179.116190
0 0 1
7	10	0.999742	0
[0.9999995, 0.99999976, 0.99999964, 0.9999999, 0.9987097]0.109850 0.993948 -82.221803
-0.993948 0.109850 642.149027
0 0 1
7	10	0.999741	0
[0.99999964, 0.99999976, 0.99999964, 0.99999976, 0.99870646]0.089074 0.996025 -72.489508
-0.996025 0.089074 648.235376
0 0 1
7	10	0.999757	0
[0.9999995, 0.99999976, 0.99999964, 0.9999999, 0.99878794]0.127447 0.991845 -87.523381
-0.991845 0.127447 638.327567
0 0 1
7	10	0.999701	0
[0.99999976, 0.9999999, 0.9999999, 1.0, 0.9985061]0.999720 -0.023656 -134.329046
0.023656 0.999720 227.416805
0 0 1
7	16	0.999991	0
[0.9999993, 0.9999995, 0.99999976, 1.0, 0.9999572]0.483984 -0.875077 -21.223375
0.875077 0.483984 -225.528331
0 0 1
7	16	0.999993	0
[0.9999993, 0.9999995, 0.99999976, 1.0, 0.9999677]0.486016 -0.873950 -22.085694
0.873950 0.486016 -224.967932
0 0 1
7	16	0.999993	0
[0.9999993, 0.9999994, 0.99999976, 1.0, 0.99996626]0.473020 -0.881052 -17.069376
0.881052 0.473020 -225.875157
0 0 1
7	16	0.999994	0
[0.9999993, 0.9999994, 0.99999976, 1.0, 0.9999739]0.465223 -0.885194 -14.371245
0.885194 0.465223 -230.495732
0 0 1
7	16	0.999786	0
[0.99999917, 0.99999964, 0.9999995, 1.0, 0.99893135]-0.461112 0.887342 392.444904
-0.887342 -0.461112 659.167470
0 0 1
7	17	0.999799	0
[0.9999995, 0.9999999, 0.99999976, 1.0, 0.99899715]0.936567 -0.350488 -95.948852
0.350488 0.936567 162.955624
0 0 1
7	17	0.999774	0
[0.9999995, 0.99999976, 0.9999999, 0.9999999, 0.9988686]0.951754 -0.306862 -102.241610
0.306862 0.951754 170.402415
0 0 1
7	17	0.999749	0
[0.9999993, 0.99999964, 0.9999999, 1.0, 0.9987471]0.945799 -0.324753 -19.015098
0.324753 0.945799 192.956199
0 0 1
7	18	0.999796	0
[0.9999994, 0.9999999, 0.9999999, 1.0, 0.99898165]-0.690959 0.722894 427.154329
-0.722894 -0.690959 356.706303
0 0 1
7	18	0.999753	0
[0.99999976, 0.9999999, 0.9999999, 1.0, 0.99876463]0.281229 -0.959641 75.711855
0.959641 0.281229 -8.554136
0 0 1
7	18	0.999770	0
[0.99999785, 0.99999964, 0.99999976, 1.0, 0.9988525]-0.555775 -0.831332 289.595174
0.831332 -0.555775 -82.255869
0 0 1
7	18	0.999877	0
[0.99999964, 0.9999999, 0.99999976, 1.0, 0.999387]-0.124804 0.992181 283.520331
-0.992181 -0.124804 422.603442
0 0 1
7	20	0.999823	0
[0.9999994, 0.9999999, 0.9999995, 1.0, 0.99911803]-0.663914 -0.747809 394.688495
0.747809 -0.663914 422.025358
0 0 1
7	28	0.999750	0
[0.99999976, 0.9999999, 0.99999964, 1.0, 0.9987519]0.999364 -0.035658 -88.522842
0.035658 0.999364 169.057642
0 0 1
7	28	0.999672	0
[0.9999999, 0.9999999, 0.9999999, 0.9999994, 0.9983631]-0.997118 -0.075866 349.750734
0.075866 -0.997118 656.650516
0 0 1
7	29	0.999836	0
[0.99999964, 0.9999999, 0.9999999, 1.0, 0.99918026]-0.709151 0.705057 121.327174
-0.705057 -0.709151 606.201124
0 0 1
8	16	0.999788	0
[0.99999976, 0.9999999, 0.99999976, 1.0, 0.9989411]0.905770 -0.423770 197.526601
0.423770 0.905770 -5.482987
0 0 1
8	17	0.999799	0
[0.99999905, 0.9999999, 0.9999999, 1.0, 0.998998]0.998397 0.056606 294.175714
-0.056606 0.998397 -21.533844
0 0 1
8	17	0.999799	0
[0.99999917, 0.9999999, 0.9999999, 1.0, 0.9989967]0.999267 0.038271 296.661625
-0.038271 0.999267 -23.296914
0 0 1
8	17	0.999792	0
[0.99999905, 0.9999999, 0.9999999, 1.0, 0.9989611]0.998657 0.051815 294.339138
-0.051815 0.998657 -22.990318
0 0 1
8	17	0.999806	0
[0.9999995, 0.99999964, 0.99999976, 1.0, 0.9990294]-0.999831 -0.018392 284.317174
0.018392 -0.999831 85.633068
0 0 1
8	17	0.999877	0
[0.9999995, 0.9999999, 0.9999994, 1.0, 0.9993868]-0.996134 -0.087848 379.951372
0.087848 -0.996134 54.367408
0 0 1
8	17	0.999790	0
[0.99999833, 0.99999976, 0.9999995, 0.9999999, 0.9989518]0.313157 -0.949702 10.598084
0.949702 0.313157 -124.300268
0 0 1
8	18	0.999752	0
[0.99999964, 0.9999999, 0.99999976, 1.0, 0.99876034]-0.997227 -0.074425 512.158996
0.074425 -0.997227 116.046048
0 0 1
8	18	0.999873	0
[0.9999995, 0.9999999, 0.9999999, 1.0, 0.9993641]-0.452139 0.891947 356.069823
-0.891947 -0.452139 347.639641
0 0 1
8	18	0.999753	0
[0.99999964, 0.9999999, 0.9999999, 1.0, 0.9987657]-0.990926 0.134407 471.932873
-0.134407 -0.990926 157.551209
0 0 1
8	18	0.999735	0
[0.99999964, 0.9999999, 0.9999999, 1.0, 0.9986759]-0.369112 0.929385 332.326843
-0.929385 -0.369112 373.870058
0 0 1
8	18	0.999815	0
[0.99999857, 0.9999999, 0.9999999, 1.0, 0.9990742]-0.060658 -0.998159 142.867179
0.998159 -0.060658 -122.718362
0 0 1
8	18	0.999731	0
[0.9999995, 0.9999995, 0.99999964, 1.0, 0.9986552]-0.530010 0.847992 181.053046
-0.847992 -0.530010 140.011614
0 0 1
8	18	0.999797	0
[0.9999995, 0.9999999, 0.9999999, 1.0, 0.9989844]-0.499661 0.866221 374.464093
-0.866221 -0.499661 365.011841
0 0 1
8	19	0.999851	0
[0.9999994, 0.99999976, 0.99999964, 1.0, 0.9992539]0.995152 -0.098349 -15.242902
0.098349 0.995152 -239.609730
0 0 1
8	19	0.999835	0
[0.99999905, 0.9999999, 0.99999964, 1.0, 0.9991767]0.071245 -0.997459 590.854972
0.997459 0.071245 -91.617252
0 0 1
8	26	0.999781	0
[0.9999994, 0.99999964, 0.99999964, 1.0, 0.9989047]-0.128462 0.991714 -114.900144
-0.991714 -0.128462 117.052803
0 0 1
8	26	0.999777	0
[0.99999976, 0.9999999, 0.99999964, 1.0, 0.9988865]-0.141164 0.989986 -67.207561
-0.989986 -0.141164 112.388345
0 0 1
8	28	0.999781	0
[0.99999976, 0.9999989, 0.9999989, 1.0, 0.9989073]-0.475649 0.879635 57.215944
-0.879635 -0.475649 204.457464
0 0 1
8	29	0.999890	0
[0.9999987, 1.0, 0.99999964, 1.0, 0.9994506]0.396331 0.918108 -240.862539
-0.918108 0.396331 175.219300
0 0 1
8	29	0.999768	0
[0.9999995, 0.9999999, 0.99999976, 1.0, 0.99883956]0.498802 -0.866716 435.202385
0.866716 0.498802 -218.341099
0 0 1
8	29	0.999818	0
[0.9999982, 0.9999999, 0.9999999, 1.0, 0.9990897]-0.829653 -0.558279 641.848226
0.558279 -0.829653 292.312813
0 0 1
8	33	0.999784	0
[0.9999995, 0.9999999, 0.99999976, 1.0, 0.9989188]-0.796575 -0.604539 434.829577
0.604539 -0.796575 -77.894568
0 0 1
9	11	0.999408	0
[0.99999905, 0.9999999, 0.99999976, 0.99999905, 0.99704176]0.622373 0.782721 170.173054
-0.782721 0.622373 106.679323
0 0 1
9	11	0.999569	0
[0.9999999, 1.0, 0.9999999, 0.9999993, 0.9978448]0.893929 -0.448208 58.410920
0.448208 0.893929 -149.442567
0 0 1
9	11	0.999448	0
[0.99999917, 1.0, 0.99999976, 0.99999857, 0.99724305]0.638196 0.769874 168.155501
-0.769874 0.638196 104.116476
0 0 1
9	11	0.999346	0
[0.99999976, 1.0, 0.9999999, 0.99999475, 0.99673444]0.708015 -0.706198 120.067099
0.706198 0.708015 -153.142363
0 0 1
9	11	0.999647	0
[0.99999976, 1.0, 0.9999999, 0.99999917, 0.9982362]-0.895894 0.444268 109.507675
-0.444268 -0.895894 279.461555
0 0 1
9	11	0.999375	0
[0.99999976, 1.0, 0.9999999, 0.9999988, 0.9968741]0.598970 0.800772 172.303949
-0.800772 0.598970 109.730919
0 0 1
9	12	0.999695	0
[0.99999905, 0.9999999, 0.9999999, 0.99999917, 0.99847835]0.841949 0.539557 -95.187804
-0.539557 0.841949 482.675687
0 0 1
9	12	0.999606	0
[0.999998, 1.0, 0.9999999, 0.9999981, 0.99803597]-0.636935 0.770918 66.526843
-0.770918 -0.636935 225.493814
0 0 1
9	12	0.999641	0
[0.99999917, 0.99999976, 0.99999976, 0.99999654, 0.99821115]0.413356 -0.910570 -63.114500
0.910570 0.413356 -76.315168
0 0 1
9	13	0.999857	0
[0.99999964, 0.9999999, 0.9999999, 0.9999956, 0.9992913]-0.014556 -0.999894 278.525144
0.999894 -0.014556 -270.530967
0 0 1
9	13	0.999855	0
[0.9999995, 0.9999999, 0.9999999, 0.9999981, 0.99927646]-0.064808 -0.997898 297.630575
0.997898 -0.064808 -260.421461
0 0 1
9	13	0.999942	0
[0.99999976, 0.9999999, 0.9999999, 0.9999968, 0.9997142]0.005173 -0.999987 268.411298
0.999987 0.005173 -274.895136
0 0 1
9	13	0.999528	0
[0.9999995, 1.0, 0.9999999, 0.9999993, 0.9976398]-0.064554 -0.997914 293.841040
0.997914 -0.064554 -263.603655
0 0 1
9	13	0.999607	0
[0.9999995, 1.0, 0.9999999, 0.9999987, 0.99803764]-0.000287 -1.000000 275.210378
1.000000 -0.000287 -267.268195
0 0 1
9	21	0.999555	0
[0.99999976, 1.0, 1.0, 0.9999994, 0.99777573]0.783010 0.622009 -122.883138
-0.622009 0.783010 11.800631
0 0 1
9	21	0.999598	0
[0.99999976, 1.0, 0.9999999, 0.9999993, 0.99798965]0.806473 0.591271 -161.624705
-0.591271 0.806473 29.348544
0 0 1
9	22	0.999688	0
[0.9999999, 1.0, 0.9999999, 0.9999999, 0.9984383]0.386081 0.922465 198.196720
-0.922465 0.386081 391.935885
0 0 1
9	22	0.999638	0
[0.9999999, 1.0, 0.9999999, 0.9999999, 0.9981919]-0.446816 -0.894626 266.032557
0.894626 -0.446816 -27.372357
0 0 1
9	22	0.999687	0
[0.9999995, 1.0, 0.9999999, 0.99999964, 0.9984382]-0.019962 0.999801 293.628158
-0.999801 -0.019962 385.612701
0 0 1
9	22	0.999582	0
[0.99999964, 1.0, 0.9999999, 0.99999774, 0.9979146]0.000001 1.000000 15.604604
-1.000000 0.000001 167.092926
0 0 1
9	23	0.999641	0
[0.99999976, 1.0, 0.9999999, 0.99999976, 0.9982034]0.395196 0.918597 -66.231718
-0.918597 0.395196 136.681895
0 0 1
9	23	0.999701	0
[0.9999993, 0.9999999, 0.9999999, 0.99998915, 0.9985171]-0.999968 -0.008043 114.264005
0.008043 -0.999968 257.419751
0 0 1
9	23	0.999619	0
[0.99999976, 1.0, 0.99999964, 0.9999999, 0.9980956]-0.625475 -0.780244 224.951738
0.780244 -0.625475 55.588168
0 0 1
9	35	0.999707	0
[0.99999964, 0.9999999, 0.9999999, 0.99999964, 0.99853575]-0.522900 0.852394 -104.421724
-0.852394 -0.522900 351.468511
0 0 1
9	35	0.999796	0
[0.9999999, 0.99999964, 0.9999999, 0.99999964, 0.99898297]-0.539002 0.842305 331.814136
-0.842305 -0.539002 574.903724
0 0 1
9	35	0.999701	0
[0.99999964, 0.9999999, 0.9999999, 0.99999917, 0.9985044]-0.650811 0.759239 -52.448911
-0.759239 -0.650811 381.617099
0 0 1
10	11	0.999883	0
[0.99999976, 1.0, 0.9999999, 1.0, 0.9994136]0.996692 0.081269 -175.100494
-0.081269 0.996692 -9.150325
0 0 1
10	11	0.999427	0
[0.99999964, 0.9999999, 0.9999999, 0.9999981, 0.99713695]0.998260 0.058963 -170.209865
-0.058963 0.998260 -17.516746
0 0 1
10	15	0.998730	0
[0.99999976, 0.99999976, 0.9999999, 1.0, 0.99365187]-0.872400 0.488793 329.515794
-0.488793 -0.872400 205.460418
0 0 1
10	15	0.998369	0
[0.99999976, 0.99999976, 0.9999999, 1.0, 0.9918474]-0.872701 0.488255 329.754297
-0.488255 -0.872701 206.189612
0 0 1
10	15	0.999754	0
[0.99999976, 0.9999999, 0.9999999, 1.0, 0.9987686]-0.869131 0.494583 329.261729
-0.494583 -0.869131 205.551280
0 0 1
10	15	0.998474	0
[0.99999976, 0.99999976, 0.9999999, 1.0, 0.99236906]-0.880478 0.474087 332.804011
-0.474087 -0.880478 204.671693
0 0 1
10	15	0.997932	0
[0.99999964, 0.99999976, 0.99999976, 1.0, 0.98966205]-0.876774 0.480903 332.226699
-0.480903 -0.876774 205.565846
0 0 1
10	15	0.998339	0
[0.99999976, 0.99999976, 0.9999999, 1.0, 0.9916958]-0.868940 0.494917 328.404629
-0.494917 -0.868940 208.000466
0 0 1
10	15	0.998834	0
[0.99999976, 0.9999999, 0.9999999, 1.0, 0.9941711]-0.883337 0.468738 333.442087
-0.468738 -0.883337 205.456291
0 0 1
10	15	0.999630	0
[0.9999999, 0.99999976, 0.9999999, 0.9999999, 0.9981499]-0.860854 0.508852 325.512653
-0.508852 -0.860854 206.838762
0 0 1
10	15	0.999642	0
[0.9999999, 0.99999976, 0.9999999, 0.9999999, 0.99821246]-0.866431 0.499298 328.058887
-0.499298 -0.866431 204.411176
0 0 1
10	15	0.998563	0
[0.99999976, 0.99999976, 0.9999999, 1.0, 0.9928175]-0.857658 0.514221 324.818353
-0.514221 -0.857658 212.852275
0 0 1
10	15	0.998601	0
[0.99999976, 0.99999976, 0.9999999, 1.0, 0.9930066]-0.858382 0.513011 323.499502
-0.513011 -0.858382 213.356272
0 0 1
10	15	0.998541	0
[0.99999976, 0.9999999, 0.9999999, 1.0, 0.99270517]-0.854190 0.519960 324.265924
-0.519960 -0.854190 214.809065
0 0 1
10	15	0.999661	0
[1.0, 1.0, 0.9999999, 1.0, 0.9983065]-0.899669 0.436574 342.168260
-0.436574 -0.899669 198.698736
0 0 1
10	15	0.999187	0
[0.99999976, 0.9999999, 0.9999999, 1.0, 0.9959363]-0.889171 0.457575 334.353045
-0.457575 -0.889171 206.112121
0 0 1
10	15	0.999755	0
[0.99999976, 0.99999976, 0.9999999, 1.0, 0.9987746]-0.798358 0.602184 355.155187
-0.602184 -0.798358 217.826779
0 0 1
10	18	0.999736	0
[0.99999964, 0.9999999, 0.99999976, 1.0, 0.9986786]-0.993827 0.110943 551.411443
-0.110943 -0.993827 176.093330
0 0 1
10	18	0.999828	0
[0.9999987, 0.99999976, 0.99999917, 1.0, 0.9991429]0.853736 0.520706 136.080951
-0.520706 0.853736 345.604781
0 0 1
10	19	0.999761	0
[0.9999994, 0.9999999, 0.99999964, 1.0, 0.9988079]-0.570282 -0.821449 611.673751
0.821449 -0.570282 -79.498205
0 0 1
10	22	0.999464	0
[0.99999976, 1.0, 0.9999999, 0.9999993, 0.99731964]0.897263 0.441497 -111.867654
-0.441497 0.897263 295.091949
0 0 1
10	22	0.999643	0
[0.9999994, 1.0, 0.9999999, 0.9999995, 0.9982153]-0.758751 -0.651381 213.600946
0.651381 -0.758751 -38.330664
0 0 1
10	23	0.999841	0
[0.9999999, 1.0, 0.99999976, 0.9999999, 0.99920315]-0.369007 0.929427 -92.701524
-0.929427 -0.369007 292.288506
0 0 1
11	12	0.999804	0
[0.99999917, 0.9999999, 0.9999995, 0.9999976, 0.99902236]-0.524696 -0.851290 302.822334
0.851290 -0.524696 -195.269219
0 0 1
11	14	0.998948	0
[1.0, 1.0, 0.9999999, 0.99999976, 0.99474055]-0.568697 -0.822547 550.536858
0.822547 -0.568697 36.450281
0 0 1
11	21	0.999390	0
[0.9999999, 0.9999999, 0.99999976, 0.9999949, 0.996956]-0.143075 -0.989712 466.990788
0.989712 -0.143075 64.715969
0 0 1
11	21	0.999020	0
[0.9999999, 0.9999999, 0.9999999, 0.99999833, 0.9951024]0.965241 -0.261361 207.305037
0.261361 0.965241 -27.864187
0 0 1
11	21	0.999397	0
[0.9999999, 0.9999999, 0.9999995, 0.9999851, 0.9969997]-0.180447 -0.983585 470.064014
0.983585 -0.180447 67.119681
0 0 1
11	21	0.999032	0
[1.0, 1.0, 0.9999999, 0.9999995, 0.99515873]0.181828 -0.983330 424.570334
0.983330 0.181828 -68.209049
0 0 1
11	21	0.998899	0
[0.9999999, 0.9999999, 0.9999999, 0.9999918, 0.9945028]0.948725 -0.316103 218.069095
0.316103 0.948725 -20.894736
0 0 1
11	21	0.998747	0
[0.9999995, 0.9999999, 0.9999999, 0.9999987, 0.99373615]0.992011 -0.126153 184.066814
0.126153 0.992011 -120.105453
0 0 1
11	21	0.999219	0
[0.9999999, 1.0, 0.9999999, 0.9999908, 0.99610645]-0.025047 -0.999686 456.374012
0.999686 -0.025047 -51.481848
0 0 1
11	21	0.998758	0
[0.99999964, 0.9999999, 0.9999999, 0.9999994, 0.99379224]0.996597 -0.082427 174.529893
0.082427 0.996597 -103.971336
0 0 1
11	21	0.998749	0
[0.99999976, 0.9999999, 0.9999999, 0.99999964, 0.99374604]0.999215 0.039604 152.291734
-0.039604 0.999215 -89.283344
0 0 1
11	21	0.998753	0
[0.9999999, 0.9999999, 0.9999999, 0.99999964, 0.9937651]0.997070 -0.076497 174.056642
0.076497 0.997070 -92.225123
0 0 1
11	21	0.998560	0
[0.9999999, 0.9999999, 0.9999999, 0.99999964, 0.9928019]1.000000 -0.000355 159.078561
0.000355 1.000000 -82.018010
0 0 1
11	21	0.999279	0
[0.9999999, 0.9999999, 0.9999999, 0.99999523, 0.9963982]-0.316868 -0.948470 516.060069
0.948470 -0.316868 9.515235
0 0 1
11	21	0.998837	0
[0.99999976, 0.9999999, 0.9999999, 0.9999993, 0.99418515]0.999998 -0.001743 158.838676
0.001743 0.999998 -101.892907
0 0 1
11	21	0.999352	0
[0.99999976, 1.0, 0.9999999, 0.99994445, 0.99681526]-0.949130 0.314885 228.086696
-0.314885 -0.949130 538.645851
0 0 1
11	21	0.998459	0
[1.0, 1.0, 0.9999999, 0.9999988, 0.9922935]-0.000156 -1.000000 451.083819
1.000000 -0.000156 12.494931
0 0 1
11	21	0.998459	0
[1.0, 1.0, 0.9999999, 0.9999988, 0.9922935]-0.000156 -1.000000 451.083819
1.000000 -0.000156 12.494931
0 0 1
11	21	0.998463	0
[0.9999999, 1.0, 0.9999999, 0.9999995, 0.9923171]0.990093 -0.140417 189.928862
0.140417 0.990093 -60.381192
0 0 1
11	21	0.999492	0
[0.9999999, 1.0, 0.9999999, 0.99999523, 0.99746513]0.140887 0.990026 -232.984236
-0.990026 0.140887 305.195332
0 0 1
11	21	0.999390	0
[0.9999999, 1.0, 0.9999999, 0.9999933, 0.99695516]-0.989598 0.143863 270.667501
-0.143863 -0.989598 519.517255
0 0 1
11	21	0.999361	0
[1.0, 0.9999999, 0.9999999, 0.99999654, 0.99681085]-0.412052 -0.911160 469.636052
0.911160 -0.412052 181.818787
0 0 1
11	21	0.999424	0
[0.9999999, 1.0, 0.9999999, 0.9999989, 0.9971239]0.071465 0.997443 -220.793101
-0.997443 0.071465 308.810483
0 0 1
11	21	0.999287	0
[0.9999999, 1.0, 0.9999999, 0.9999708, 0.9964659]-0.920246 0.391341 199.137541
-0.391341 -0.920246 539.943643
0 0 1
11	21	0.999218	0
[0.9999999, 1.0, 0.9999999, 0.9999995, 0.9960932]0.293250 -0.956036 398.746536
0.956036 0.293250 -121.295197
0 0 1
11	21	0.999262	0
[0.99999976, 1.0, 0.99999976, 0.9999999, 0.9963082]-0.446383 -0.894842 258.297244
0.894842 -0.446383 275.866925
0 0 1
11	21	0.998836	0
[0.9999994, 0.9999999, 0.9999999, 0.999997, 0.99418205]0.996410 -0.084665 176.484790
0.084665 0.996410 -128.778896
0 0 1
11	21	0.999412	0
[1.0, 1.0, 0.9999999, 0.9999987, 0.99706346]0.079273 0.996853 -221.429896
-0.996853 0.079273 307.065742
0 0 1
11	21	0.999143	0
[1.0, 1.0, 0.9999999, 0.9999962, 0.99571687]0.003212 -0.999995 451.537241
0.999995 0.003212 -49.797385
0 0 1
11	21	0.999317	0
[1.0, 0.9999999, 0.9999999, 0.99999726, 0.9965867]-0.393773 -0.919208 468.318324
0.919208 -0.393773 178.473427
0 0 1
11	21	0.999410	0
[0.9999999, 1.0, 0.9999999, 0.9999994, 0.99704957]0.250330 0.968161 -242.475556
-0.968161 0.250330 276.499537
0 0 1
11	21	0.999066	0
[1.0, 0.9999999, 0.9999999, 0.99999964, 0.99533]-0.002362 -0.999997 449.233651
0.999997 -0.002362 27.201871
0 0 1
11	21	0.999257	0
[0.99999976, 1.0, 0.9999999, 0.9999994, 0.9962859]0.000416 -1.000000 455.409239
1.000000 0.000416 -80.255357
0 0 1
11	22	0.999476	0
[1.0, 1.0, 0.9999999, 0.99999964, 0.99737835]0.167846 -0.985813 62.402275
0.985813 0.167846 5.506324
0 0 1
11	22	0.999487	0
[1.0, 1.0, 0.9999999, 0.9999987, 0.9974375]-0.003195 0.999995 122.772795
-0.999995 -0.003195 405.265745
0 0 1
11	22	0.999559	0
[0.9999999, 1.0, 0.9999999, 0.9999732, 0.9978231]-0.999021 -0.044237 378.837708
0.044237 -0.999021 102.430456
0 0 1
11	22	0.999390	0
[1.0, 1.0, 0.9999999, 0.9999988, 0.99695]0.003252 0.999995 119.257232
-0.999995 0.003252 414.116202
0 0 1
11	22	0.999472	0
[0.9999999, 1.0, 0.9999999, 0.9999995, 0.9973629]0.950890 -0.309530 -88.822407
0.309530 0.950890 129.373139
0 0 1
11	22	0.999505	0
[1.0, 1.0, 0.9999999, 0.99999976, 0.99752337]-0.004027 0.999992 121.592485
-0.999992 -0.004027 424.574843
0 0 1
11	22	0.999545	0
[0.99999976, 1.0, 0.9999999, 0.9999542, 0.9977704]-0.914839 0.403818 311.289974
-0.403818 -0.914839 170.353923
0 0 1
11	22	0.999508	0
[0.99999976, 1.0, 0.9999999, 0.9999999, 0.9975414]0.999999 0.001698 -115.231358
-0.001698 0.999999 174.008632
0 0 1
11	22	0.999468	0
[0.9999999, 0.9999999, 0.9999999, 0.9999894, 0.9973521]-0.966417 0.256981 341.109591
-0.256981 -0.966417 151.161896
0 0 1
11	22	0.999639	0
[0.9999999, 1.0, 1.0, 0.99999976, 0.99819356]-0.699344 -0.714785 267.278101
0.714785 -0.699344 -30.583211
0 0 1
11	22	0.999506	0
[0.9999999, 1.0, 1.0, 0.99999833, 0.99753237]0.059929 -0.998203 108.132833
0.998203 0.059929 -53.166650
0 0 1
11	22	0.999550	0
[0.9999999, 1.0, 1.0, 0.9999888, 0.99776304]-0.891189 -0.453631 327.407224
0.453631 -0.891189 16.023366
0 0 1
11	22	0.999473	0
[0.99999964, 1.0, 0.9999999, 0.9999994, 0.99736565]0.718376 -0.695655 -44.142396
0.695655 0.718376 58.513914
0 0 1
11	22	0.999320	0
[0.9999999, 1.0, 0.9999999, 0.99999857, 0.996603]-0.502829 -0.864386 491.348581
0.864386 -0.502829 -20.917021
0 0 1
11	22	0.999386	0
[0.9999999, 0.9999999, 0.9999999, 0.99999905, 0.996929]0.771567 -0.636148 245.992582
0.636148 0.771567 -94.337318
0 0 1
11	22	0.999512	0
[0.9999999, 1.0, 0.9999999, 0.9999999, 0.9975598]-0.000907 -1.000000 92.860098
1.000000 -0.000907 -8.499344
0 0 1
11	22	0.999387	0
[0.9999999, 1.0, 0.9999999, 0.999977, 0.99695957]-0.706959 -0.707255 512.392506
0.707255 -0.706959 103.665316
0 0 1
11	22	0.999688	0
[0.9999999, 1.0, 0.9999999, 0.9999995, 0.9984394]-0.344916 0.938633 222.751818
-0.938633 -0.344916 286.474486
0 0 1
11	22	0.999451	0
[1.0, 1.0, 0.9999999, 0.99999976, 0.9972574]-0.445731 0.895167 245.719274
-0.895167 -0.445731 296.990345
0 0 1
11	22	0.999304	0
[0.99999785, 1.0, 0.9999999, 0.99999666, 0.99652594]0.894899 -0.446269 191.657868
0.446269 0.894899 -180.681434
0 0 1
11	22	0.999616	0
[0.99999976, 1.0, 0.9999999, 0.99999917, 0.9980811]-0.445826 0.895120 239.745154
-0.895120 -0.445826 377.732494
0 0 1
11	22	0.999653	0
[0.9999999, 1.0, 0.9999999, 0.99999475, 0.99826765]-0.381132 0.924521 228.158231
-0.924521 -0.381132 376.185923
0 0 1
11	22	0.999538	0
[0.9999999, 1.0, 0.9999999, 0.9999937, 0.99769634]0.744519 0.667601 -28.008356
-0.667601 0.744519 -17.991892
0 0 1
11	22	0.999483	0
[0.9999999, 1.0, 0.9999999, 0.99999726, 0.9974195]-0.451391 0.892326 247.867967
-0.892326 -0.451391 265.882234
0 0 1
11	22	0.999398	0
[0.99999964, 1.0, 0.9999999, 0.9999974, 0.9969932]0.867541 -0.497366 202.180935
0.497366 0.867541 -109.736155
0 0 1
11	22	0.999870	0
[0.99999976, 1.0, 0.9999999, 0.99999833, 0.9993524]-0.218456 0.975847 184.291380
-0.975847 -0.218456 408.288749
0 0 1
11	22	0.999612	0
[0.99999964, 0.9999999, 0.9999995, 0.99999785, 0.99806136]0.634146 -0.773213 281.954993
0.773213 0.634146 -29.677123
0 0 1
11	22	0.999436	0
[0.99999964, 0.9999999, 0.9999999, 0.9999982, 0.9971802]0.867385 -0.497638 202.504225
0.497638 0.867385 -106.233709
0 0 1
11	22	0.999614	0
[0.9999993, 0.9999999, 0.9999994, 0.9999945, 0.9980751]-0.535874 0.844298 56.407559
-0.844298 -0.535874 541.623434
0 0 1
11	22	0.999348	0
[0.9999999, 1.0, 0.9999999, 0.9999993, 0.99674314]0.775665 -0.631144 245.787722
0.631144 0.775665 -89.943280
0 0 1
11	22	0.999371	0
[0.9999994, 1.0, 0.9999999, 0.99999964, 0.9968569]0.625862 -0.779934 287.900545
0.779934 0.625862 -133.904969
0 0 1
11	22	0.999518	0
[0.9999999, 1.0, 0.9999999, 0.99998546, 0.99760485]0.758025 0.652226 -29.311209
-0.652226 0.758025 -23.179247
0 0 1
11	22	0.999476	0
[0.9999999, 1.0, 0.9999999, 0.9999417, 0.99743927]0.790718 0.612180 -25.640818
-0.612180 0.790718 -34.650775
0 0 1
11	22	0.999432	0
[0.9999999, 0.9999999, 0.9999999, 0.999997, 0.9971637]-0.694828 -0.719176 491.685053
0.719176 -0.694828 170.873811
0 0 1
11	23	0.999418	0
[0.9999995, 1.0, 0.9999999, 0.99999654, 0.9970926]0.317116 -0.948387 353.850892
0.948387 0.317116 -76.240000
0 0 1
11	23	0.999403	0
[0.99999964, 1.0, 0.9999999, 0.9999993, 0.9970161]-0.216691 0.976240 196.826937
-0.976240 -0.216691 278.907267
0 0 1
11	23	0.999307	0
[0.9999999, 1.0, 0.9999999, 0.9999987, 0.9965373]0.001107 0.999999 -123.155437
-0.999999 0.001107 233.878258
0 0 1
11	23	0.999461	0
[0.9999995, 1.0, 0.9999999, 0.9999993, 0.9973073]0.316614 -0.948554 354.882660
0.948554 0.316614 -82.922985
0 0 1
11	23	0.999814	0
[0.99999976, 0.9999999, 0.9999999, 0.9999993, 0.99906904]0.000962 1.000000 156.280978
-1.000000 0.000962 341.000881
0 0 1
11	23	0.999912	0
[0.9999999, 0.9999999, 0.9999999, 0.9999999, 0.9995623]-0.317026 0.948417 -86.066333
-0.948417 -0.317026 271.558037
0 0 1
11	23	0.999479	0
[0.9999995, 1.0, 0.9999999, 0.9999994, 0.99739563]-0.496752 0.867893 248.128452
-0.867893 -0.496752 229.791635
0 0 1
11	23	0.999517	0
[0.99999726, 1.0, 0.99999976, 0.999785, 0.997801]-0.325891 0.945407 216.173716
-0.945407 -0.325891 158.661309
0 0 1
11	23	0.999375	0
[0.9999994, 1.0, 0.9999999, 0.99999726, 0.99687696]-0.266031 0.963964 203.582792
-0.963964 -0.266031 265.869317
0 0 1
11	23	0.999586	0
[0.9999995, 1.0, 0.9999999, 0.9999999, 0.9979305]0.315387 -0.948963 323.070890
0.948963 0.315387 90.586219
0 0 1
11	23	0.999215	0
[0.9999999, 1.0, 0.9999999, 0.99999964, 0.99607676]-0.314551 0.949241 219.326023
-0.949241 -0.314551 284.875718
0 0 1
11	23	0.999426	0
[0.99999905, 0.9999999, 0.99999976, 0.99999845, 0.9971334]-0.613750 -0.789500 151.138045
0.789500 -0.613750 228.695156
0 0 1
11	23	0.999659	0
[0.99999857, 0.9999999, 0.9999999, 0.99999857, 0.9982973]0.118921 -0.992904 44.824988
0.992904 0.118921 102.015729
0 0 1
11	23	0.999393	0
[0.99999976, 1.0, 0.9999999, 0.9999995, 0.9969683]0.493752 -0.869603 319.579245
0.869603 0.493752 -68.176322
0 0 1
11	23	0.999283	0
[0.99999976, 1.0, 0.9999999, 0.9999999, 0.99641466]0.567487 -0.823383 304.487211
0.823383 0.567487 -66.571379
0 0 1
11	23	0.999698	0
[0.99999964, 1.0, 0.9999999, 0.9999994, 0.9984896]0.083749 0.996487 135.649639
-0.996487 0.083749 342.673910
0 0 1
11	23	0.999644	0
[0.99999976, 0.9999999, 0.9999999, 0.9999654, 0.9982546]-0.996780 -0.080184 290.264783
0.080184 -0.996780 68.032803
0 0 1
11	24	0.999813	0
[0.9999999, 1.0, 0.9999999, 0.99999964, 0.99906737]0.587657 0.809110 10.022657
-0.809110 0.587657 292.182715
0 0 1
11	24	0.999102	0
[1.0, 1.0, 0.9999999, 0.9999733, 0.99553704]-0.649168 -0.760645 560.236691
0.760645 -0.649168 112.395773
0 0 1
11	24	0.999359	0
[1.0, 1.0, 0.9999999, 0.9999999, 0.99679524]0.621287 0.783583 9.222062
-0.783583 0.621287 259.736565
0 0 1
11	24	0.999334	0
[0.9999999, 0.9999999, 0.9999999, 0.99996877, 0.99670106]-0.789781 -0.613388 284.823505
0.613388 -0.789781 41.220321
0 0 1
11	24	0.999260	0
[0.9999999, 1.0, 0.9999999, 0.9999949, 0.9963045]-0.345177 -0.938537 533.859780
0.938537 -0.345177 -83.418874
0 0 1
11	24	0.999350	0
[0.9999999, 0.9999999, 0.99999976, 0.9999031, 0.996845]-0.800607 -0.599190 287.173699
0.599190 -0.800607 38.138122
0 0 1
11	24	0.999204	0
[0.9999999, 0.9999999, 0.9999999, 0.99994254, 0.9960789]-0.797969 -0.602698 246.966489
0.602698 -0.797969 131.582003
0 0 1
11	25	0.999800	0
[0.99999976, 1.0, 0.99999976, 1.0, 0.9990013]0.977737 0.209833 91.416976
-0.209833 0.977737 36.055844
0 0 1
11	27	0.999580	0
[0.9999999, 0.9999999, 0.9999999, 0.999997, 0.99790335]0.893435 -0.449193 -40.670230
0.449193 0.893435 -220.658937
0 0 1
11	27	0.999170	0
[0.9999999, 1.0, 0.9999999, 0.9999989, 0.99585307]0.995746 0.092138 146.109713
-0.092138 0.995746 -159.530549
0 0 1
11	28	0.999718	0
[0.9999999, 1.0, 0.9999999, 0.99999964, 0.99859077]-0.909893 -0.414843 720.492300
0.414843 -0.909893 328.846298
0 0 1
11	32	0.999817	0
[0.99999857, 0.9999999, 0.99999976, 0.99999964, 0.9990889]-0.989968 0.141291 415.380191
-0.141291 -0.989968 401.869810
0 0 1
11	32	0.999761	0
[0.9999995, 0.9999999, 0.9999999, 0.9999999, 0.9988073]-0.896688 0.442664 20.620056
-0.442664 -0.896688 278.012482
0 0 1
11	35	0.999873	0
[0.9999988, 1.0, 0.9999999, 0.9999995, 0.99936706]-0.434617 -0.900615 582.229896
0.900615 -0.434617 109.089407
0 0 1
12	13	0.999448	0
[0.9999988, 1.0, 0.9999999, 1.0, 0.9972415]0.893917 -0.448232 173.588391
0.448232 0.893917 -431.598768
0 0 1
12	13	0.999096	0
[0.99999845, 1.0, 0.9999999, 1.0, 0.9954804]0.905678 -0.423966 161.317641
0.423966 0.905678 -425.366648
0 0 1
12	13	0.999440	0
[0.9999989, 1.0, 0.9999999, 1.0, 0.9972011]0.908636 -0.417589 158.672155
0.417589 0.908636 -423.594005
0 0 1
12	13	0.999385	0
[0.99999917, 1.0, 0.9999999, 1.0, 0.9969246]0.904788 -0.425861 159.707688
0.425861 0.904788 -430.473952
0 0 1
12	13	0.999689	0
[0.9999989, 1.0, 0.9999999, 1.0, 0.998444]0.887253 -0.461283 179.988561
0.461283 0.887253 -438.163238
0 0 1
12	13	0.999758	0
[0.9999994, 1.0, 0.9999999, 1.0, 0.9987924]0.887847 -0.460139 180.595890
0.460139 0.887847 -430.007488
0 0 1
12	13	0.999738	0
[0.9999975, 1.0, 0.99999976, 0.9999956, 0.9986965]0.915616 -0.402053 101.779362
0.402053 0.915616 -410.011906
0 0 1
12	13	0.999795	0
[0.99999833, 1.0, 0.9999999, 1.0, 0.9989785]0.887603 -0.460609 203.745458
0.460609 0.887603 -440.538861
0 0 1
12	13	0.999759	0
[0.9999994, 1.0, 0.9999999, 1.0, 0.9987972]0.915392 -0.402563 151.654623
0.402563 0.915392 -418.303115
0 0 1
