1 
1 0 1827.956555  0 1 1827.875079  0 0 1
2 
-0.857167 0.515038 2094.704707  -0.515038 -0.857167 2114.354972  0 0 1
3 
-0.981627 -0.190809 2323.180856  0.190809 -0.981627 2023.998447  0 0 1
4 
0.358368 -0.933580 2400.677361  0.933580 0.358368 1775.747901  0 0 1
5 
0.882948 -0.469472 2429.891123  0.469472 0.882948 1762.461049  0 0 1
6 
-0.743145 0.669131 2618.628836  -0.669131 -0.743145 2096.397556  0 0 1
7 
0.669131 -0.743145 2769.729825  0.743145 0.669131 1753.197217  0 0 1
8 
-0.999391 -0.034899 3000.146935  0.034899 -0.999391 2046.474810  0 0 1
9 
-0.848048 0.529919 3084.498810  -0.529919 -0.848048 2126.297378  0 0 1
10 
0.484810 0.874620 2997.285406  -0.874620 0.484810 2007.006205  0 0 1
11 
-0.882948 0.469472 2658.712256  -0.469472 -0.882948 2300.839824  0 0 1
12 
0.374607 0.927184 2586.810912  -0.927184 0.374607 2189.771875  0 0 1
13 
0.898794 0.438371 2291.154581  -0.438371 0.898794 2028.202852  0 0 1
14 
-0.945519 -0.325568 2487.542735  0.325568 -0.945519 2197.951866  0 0 1
15 
-0.707107 -0.707107 2241.891488  0.707107 -0.707107 2092.494277  0 0 1
16 
0.777146 0.629320 2012.983113  -0.629320 0.777146 2085.035024  0 0 1
17 
-0.866025 0.500000 2948.489940  -0.500000 -0.866025 2300.058749  0 0 1
18 
-0.927184 -0.374607 2070.378864  0.374607 -0.927184 2203.537612  0 0 1
19 
0.515038 0.857167 2853.558566  -0.857167 0.515038 2172.388420  0 0 1
20 
-0.956305 -0.292372 3316.243560  0.292372 -0.956305 2210.632347  0 0 1
21 
0 -1 2274.113281  1 0 2162.781250  0 0 1
22 
-0.999848 -0.017452 2146.837073  0.017452 -0.999848 2444.727480  0 0 1
23 
-0.927184 -0.374607 2505.666925  0.374607 -0.927184 2416.382749  0 0 1
24 
-0.999848 -0.017452 2564.715877  0.017452 -0.999848 2452.022784  0 0 1
25 
0.961262 0.275637 2459.342916  -0.275637 0.961262 2215.258055  0 0 1
26 
-0.933580 0.358368 2854.058660  -0.358368 -0.933580 2498.877412  0 0 1
27 
-0.951057 0.309017 3247.291559  -0.309017 -0.951057 2513.113282  0 0 1
28 
-0.615661 0.788011 1899.069042  -0.788011 -0.615661 2501.786119  0 0 1
29 
0.965926 -0.258819 2844.966571  0.258819 0.965926 2166.307955  0 0 1
30 
0.121869 -0.992546 3120.573438  0.992546 0.121869 2182.499792  0 0 1
31 
0.945519 0.325568 1765.622781  -0.325568 0.945519 2411.550193  0 0 1
32 
0.999848 0.017452 2216.093401  -0.017452 0.999848 2394.865210  0 0 1
33 
-0.156434 0.987688 1942.197505  -0.987688 -0.156434 2625.198954  0 0 1
34 
0.970296 -0.241922 2688.955682  0.241922 0.970296 2367.364837  0 0 1
35 
0.754710 -0.656059 2609.423672  0.656059 0.754710 2315.904192  0 0 1
36 
0.961262 -0.275637 2409.727667  0.275637 0.961262 2368.082348  0 0 1
37 
-0.920505 0.390731 2237.181659  -0.390731 -0.920505 2655.214553  0 0 1
38 
0.258819 -0.965926 2962.592887  0.965926 0.258819 2382.337412  0 0 1
39 
-0.961262 0.275637 3102.589084  -0.275637 -0.961262 2626.815837  0 0 1
40 
-0.121869 -0.992546 3279.850308  0.992546 -0.121869 2427.922158  0 0 1
41 
-0.469472 -0.882948 3359.803382  0.882948 -0.469472 2571.164641  0 0 1
42 
0.719340 -0.694658 3034.452630  0.694658 0.719340 2458.627099  0 0 1
43 
-0.681998 0.731354 2911.314682  -0.731354 -0.681998 2807.300222  0 0 1
44 
0.681998 -0.731354 2037.389827  0.731354 0.681998 2475.153056  0 0 1
45 
0.743145 0.669131 1728.189438  -0.669131 0.743145 2669.979616  0 0 1
46 
0.139173 0.990268 2060.160051  -0.990268 0.139173 2776.983804  0 0 1
47 
-0.997564 0.069756 2887.471731  -0.069756 -0.997564 2762.242432  0 0 1
48 
-0.034899 -0.999391 2417.027725  0.999391 -0.034899 2569.041284  0 0 1
49 
0.258819 0.965926 2325.790065  -0.965926 0.258819 2741.862558  0 0 1
50 
0.017452 -0.999848 2714.251183  0.999848 0.017452 2565.706104  0 0 1
51 
0.258819 0.965926 2602.976804  -0.965926 0.258819 2974.097125  0 0 1
52 
0.707107 -0.707107 2621.030126  0.707107 0.707107 2633.806838  0 0 1
53 
-0.156434 -0.987688 2618.851558  0.987688 -0.156434 2721.362188  0 0 1
54 
1 0 2847  0 1 2713  0 0 1
55 
-0.390731 -0.920505 2480.612353  0.920505 -0.390731 2752.365977  0 0 1
56 
0.970296 -0.241922 3099.322917  0.241922 0.970296 2682.170375  0 0 1
57 
0.104528 -0.994522 2279.521406  0.994522 0.104528 2722.228777  0 0 1
58 
-0.406737 -0.913545 3204.805853  0.913545 -0.406737 2788.498097  0 0 1
59 
-0.694658 0.719340 2035.994594  -0.719340 -0.694658 3091.000716  0 0 1
60 
-0.544639 -0.838671 2068.957672  0.838671 -0.544639 2811.396801  0 0 1
61 
-0.559193 0.829038 2181.445568  -0.829038 -0.559193 3225.157707  0 0 1
62 
-0.945519 -0.325568 2020.999207  0.325568 -0.945519 3127.501132  0 0 1
63 
0.453990 0.891007 2273.795055  -0.891007 0.453990 3107.721483  0 0 1
64 
-0.469472 0.882948 1981.503383  -0.882948 -0.469472 3233.148717  0 0 1
65 
0.920505 -0.390731 2566.479816  0.390731 0.920505 2903.352881  0 0 1
66 
-0.998630 0.052336 2991.698054  -0.052336 -0.998630 3109.978633  0 0 1
67 
-0.656059 -0.754710 2480.321715  0.754710 -0.656059 3035.652688  0 0 1
68 
-0.484810 0.874620 2713.699191  -0.874620 -0.484810 3195.048087  0 0 1
69 
0.406737 0.913545 2909.198651  -0.913545 0.406737 3074.171422  0 0 1
70 
-0.997564 0.069756 3265.238301  -0.069756 -0.997564 3122.787138  0 0 1
71 
-0.906308 -0.422618 3190.221013  0.422618 -0.906308 3270.408877  0 0 1
72 
-0.207912 0.978148 3070.965633  -0.978148 -0.207912 3349.910887  0 0 1
73 
-0.656059 -0.754710 3099.070239  0.754710 -0.656059 3167.127294  0 0 1
74 
0.309017 -0.951057 2874.933660  0.951057 0.309017 3031.780778  0 0 1
75 
-0.615661 0.788011 2602.905026  -0.788011 -0.615661 3388.325653  0 0 1
76 
0.819152 -0.573576 2432.917040  0.573576 0.819152 3010.170930  0 0 1
77 
-0.087156 -0.996195 2182.465139  0.996195 -0.087156 3104.745840  0 0 1
78 
-0.945519 -0.325568 2358.181549  0.325568 -0.945519 3311.239096  0 0 1
79 
-0.956305 -0.292372 2446.681788  0.292372 -0.956305 3315.543581  0 0 1
80 
0.121869 0.992546 1802.234207  -0.992546 0.121869 3339.207816  0 0 1
81 
0.544639 0.838671 2760.157217  -0.838671 0.544639 3444.776842  0 0 1
82 
-0.406737 -0.913545 2993.703378  0.913545 -0.406737 3309.600705  0 0 1
83 
0 -1 2578.865723  1 0 3259.503418  0 0 1
84 
0.707107 0.707107 2941.152386  -0.707107 0.707107 3410.896594  0 0 1
85 
0.999848 0.017452 2524.371936  -0.017452 0.999848 3265.789539  0 0 1
86 
-0.559193 0.829038 2986.941375  -0.829038 -0.559193 3568.283912  0 0 1
87 
0.139173 -0.990268 2381.495035  0.990268 0.139173 3276.745552  0 0 1
88 
0.342020 0.939693 1856.457266  -0.939693 0.342020 3513.216848  0 0 1
89 
0.965926 -0.258819 1840.446321  0.258819 0.965926 3275.870427  0 0 1
90 
-0.829038 -0.559193 2395.123545  0.559193 -0.829038 3477.360215  0 0 1
91 
0.469472 -0.882948 3045.184795  0.882948 0.469472 3433.600754  0 0 1
92 
-0.798636 0.601815 3177.319134  -0.601815 -0.798636 3821.568679  0 0 1
93 
0.754710 0.656059 2778.353884  -0.656059 0.754710 3571.190877  0 0 1
94 
0.743145 -0.669131 2803.038125  0.669131 0.743145 3405.041750  0 0 1
95 
0.694658 -0.719340 1891.153460  0.719340 0.694658 3438.913294  0 0 1
96 
0.819152 0.573576 1835.470210  -0.573576 0.819152 3572.734425  0 0 1
97 
0.484810 -0.874620 2248.570405  0.874620 0.484810 3457.122064  0 0 1
98 
-0.156434 0.987688 2545.837647  -0.987688 -0.156434 3739.930710  0 0 1
99 
-0.882948 -0.469472 2651.486212  0.469472 -0.882948 3672.124247  0 0 1
100 
-0.798636 -0.601815 2429.523575  0.601815 -0.798636 3647.547928  0 0 1
