0	1	0.9999938011169434	0
-0.835813 0.549014 682.48203
-0.549014 -0.835813 616.044719
0 0 1
0	10	0.9999856948852539	0
0.636476 0.771296 -235.605445
-0.771296 0.636476 114.771845
0 0 1
1	2	0.9999922513961792	0
0.989705 0.143119 -223.067223
-0.143119 0.989705 364.077645
0 0 1
1	3	0.7646105289459229	1
0.999858 0.016833 179.258191
-0.016833 0.999858 -260.292105
0 0 1
1	7	0.9999927282333374	0
-0.993533 0.113547 817.170872
-0.113547 -0.993533 819.632671
0 0 1
2	3	0.999993085861206	0
0.996008 -0.089265 -157.475788
0.089265 0.996008 203.911442
0 0 1
2	4	0.9999735355377197	1
-0.015362737997334522 -0.9998816218964248 427.17320617026394
0.9998816218964248 -0.015362737997334605 -165.73258929114795
0 0 1
2	11	0.9999936819076538	0
0.857493 0.514496 103.532443
-0.514496 0.857493 374.967937
0 0 1
3	4	0.9999932050704956	0
-0.053305 0.998578 -162.309072
-0.998578 -0.053305 902.985303
0 0 1
4	5	0.053650762885808945	2
0.8003796312332814 0.5994927515724249 -385.13925760097834
-0.5994927515724251 0.8003796312332813 50.143885124741956
0 0 1
4	9	0.8971729278564453	0
0.258509 0.966009 -210.968612
-0.966009 0.258509 779.568307
0 0 1
4	11	0.8167790174484253	1
0.53886 -0.842395 230.531905
0.842395 0.53886 84.253938
0 0 1
5	6	0.9999923706054688	0
-0.71806 0.695981 86.690978
-0.695981 -0.71806 847.708787
0 0 1
6	9	0.9999924898147583	0
-0.185087 -0.982722 404.972388
0.982722 -0.185087 -139.023256
0 0 1
6	17	0.999992847442627	0
-0.719401 -0.694595 897.125757
0.694595 -0.719401 94.769355
0 0 1
7	10	0.9999698400497437	0
0.043437 0.999056 -137.382646
-0.999056 0.043437 898.446806
0 0 1
7	11	0.9999747276306152	0
-0.70177 -0.712403 898.234855
0.712403 -0.70177 -1.243563
0 0 1
7	14	0.9999871253967285	0
0.094551 -0.99552 403.687898
0.99552 0.094551 -152.614842
0 0 1
7	48	0.999739944934845	1
-0.861235 -0.508206 938.843961
0.508206 -0.861235 89.021634
0 0 1
8	9	0.9996448755264282	0
0.283174523394873 0.9590682599096303 -308.3087082594254
-0.9590682599096303 0.2831745233948729 354.243142191386
0 0 1
8	11	0.9999901056289673	0
0.539666 -0.841879 635.12652
0.841879 0.539666 68.73165
0 0 1
9	16	0.6993106603622437	0
0.935154 -0.354242 -92.184757
0.354242 0.935154 -171.125589
0 0 1
9	29	0.8387990593910217	1
0.424565 0.905397 -355.634311
-0.905397 0.424565 361.088083
0 0 1
10	12	0.9999682903289795	0
-0.089793 0.99596 126.611237
-0.99596 -0.089793 444.911533
0 0 1
11	15	0.9999924898147583	0
-0.6438250716961529 0.7651727732639494 347.2424905302832
-0.7651727732639492 -0.6438250716961529 959.7872329381988
0 0 1
12	14	0.9999922513961792	0
-0.058722 0.998274 -129.564457
-0.998274 -0.058722 941.60001
0 0 1
12	22	0.9999926090240479	0
-0.385952 -0.922519 955.542617
0.922519 -0.385952 265.5691
0 0 1
13	15	0.9999901056289673	0
0.7684440153109763 -0.6399171854714828 23.43928046431192
0.6399171854714828 0.7684440153109762 -8.214829153073357
0 0 1
13	18	0.9999914169311523	0
-0.812623 0.58279 274.907252
-0.58279 -0.812623 560.940962
0 0 1
14	15	0.9999504089355469	0
0.146237 0.98925 -311.4549
-0.98925 0.146237 416.871342
0 0 1
14	23	0.5626104474067688	0
0.367232 0.930129 -214.200177
-0.930129 0.367232 720.014994
0 0 1
16	17	0.9997945427894592	0
0.968277 -0.249878 84.168597
0.249878 0.968277 -413.978352
0 0 1
17	19	0.9999667406082153	0
-0.44116 0.897428 6.028826
-0.897428 -0.44116 771.283556
0 0 1
18	26	0.9999831914901733	0
-0.795569 -0.605863 1015.517196
0.605863 -0.795569 516.708289
0 0 1
19	20	0.9955793023109436	0
0.301569 -0.953444 208.680564
0.953444 0.301569 -163.777888
0 0 1
19	25	0.9999935626983643	0
-0.133317 0.991073 122.267698
-0.991073 -0.133317 362.793354
0 0 1
20	24	0.9999935626983643	0
0.985212 -0.171341 -207.070167
0.171341 0.985212 -201.368506
0 0 1
21	23	0.9889440536499023	0
-0.946931 -0.321435 682.64196
0.321435 -0.946931 207.670628
0 0 1
22	23	0.9999911785125732	0
0.05440315266731444 -0.9985187708700609 931.0995981933659
0.9985187708700611 0.05440315266731444 13.770639962883074
0 0 1
22	28	0.9999650716781616	0
-0.133344 0.99107 48.606017
-0.99107 -0.133344 415.606273
0 0 1
23	29	0.9970007538795471	0
-0.115823 -0.99327 398.753531
0.99327 -0.115823 8.679768
0 0 1
24	25	0.9999715089797974	0
-0.999826 0.018663 741.981812
-0.018663 -0.999826 321.82941
0 0 1
24	26	0.9992306232452393	0
0.744735 0.66736 -238.392028
-0.66736 0.744735 588.547004
0 0 1
24	34	0.9999879598617554	0
-0.891278 0.453457 213.699497
-0.453457 -0.891278 655.634395
0 0 1
24	48	0.8698408007621765	1
0.789352 0.613941 -480.794514
-0.613941 0.789352 170.89652
0 0 1
24	50	0.822864294052124	1
0.677198 -0.735801 -4.654697
0.735801 0.677198 -213.957638
0 0 1
25	35	0.9999936819076538	0
0.130455 0.991454 208.052405
-0.991454 0.130455 683.528705
0 0 1
26	27	0.8175434470176697	0
-0.004367 0.99999 -264.30545
-0.99999 -0.004367 755.607644
0 0 1
27	32	0.9999722242355347	0
0.326496 -0.945199 717.159899
0.945199 0.326496 -169.869704
0 0 1
28	29	0.9999730587005615	0
0.188348 0.982102 -114.863254
-0.982102 0.188348 891.160979
0 0 1
29	31	0.9999890327453613	0
-0.130914 -0.991394 650.223698
0.991394 -0.130914 243.888473
0 0 1
30	40	0.9999927282333374	0
-0.055071 0.998482 -52.70427
-0.998482 -0.055071 448.555178
0 0 1
31	32	0.8170381784439087	0
-0.04773429341526326 -0.9988603813947899 682.608691421292
0.9988603813947899 -0.047734293415263425 346.5993704461803
0 0 1
31	36	0.999993085861206	0
-0.627358 -0.778731 980.970816
0.778731 -0.627358 279.4614
0 0 1
32	37	0.8031270503997803	0
0.981491 0.19151 -73.419291
-0.19151 0.981491 -153.61018
0 0 1
33	34	0.9981908202171326	0
0.907563 -0.419917 91.016865
0.419917 0.907563 175.493753
0 0 1
33	38	0.5123069882392883	0
-0.520855 0.853645 393.491287
-0.853645 -0.520855 824.770436
0 0 1
34	35	0.9995874762535095	0
-0.327283 0.944926 173.582414
-0.944926 -0.327283 1059.950797
0 0 1
34	39	0.8498854041099548	0
0.723803 0.690007 48.68053
-0.690007 0.723803 287.803917
0 0 1
35	41	0.9974718689918518	0
0.6774 0.735615 -168.488128
-0.735615 0.6774 515.738753
0 0 1
36	37	0.9999938011169434	0
0.680112 0.733108 89.409793
-0.733108 0.680112 107.065894
0 0 1
36	40	0.9999924898147583	0
-0.44817222089650366 0.8939472470686933 -79.65600310969944
-0.8939472470686931 -0.44817222089650366 971.0275784016258
0 0 1
36	43	0.9997743964195251	0
-0.44408876157405325 0.8959831326339931 -26.893917116611053
-0.895983132633993 -0.44408876157405347 581.9233105034612
0 0 1
37	38	0.999992847442627	0
-0.631271 -0.775562 1054.951766
0.775562 -0.631271 277.403971
0 0 1
37	46	0.9250918626785278	0
-0.9761 -0.21732 688.450088
0.21732 -0.9761 312.94157
0 0 1
38	44	0.9195757508277893	0
0.976808 -0.214119 -109.734326
0.214119 0.976808 112.710646
0 0 1
39	45	0.9990793466567993	0
0.544773 -0.838583 603.036638
0.838583 0.544773 52.005488
0 0 1
40	47	0.9999927282333374	0
-0.857564 -0.514378 999.591612
0.514378 -0.857564 328.434228
0 0 1
41	42	0.9999935626983643	0
0.500235 -0.86589 202.21144
0.86589 0.500235 -1.044198
0 0 1
42	45	0.9995571970939636	0
-0.316228 -0.948683 1054.148308
0.948683 -0.316228 92.829851
0 0 1
42	51	0.999964714050293	0
0.8 0.6 -115.2
-0.6 0.8 546.4
0 0 1
43	46	0.9953332543373108	0
-0.547249 0.83697 326.437157
-0.83697 -0.547249 1070.797248
0 0 1
43	47	0.9984802603721619	0
-0.872643 -0.48836 677.049852
0.48836 -0.872643 122.713184
0 0 1
44	45	0.5440183281898499	0
-0.8354443654031922 -0.549574599804301 497.1320488884189
0.5495745998043011 -0.835444365403192 225.94714434352147
0 0 1
44	46	0.7324522137641907	1
0.880022 -0.474933 412.790715
0.474933 0.880022 74.758437
0 0 1
44	49	0.9999823570251465	0
-0.993501 -0.113822 485.578749
0.113822 -0.993501 821.391021
0 0 1
45	52	0.9999921321868896	0
-0.653153 -0.757226 1040.712266
0.757226 -0.653153 185.74065
0 0 1
47	53	0.9999940395355225	0
-0.894427 0.447214 187.969889
-0.447214 -0.894427 689.637603
0 0 1
48	49	0.5514563918113708	0
0.212295 0.977206 211.846083
-0.977206 0.212295 388.085453
0 0 1
48	50	0.9896039962768555	0
-0.06244107773308942 0.9980491096682217 -229.68092605307908
-0.9980491096682218 -0.062441077733089385 817.5522769843985
0 0 1
48	57	0.9999796152114868	0
-0.9768801707905267 -0.21378860711990877 585.9072999335091
0.21378860711990874 -0.9768801707905267 322.07749071427145
0 0 1
49	52	0.9985532164573669	0
-0.270746 -0.962651 937.522536
0.962651 -0.270746 307.123298
0 0 1
50	53	0.9975318908691406	0
0.963475 0.267798 -224.413665
-0.267798 0.963475 -193.033635
0 0 1
50	58	0.8768540024757385	0
-0.544815 -0.838556 965.212256
0.838556 -0.544815 83.218653
0 0 1
51	52	0.99998939037323	0
0.104993 0.994473 251.096648
-0.994473 0.104993 776.001448
0 0 1
51	59	0.9999923706054688	0
-0.4734053060622074 0.8808451709228741 46.882442449327755
-0.880845170922874 -0.47340530606220715 922.3991431919384
0 0 1
52	56	0.9999823570251465	0
0.707465 0.706749 -338.689039
-0.706749 0.707465 180.385803
0 0 1
53	54	0.999994158744812	0
-0.493013 -0.870022 982.910077
0.870022 -0.493013 116.625015
0 0 1
54	58	0.9997273087501526	0
0.9561343444199785 -0.2929303795880128 346.60394678940816
0.2929303795880129 0.9561343444199788 -296.3392147645216
0 0 1
54	65	0.9999935626983643	0
0.121482 0.992594 -203.97599
-0.992594 0.121482 442.5572
0 0 1
55	56	0.5950492024421692	0
0.979312 -0.202358 374.889164
0.202358 0.979312 -87.072037
0 0 1
55	64	0.9261690974235535	0
-0.7201651403494176 0.6938020865963902 315.94972384367753
-0.69380208659639 -0.7201651403494171 531.2437198543441
0 0 1
56	59	0.9246403574943542	0
0.9859653102764089 -0.16695164072732202 376.496235048597
0.16695164072732205 0.985965310276409 -140.99352195835726
0 0 1
56	63	0.9975994229316711	0
0.227884 0.973688 -96.892631
-0.973688 0.227884 324.245274
0 0 1
57	58	0.9999873638153076	0
-0.7461790168753277 0.6657454421390874 669.8490126127908
-0.6657454421390877 -0.7461790168753275 634.5861899798053
0 0 1
57	61	0.9999759197235107	0
-0.942237 -0.334948 823.767853
0.334948 -0.942237 711.367281
0 0 1
58	60	0.9999890327453613	0
0.110769 0.993846 -238.867692
-0.993846 0.110769 501.618462
0 0 1
59	62	0.998908281326294	0
-0.987441 0.157991 474.313872
-0.157991 -0.987441 469.969908
0 0 1
60	65	0.9230303764343262	0
0.966562 0.256435 -360.001905
-0.256435 0.966562 -40.516755
0 0 1
61	64	0.999994158744812	0
-0.666795 0.745241 630.472411
-0.745241 -0.666795 745.793123
0 0 1
62	63	0.9997363686561584	0
0.104756 -0.994498 843.674556
0.994498 0.104756 -207.218401
0 0 1
63	64	0.9803875684738159	0
0.38762 0.921819 -247.063051
-0.921819 0.38762 203.405501
0 0 1
