Node 0
Node 1
Node 2
Node 3
Node 4
Node 5
Node 6
Node 7
Node 8
Node 9
Node 10
Node 11
Node 12
Node 13
Node 14
Node 15
Node 16
Node 17
Node 18
Node 19
Node 20
Node 21
Node 22
Node 23
Node 24
Node 25
Node 26
Node 27
Node 28
Node 29
Node 30
Node 31
Node 32
Node 33
Node 34
Node 35
Node 36
Node 37
Node 38
Node 39
Node 40
Node 41
Node 42
Node 43
Node 44
Node 45
Node 46
Node 47
Node 48
Node 49
Node 50
Node 51
Node 52
Node 53
Node 54
Node 55
Node 56
Node 57
Node 58
Node 59
Node 60
Node 61
Node 62
Node 63
Node 64
Node 65
0 1 306.0 -0.835813 0.549014 682.482030 -0.549014 -0.835813 616.044719 0.000000 0.000000 1.000000
0 1 306.0 -0.841590 0.540117 686.903452 -0.540117 -0.841590 613.115773 0.000000 0.000000 1.000000
0 1 167.0 -0.856740 0.515749 697.038386 -0.515749 -0.856740 604.173146 0.000000 0.000000 1.000000
0 1 157.0 -0.818657 0.574282 674.839309 -0.574282 -0.818657 622.282047 0.000000 0.000000 1.000000
0 1 113.0 -0.822924 0.568152 673.893026 -0.568152 -0.822924 620.520226 0.000000 0.000000 1.000000
0 10 353.0 0.636476 0.771296 -235.605445 -0.771296 0.636476 114.771845 0.000000 0.000000 1.000000
0 10 327.0 0.640184 0.768221 -236.449795 -0.768221 0.640184 111.171580 0.000000 0.000000 1.000000
0 10 160.0 0.690573 0.723263 -226.976931 -0.723263 0.690573 79.240486 0.000000 0.000000 1.000000
1 2 372.0 0.990621 0.136637 -222.571748 -0.136637 0.990621 360.885751 0.000000 0.000000 1.000000
1 2 372.0 0.990531 0.137290 -222.634259 -0.137290 0.990531 361.584042 0.000000 0.000000 1.000000
1 2 372.0 0.989705 0.143119 -223.067223 -0.143119 0.989705 364.077645 0.000000 0.000000 1.000000
1 2 355.0 0.992278 0.124035 -221.806181 -0.124035 0.992278 356.428337 0.000000 0.000000 1.000000
1 2 229.0 0.985833 0.167729 -224.359543 -0.167729 0.985833 372.767307 0.000000 0.000000 1.000000
1 2 193.0 0.983382 0.181547 -224.708042 -0.181547 0.983382 378.666322 0.000000 0.000000 1.000000
1 2 193.0 0.983282 0.182089 -225.111648 -0.182089 0.983282 378.528108 0.000000 0.000000 1.000000
1 2 149.0 0.997054 0.076696 -214.544803 -0.076696 0.997054 332.834146 0.000000 0.000000 1.000000
1 3 101.0 0.999858 0.016833 179.258191 -0.016833 0.999858 -260.292105 0.000000 0.000000 1.000000
1 7 217.0 -0.993533 0.113547 817.170872 -0.113547 -0.993533 819.632671 0.000000 0.000000 1.000000
1 7 187.0 -0.996887 0.078850 831.807786 -0.078850 -0.996887 803.347471 0.000000 0.000000 1.000000
2 3 367.0 0.996613 -0.082229 -159.200067 0.082229 0.996613 206.890629 0.000000 0.000000 1.000000
2 3 367.0 0.996270 -0.086291 -157.113331 0.086291 0.996270 206.140315 0.000000 0.000000 1.000000
2 3 367.0 0.997459 -0.071247 -160.513885 0.071247 0.997459 211.425577 0.000000 0.000000 1.000000
2 3 367.0 0.996008 -0.089265 -157.475788 0.089265 0.996008 203.911442 0.000000 0.000000 1.000000
2 3 367.0 0.996917 -0.078461 -159.744987 0.078461 0.996917 207.322501 0.000000 0.000000 1.000000
2 3 276.0 0.993673 -0.112314 -150.928133 0.112314 0.993673 195.823179 0.000000 0.000000 1.000000
2 3 213.0 0.997794 -0.066387 -164.406767 0.066387 0.997794 213.521562 0.000000 0.000000 1.000000
2 3 181.0 0.994274 -0.106861 -155.281380 0.106861 0.994274 198.485861 0.000000 0.000000 1.000000
2 3 146.0 0.988372 -0.152057 -145.326790 0.152057 0.988372 183.208488 0.000000 0.000000 1.000000
2 4 261.0 -0.015914 -0.999873 427.546240 0.999873 -0.015914 -165.792659 0.000000 0.000000 1.000000
2 11 340.0 0.857493 0.514496 103.532443 -0.514496 0.857493 374.967937 0.000000 0.000000 1.000000
2 11 324.0 0.860405 0.509611 100.835402 -0.509611 0.860405 372.940829 0.000000 0.000000 1.000000
2 11 151.0 0.870677 0.491856 100.580213 -0.491856 0.870677 366.779595 0.000000 0.000000 1.000000
2 11 139.0 0.836331 0.548225 98.664536 -0.548225 0.836331 386.660786 0.000000 0.000000 1.000000
3 4 325.0 -0.053305 0.998578 -162.309072 -0.998578 -0.053305 902.985303 0.000000 0.000000 1.000000
3 4 303.0 -0.074790 0.997199 -151.817656 -0.997199 -0.074790 910.773612 0.000000 0.000000 1.000000
3 4 280.0 -0.059095 0.998252 -160.560125 -0.998252 -0.059095 904.144394 0.000000 0.000000 1.000000
3 4 133.0 -0.110432 0.993884 -136.790833 -0.993884 -0.110432 926.907381 0.000000 0.000000 1.000000
3 4 133.0 -0.120608 0.992700 -131.608146 -0.992700 -0.120608 931.643601 0.000000 0.000000 1.000000
4 5 221.0 0.801185 0.598416 -383.895896 -0.598416 0.801185 47.750846 0.000000 0.000000 1.000000
4 5 221.0 0.820398 0.571793 -380.139508 -0.571793 0.820398 28.505864 0.000000 0.000000 1.000000
4 5 221.0 0.783839 0.620964 -388.141643 -0.620964 0.783839 65.853866 0.000000 0.000000 1.000000
4 5 179.0 0.772329 0.635222 -389.789376 -0.635222 0.772329 76.784653 0.000000 0.000000 1.000000
4 9 274.0 0.258509 0.966009 -210.968612 -0.966009 0.258509 779.568307 0.000000 0.000000 1.000000
4 9 157.0 0.316228 0.948683 -230.270189 -0.948683 0.316228 751.640436 0.000000 0.000000 1.000000
4 11 102.0 0.538860 -0.842395 230.531905 0.842395 0.538860 84.253938 0.000000 0.000000 1.000000
4 48 91.0 0.258875 -0.965911 324.921741 0.965911 0.258875 101.203909 0.000000 0.000000 1.000000
5 6 194.0 -0.718060 0.695981 86.690978 -0.695981 -0.718060 847.708787 0.000000 0.000000 1.000000
6 9 449.0 -0.173848 -0.984772 402.147680 0.984772 -0.173848 -142.855819 0.000000 0.000000 1.000000
6 9 449.0 -0.185087 -0.982722 404.972388 0.982722 -0.185087 -139.023256 0.000000 0.000000 1.000000
6 9 399.0 -0.173785 -0.984784 401.612994 0.984784 -0.173785 -143.487219 0.000000 0.000000 1.000000
6 9 388.0 -0.159575 -0.987186 396.097185 0.987186 -0.159575 -145.191866 0.000000 0.000000 1.000000
6 9 280.0 -0.189018 -0.981974 405.600020 0.981974 -0.189018 -137.644152 0.000000 0.000000 1.000000
6 9 269.0 -0.146237 -0.989250 390.243624 0.989250 -0.146237 -148.908537 0.000000 0.000000 1.000000
6 9 152.0 -0.227230 -0.973841 418.981581 0.973841 -0.227230 -129.047559 0.000000 0.000000 1.000000
6 17 468.0 -0.719401 -0.694595 897.125757 0.694595 -0.719401 94.769355 0.000000 0.000000 1.000000
6 17 389.0 -0.716859 -0.697219 897.639821 0.697219 -0.716859 92.923861 0.000000 0.000000 1.000000
6 17 389.0 -0.714951 -0.699175 897.081826 0.699175 -0.714951 91.888538 0.000000 0.000000 1.000000
6 17 342.0 -0.715815 -0.698290 896.840281 0.698290 -0.715815 92.010295 0.000000 0.000000 1.000000
6 17 160.0 -0.700920 -0.713240 898.394219 0.713240 -0.700920 79.122351 0.000000 0.000000 1.000000
6 17 160.0 -0.749695 -0.661783 896.491878 0.661783 -0.749695 119.894400 0.000000 0.000000 1.000000
6 17 132.0 -0.713847 -0.700302 892.883333 0.700302 -0.713847 90.727316 0.000000 0.000000 1.000000
6 17 121.0 -0.712212 -0.701964 894.994254 0.701964 -0.712212 86.844157 0.000000 0.000000 1.000000
7 10 349.0 0.043437 0.999056 -137.382646 -0.999056 0.043437 898.446806 0.000000 0.000000 1.000000
7 10 299.0 0.032241 0.999480 -133.876821 -0.999480 0.032241 904.046329 0.000000 0.000000 1.000000
7 10 166.0 0.000000 1.000000 -120.000000 -1.000000 0.000000 915.000000 0.000000 0.000000 1.000000
7 11 405.0 -0.708745 -0.705464 899.961426 0.705464 -0.708745 3.453210 0.000000 0.000000 1.000000
7 11 405.0 -0.712595 -0.701576 899.992359 0.701576 -0.712595 6.953496 0.000000 0.000000 1.000000
7 11 405.0 -0.701770 -0.712403 898.234855 0.712403 -0.701770 -1.243563 0.000000 0.000000 1.000000
7 11 385.0 -0.702490 -0.711693 899.111292 0.711693 -0.702490 -1.683772 0.000000 0.000000 1.000000
7 11 385.0 -0.712272 -0.701904 900.073082 0.701904 -0.712272 4.674058 0.000000 0.000000 1.000000
7 11 342.0 -0.715200 -0.698919 902.457090 0.698919 -0.715200 6.731712 0.000000 0.000000 1.000000
7 11 206.0 -0.691178 -0.722685 897.203987 0.722685 -0.691178 -10.988972 0.000000 0.000000 1.000000
7 14 388.0 0.094551 -0.995520 403.687898 0.995520 0.094551 -152.614842 0.000000 0.000000 1.000000
7 14 319.0 0.078341 -0.996927 411.048879 0.996927 0.078341 -149.176137 0.000000 0.000000 1.000000
7 14 259.0 0.075391 -0.997154 409.126423 0.997154 0.075391 -149.472002 0.000000 0.000000 1.000000
7 48 105.0 -0.861235 -0.508206 938.843961 0.508206 -0.861235 89.021634 0.000000 0.000000 1.000000
8 9 348.0 0.287505 0.957779 -309.149832 -0.957779 0.287505 351.569294 0.000000 0.000000 1.000000
8 9 330.0 0.285930 0.958251 -310.498401 -0.958251 0.285930 353.655554 0.000000 0.000000 1.000000
8 9 288.0 0.300578 0.953757 -311.456647 -0.953757 0.300578 345.468208 0.000000 0.000000 1.000000
8 9 277.0 0.267061 0.963679 -307.791883 -0.963679 0.267061 363.115841 0.000000 0.000000 1.000000
8 9 274.0 0.269964 0.962871 -308.378121 -0.962871 0.269964 361.948575 0.000000 0.000000 1.000000
8 9 92.0 0.336921 0.941533 -313.631067 -0.941533 0.336921 328.858868 0.000000 0.000000 1.000000
8 11 345.0 0.539666 -0.841879 635.126520 0.841879 0.539666 68.731650 0.000000 0.000000 1.000000
8 11 129.0 0.582112 -0.813109 621.798025 0.813109 0.582112 61.647096 0.000000 0.000000 1.000000
9 16 287.0 0.935154 -0.354242 -92.184757 0.354242 0.935154 -171.125589 0.000000 0.000000 1.000000
9 16 258.0 0.915315 -0.402739 -70.583197 0.402739 0.915315 -185.161892 0.000000 0.000000 1.000000
9 16 205.0 0.919145 -0.393919 -75.636102 0.393919 0.919145 -184.029358 0.000000 0.000000 1.000000
9 16 125.0 0.934998 -0.354654 -88.614186 0.354654 0.934998 -172.294117 0.000000 0.000000 1.000000
9 22 82.0 -0.273658 -0.961827 850.511212 0.961827 -0.273658 -188.933207 0.000000 0.000000 1.000000
9 29 139.0 0.424565 0.905397 -355.634311 -0.905397 0.424565 361.088083 0.000000 0.000000 1.000000
10 12 407.0 -0.089793 0.995960 126.611237 -0.995960 -0.089793 444.911533 0.000000 0.000000 1.000000
10 12 407.0 -0.085401 0.996347 125.443559 -0.996347 -0.085401 444.143144 0.000000 0.000000 1.000000
10 12 407.0 -0.099504 0.995037 129.471968 -0.995037 -0.099504 447.684855 0.000000 0.000000 1.000000
10 12 150.0 -0.132743 0.991150 138.035398 -0.991150 -0.132743 456.530973 0.000000 0.000000 1.000000
10 12 127.0 -0.036785 0.999323 116.808637 -0.999323 -0.036785 425.385323 0.000000 0.000000 1.000000
10 12 122.0 -0.057532 0.998344 121.363546 -0.998344 -0.057532 435.943717 0.000000 0.000000 1.000000
11 15 85.0 -0.643192 0.765705 346.645517 -0.765705 -0.643192 959.469135 0.000000 0.000000 1.000000
12 14 293.0 -0.058722 0.998274 -129.564457 -0.998274 -0.058722 941.600010 0.000000 0.000000 1.000000
12 14 264.0 -0.070531 0.997510 -123.915015 -0.997510 -0.070531 946.179614 0.000000 0.000000 1.000000
12 14 190.0 -0.019227 0.999815 -149.879188 -0.999815 -0.019227 928.156969 0.000000 0.000000 1.000000
12 14 121.0 -0.016546 0.999863 -148.860456 -0.999863 -0.016546 924.423903 0.000000 0.000000 1.000000
12 22 386.0 -0.385952 -0.922519 955.542617 0.922519 -0.385952 265.569100 0.000000 0.000000 1.000000
12 22 386.0 -0.374789 -0.927110 956.155055 0.927110 -0.374789 259.900931 0.000000 0.000000 1.000000
12 22 386.0 -0.375520 -0.926814 956.502994 0.926814 -0.375520 259.269036 0.000000 0.000000 1.000000
12 22 371.0 -0.393278 -0.919420 956.605711 0.919420 -0.393278 270.395863 0.000000 0.000000 1.000000
12 22 338.0 -0.389946 -0.920838 957.743010 0.920838 -0.389946 270.046738 0.000000 0.000000 1.000000
12 22 162.0 -0.424272 -0.905535 958.772786 0.905535 -0.424272 287.822368 0.000000 0.000000 1.000000
13 15 225.0 0.755096 -0.655614 32.682618 0.655614 0.755096 -10.934631 0.000000 0.000000 1.000000
13 15 225.0 0.766155 -0.642656 25.479047 0.642656 0.766155 -8.585272 0.000000 0.000000 1.000000
13 15 225.0 0.768980 -0.639273 23.840412 0.639273 0.768980 -7.356245 0.000000 0.000000 1.000000
13 15 225.0 0.761589 -0.648060 28.142909 0.648060 0.761589 -8.595884 0.000000 0.000000 1.000000
13 18 201.0 -0.812623 0.582790 274.907252 -0.582790 -0.812623 560.940962 0.000000 0.000000 1.000000
13 18 97.0 -0.807391 0.590017 270.683505 -0.590017 -0.807391 561.969025 0.000000 0.000000 1.000000
13 18 97.0 -0.789352 0.613941 261.229650 -0.613941 -0.789352 559.370522 0.000000 0.000000 1.000000
13 61 84.0 0.917485 0.397770 -160.813864 -0.397770 0.917485 -73.229702 0.000000 0.000000 1.000000
14 15 239.0 0.168964 0.985622 -312.494716 -0.985622 0.168964 405.352508 0.000000 0.000000 1.000000
14 15 239.0 0.146237 0.989250 -311.454900 -0.989250 0.146237 416.871342 0.000000 0.000000 1.000000
14 15 224.0 0.145114 0.989415 -311.911259 -0.989415 0.145114 416.888174 0.000000 0.000000 1.000000
14 15 213.0 0.172555 0.985000 -315.613323 -0.985000 0.172555 403.929478 0.000000 0.000000 1.000000
14 23 315.0 0.367232 0.930129 -214.200177 -0.930129 0.367232 720.014994 0.000000 0.000000 1.000000
16 17 279.0 0.968277 -0.249878 84.168597 0.249878 0.968277 -413.978352 0.000000 0.000000 1.000000
16 17 279.0 0.973798 -0.227414 71.388928 0.227414 0.973798 -408.469821 0.000000 0.000000 1.000000
16 17 279.0 0.967027 -0.254675 87.681060 0.254675 0.967027 -414.936618 0.000000 0.000000 1.000000
16 17 279.0 0.974279 -0.225344 69.986312 0.225344 0.974279 -407.507488 0.000000 0.000000 1.000000
16 17 279.0 0.972665 -0.232213 74.007778 0.232213 0.972665 -408.692910 0.000000 0.000000 1.000000
16 17 208.0 0.958045 -0.286617 108.012381 0.286617 0.958045 -420.798037 0.000000 0.000000 1.000000
17 19 351.0 -0.441160 0.897428 6.028826 -0.897428 -0.441160 771.283556 0.000000 0.000000 1.000000
17 19 280.0 -0.462834 0.886445 15.317030 -0.886445 -0.462834 775.188104 0.000000 0.000000 1.000000
17 19 181.0 -0.429239 0.903191 2.909423 -0.903191 -0.429239 768.266006 0.000000 0.000000 1.000000
17 19 157.0 -0.424841 0.905268 1.879529 -0.905268 -0.424841 766.907790 0.000000 0.000000 1.000000
18 26 294.0 -0.795569 -0.605863 1015.517196 0.605863 -0.795569 516.708289 0.000000 0.000000 1.000000
18 26 200.0 -0.780459 -0.625207 1019.705949 0.625207 -0.780459 505.763904 0.000000 0.000000 1.000000
19 20 289.0 0.301569 -0.953444 208.680564 0.953444 0.301569 -163.777888 0.000000 0.000000 1.000000
19 20 289.0 0.325991 -0.945373 198.171795 0.945373 0.325991 -164.161921 0.000000 0.000000 1.000000
19 20 231.0 0.332482 -0.943110 197.368265 0.943110 0.332482 -163.548293 0.000000 0.000000 1.000000
19 25 355.0 -0.124035 0.992278 120.000991 -0.992278 -0.124035 360.136564 0.000000 0.000000 1.000000
19 25 355.0 -0.133317 0.991073 122.267698 -0.991073 -0.133317 362.793354 0.000000 0.000000 1.000000
19 25 263.0 -0.096126 0.995369 117.435883 -0.995369 -0.096126 352.763290 0.000000 0.000000 1.000000
19 25 214.0 -0.149253 0.988799 123.119420 -0.988799 -0.149253 367.092204 0.000000 0.000000 1.000000
19 25 133.0 -0.174496 0.984658 130.456211 -0.984658 -0.174496 369.211066 0.000000 0.000000 1.000000
20 24 454.0 0.985212 -0.171341 -207.070167 0.171341 0.985212 -201.368506 0.000000 0.000000 1.000000
20 24 400.0 0.984110 -0.177561 -202.106172 0.177561 0.984110 -204.635305 0.000000 0.000000 1.000000
20 24 278.0 0.979114 -0.203313 -188.927463 0.203313 0.979114 -214.339862 0.000000 0.000000 1.000000
20 24 223.0 0.976187 -0.216930 -180.736910 0.216930 0.976187 -217.959586 0.000000 0.000000 1.000000
20 24 223.0 0.987787 -0.155812 -213.833142 0.155812 0.987787 -196.072133 0.000000 0.000000 1.000000
20 24 176.0 0.989056 -0.147539 -211.689358 0.147539 0.989056 -189.692045 0.000000 0.000000 1.000000
20 24 134.0 0.989949 -0.141421 -213.177185 0.141421 0.989949 -186.136320 0.000000 0.000000 1.000000
21 23 406.0 -0.946931 -0.321435 682.641960 0.321435 -0.946931 207.670628 0.000000 0.000000 1.000000
22 23 332.0 0.043437 -0.999056 933.937409 0.999056 0.043437 17.402159 0.000000 0.000000 1.000000
22 23 332.0 0.053864 -0.998548 931.210701 0.998548 0.053864 13.188391 0.000000 0.000000 1.000000
22 23 303.0 0.074420 -0.997227 924.031150 0.997227 0.074420 3.904452 0.000000 0.000000 1.000000
22 23 250.0 0.037947 -0.999280 934.801856 0.999280 0.037947 19.889856 0.000000 0.000000 1.000000
22 23 145.0 0.014865 -0.999890 947.389263 0.999890 0.014865 31.887471 0.000000 0.000000 1.000000
22 28 388.0 -0.133344 0.991070 48.606017 -0.991070 -0.133344 415.606273 0.000000 0.000000 1.000000
22 28 388.0 -0.131958 0.991255 47.570298 -0.991255 -0.131958 412.763142 0.000000 0.000000 1.000000
22 28 207.0 -0.160140 0.987094 54.586082 -0.987094 -0.160140 418.864216 0.000000 0.000000 1.000000
22 28 133.0 -0.175981 0.984394 57.852409 -0.984394 -0.175981 419.744944 0.000000 0.000000 1.000000
23 29 280.0 -0.115823 -0.993270 398.753531 0.993270 -0.115823 8.679768 0.000000 0.000000 1.000000
23 29 230.0 -0.099813 -0.995006 393.888831 0.995006 -0.099813 4.608537 0.000000 0.000000 1.000000
24 25 360.0 -0.999826 0.018663 741.981812 -0.018663 -0.999826 321.829410 0.000000 0.000000 1.000000
24 25 329.0 -1.000000 0.000000 745.000000 -0.000000 -1.000000 314.000000 0.000000 0.000000 1.000000
24 25 150.0 -0.999472 -0.032503 751.209226 0.032503 -0.999472 298.468315 0.000000 0.000000 1.000000
24 26 326.0 0.744735 0.667360 -238.392028 -0.667360 0.744735 588.547004 0.000000 0.000000 1.000000
24 34 461.0 -0.880572 0.473913 203.433096 -0.473913 -0.880572 658.132733 0.000000 0.000000 1.000000
24 34 461.0 -0.891278 0.453457 213.699497 -0.453457 -0.891278 655.634395 0.000000 0.000000 1.000000
24 34 350.0 -0.879807 0.475332 202.351874 -0.475332 -0.879807 656.849782 0.000000 0.000000 1.000000
24 34 325.0 -0.894427 0.447214 217.354796 -0.447214 -0.894427 656.805849 0.000000 0.000000 1.000000
24 48 108.0 0.789352 0.613941 -480.794514 -0.613941 0.789352 170.896520 0.000000 0.000000 1.000000
24 50 112.0 0.677198 -0.735801 -4.654697 0.735801 0.677198 -213.957638 0.000000 0.000000 1.000000
25 35 433.0 0.130455 0.991454 208.052405 -0.991454 0.130455 683.528705 0.000000 0.000000 1.000000
25 35 433.0 0.128410 0.991721 209.530147 -0.991721 0.128410 683.553361 0.000000 0.000000 1.000000
25 35 398.0 0.116228 0.993223 211.598469 -0.993223 0.116228 688.511781 0.000000 0.000000 1.000000
25 35 234.0 0.156414 0.987692 198.803396 -0.987692 0.156414 675.910844 0.000000 0.000000 1.000000
25 35 165.0 0.175981 0.984394 199.771406 -0.984394 0.175981 672.572605 0.000000 0.000000 1.000000
25 35 145.0 0.106341 0.994330 218.863539 -0.994330 0.106341 690.499637 0.000000 0.000000 1.000000
25 35 145.0 0.103270 0.994653 219.447891 -0.994653 0.103270 691.391060 0.000000 0.000000 1.000000
26 27 347.0 -0.004367 0.999990 -264.305450 -0.999990 -0.004367 755.607644 0.000000 0.000000 1.000000
26 27 296.0 -0.029333 0.999570 -255.902135 -0.999570 -0.029333 767.440715 0.000000 0.000000 1.000000
26 27 296.0 -0.023250 0.999730 -256.392418 -0.999730 -0.023250 764.881202 0.000000 0.000000 1.000000
26 27 154.0 -0.079395 0.996843 -238.197698 -0.996843 -0.079395 792.827555 0.000000 0.000000 1.000000
26 27 107.0 -0.077778 0.996971 -238.603535 -0.996971 -0.077778 793.075120 0.000000 0.000000 1.000000
27 32 210.0 0.326496 -0.945199 717.159899 0.945199 0.326496 -169.869704 0.000000 0.000000 1.000000
27 32 135.0 0.273880 -0.961764 740.963965 0.961764 0.273880 -154.536370 0.000000 0.000000 1.000000
28 29 223.0 0.188348 0.982102 -114.863254 -0.982102 0.188348 891.160979 0.000000 0.000000 1.000000
28 29 215.0 0.178885 0.983870 -111.236336 -0.983870 0.178885 896.195284 0.000000 0.000000 1.000000
28 29 197.0 0.229039 0.973417 -132.401697 -0.973417 0.229039 874.263651 0.000000 0.000000 1.000000
28 29 161.0 0.182089 0.983282 -113.712030 -0.983282 0.182089 896.100259 0.000000 0.000000 1.000000
28 29 92.0 0.135113 0.990830 -90.135849 -0.990830 0.135113 915.746415 0.000000 0.000000 1.000000
29 31 271.0 -0.130914 -0.991394 650.223698 0.991394 -0.130914 243.888473 0.000000 0.000000 1.000000
29 31 271.0 -0.134303 -0.990940 650.318312 0.990940 -0.134303 243.791184 0.000000 0.000000 1.000000
30 40 484.0 -0.055071 0.998482 -52.704270 -0.998482 -0.055071 448.555178 0.000000 0.000000 1.000000
30 40 443.0 -0.056911 0.998379 -52.334115 -0.998379 -0.056911 447.809422 0.000000 0.000000 1.000000
30 40 424.0 -0.060575 0.998164 -51.364450 -0.998164 -0.060575 451.333148 0.000000 0.000000 1.000000
30 40 424.0 -0.050660 0.998716 -53.829631 -0.998716 -0.050660 447.987856 0.000000 0.000000 1.000000
30 40 277.0 -0.087782 0.996140 -45.391503 -0.996140 -0.087782 456.910674 0.000000 0.000000 1.000000
30 40 240.0 -0.034281 0.999412 -57.619936 -0.999412 -0.034281 440.941011 0.000000 0.000000 1.000000
30 40 153.0 -0.104685 0.994505 -42.010837 -0.994505 -0.104685 458.843254 0.000000 0.000000 1.000000
31 32 128.0 -0.047068 -0.998892 682.470468 0.998892 -0.047068 346.446232 0.000000 0.000000 1.000000
31 32 128.0 -0.039680 -0.999212 681.536710 0.999212 -0.039680 342.924761 0.000000 0.000000 1.000000
31 32 93.0 -0.098988 -0.995089 686.944461 0.995089 -0.098988 367.493158 0.000000 0.000000 1.000000
31 36 435.0 -0.627358 -0.778731 980.970816 0.778731 -0.627358 279.461400 0.000000 0.000000 1.000000
31 36 189.0 -0.608761 -0.793353 980.351936 0.793353 -0.608761 266.968429 0.000000 0.000000 1.000000
31 36 162.0 -0.652370 -0.757901 985.384221 0.757901 -0.652370 299.248337 0.000000 0.000000 1.000000
31 57 97.0 0.279092 0.960264 -58.030135 -0.960264 0.279092 842.594905 0.000000 0.000000 1.000000
32 37 155.0 0.981491 0.191510 -73.419291 -0.191510 0.981491 -153.610180 0.000000 0.000000 1.000000
33 34 218.0 0.907563 -0.419917 91.016865 0.419917 0.907563 175.493753 0.000000 0.000000 1.000000
33 34 218.0 0.909049 -0.416689 90.390629 0.416689 0.909049 176.541263 0.000000 0.000000 1.000000
33 34 218.0 0.895194 -0.445676 98.571335 0.445676 0.895194 170.601822 0.000000 0.000000 1.000000
33 34 91.0 0.900724 -0.434392 92.835262 0.434392 0.900724 170.038924 0.000000 0.000000 1.000000
33 38 193.0 -0.520855 0.853645 393.491287 -0.853645 -0.520855 824.770436 0.000000 0.000000 1.000000
33 38 193.0 -0.535969 0.844238 401.857909 -0.844238 -0.535969 823.113380 0.000000 0.000000 1.000000
33 38 87.0 -0.572708 0.819759 423.094860 -0.819759 -0.572708 822.378003 0.000000 0.000000 1.000000
34 35 154.0 -0.327283 0.944926 173.582414 -0.944926 -0.327283 1059.950797 0.000000 0.000000 1.000000
34 35 134.0 -0.295470 0.955352 155.137037 -0.955352 -0.295470 1052.690884 0.000000 0.000000 1.000000
34 35 90.0 -0.382243 0.924062 207.592520 -0.924062 -0.382243 1066.642684 0.000000 0.000000 1.000000
34 39 288.0 0.723803 0.690007 48.680530 -0.690007 0.723803 287.803917 0.000000 0.000000 1.000000
34 59 84.0 0.245422 0.969416 -127.026869 -0.969416 0.245422 255.200271 0.000000 0.000000 1.000000
35 41 306.0 0.677400 0.735615 -168.488128 -0.735615 0.677400 515.738753 0.000000 0.000000 1.000000
35 41 197.0 0.663710 0.747990 -168.565455 -0.747990 0.663710 523.390951 0.000000 0.000000 1.000000
36 37 364.0 0.680112 0.733108 89.409793 -0.733108 0.680112 107.065894 0.000000 0.000000 1.000000
36 37 318.0 0.688508 0.725229 92.021549 -0.725229 0.688508 102.790862 0.000000 0.000000 1.000000
36 40 303.0 -0.447214 0.894427 -80.342702 -0.894427 -0.447214 971.083100 0.000000 0.000000 1.000000
36 40 160.0 -0.461252 0.887269 -68.673918 -0.887269 -0.461252 972.981049 0.000000 0.000000 1.000000
36 43 185.0 -0.445836 0.895115 -27.085112 -0.895115 -0.445836 582.971447 0.000000 0.000000 1.000000
37 38 131.0 -0.631271 -0.775562 1054.951766 0.775562 -0.631271 277.403971 0.000000 0.000000 1.000000
37 46 274.0 -0.976100 -0.217320 688.450088 0.217320 -0.976100 312.941570 0.000000 0.000000 1.000000
37 46 187.0 -0.970663 -0.240446 687.105711 0.240446 -0.970663 306.211599 0.000000 0.000000 1.000000
37 46 138.0 -0.984550 -0.175105 680.286759 0.175105 -0.984550 321.754672 0.000000 0.000000 1.000000
37 46 129.0 -0.953674 -0.300843 696.755502 0.300843 -0.953674 280.629698 0.000000 0.000000 1.000000
38 44 255.0 0.975671 -0.219239 -108.546503 0.219239 0.975671 111.263961 0.000000 0.000000 1.000000
38 44 255.0 0.976808 -0.214119 -109.734326 0.214119 0.976808 112.710646 0.000000 0.000000 1.000000
38 44 157.0 0.971136 -0.238525 -104.271976 0.238525 0.971136 105.845879 0.000000 0.000000 1.000000
39 45 263.0 0.544773 -0.838583 603.036638 0.838583 0.544773 52.005488 0.000000 0.000000 1.000000
40 47 329.0 -0.857564 -0.514378 999.591612 0.514378 -0.857564 328.434228 0.000000 0.000000 1.000000
40 47 240.0 -0.880471 -0.474100 999.619362 0.474100 -0.880471 352.243208 0.000000 0.000000 1.000000
40 47 104.0 -0.878853 -0.477092 992.073436 0.477092 -0.878853 349.839565 0.000000 0.000000 1.000000
41 42 269.0 0.500235 -0.865890 202.211440 0.865890 0.500235 -1.044198 0.000000 0.000000 1.000000
41 42 166.0 0.458289 -0.888803 214.764973 0.888803 0.458289 1.082070 0.000000 0.000000 1.000000
42 45 407.0 -0.316228 -0.948683 1054.148308 0.948683 -0.316228 92.829851 0.000000 0.000000 1.000000
42 45 396.0 -0.325468 -0.945553 1056.270887 0.945553 -0.325468 98.889252 0.000000 0.000000 1.000000
42 45 226.0 -0.282166 -0.959366 1048.446557 0.959366 -0.282166 70.430457 0.000000 0.000000 1.000000
42 51 148.0 0.800000 0.600000 -115.200000 -0.600000 0.800000 546.400000 0.000000 0.000000 1.000000
42 51 96.0 0.854788 0.518978 -123.869611 -0.518978 0.854788 499.970100 0.000000 0.000000 1.000000
42 51 92.0 0.785619 0.618711 -110.716681 -0.618711 0.785619 560.514338 0.000000 0.000000 1.000000
43 46 319.0 -0.547249 0.836970 326.437157 -0.836970 -0.547249 1070.797248 0.000000 0.000000 1.000000
43 46 185.0 -0.512278 0.858820 300.547750 -0.858820 -0.512278 1069.204700 0.000000 0.000000 1.000000
43 46 185.0 -0.514496 0.857493 303.352385 -0.857493 -0.514496 1069.334473 0.000000 0.000000 1.000000
43 46 160.0 -0.578747 0.815507 350.368289 -0.815507 -0.578747 1074.735415 0.000000 0.000000 1.000000
43 46 160.0 -0.582571 0.812780 354.401869 -0.812780 -0.582571 1074.129480 0.000000 0.000000 1.000000
43 47 288.0 -0.872643 -0.488360 677.049852 0.488360 -0.872643 122.713184 0.000000 0.000000 1.000000
43 47 276.0 -0.870824 -0.491594 676.613292 0.491594 -0.870824 121.626789 0.000000 0.000000 1.000000
43 47 276.0 -0.859080 -0.511841 673.581664 0.511841 -0.859080 114.703860 0.000000 0.000000 1.000000
43 47 217.0 -0.886850 -0.462057 678.324170 0.462057 -0.886850 133.870232 0.000000 0.000000 1.000000
43 47 172.0 -0.889158 -0.457600 678.363114 0.457600 -0.889158 133.002947 0.000000 0.000000 1.000000
44 45 133.0 -0.839153 -0.543895 497.878144 0.543895 -0.839153 226.113853 0.000000 0.000000 1.000000
44 46 116.0 0.880022 -0.474933 412.790715 0.474933 0.880022 74.758437 0.000000 0.000000 1.000000
44 49 235.0 -0.993501 -0.113822 485.578749 0.113822 -0.993501 821.391021 0.000000 0.000000 1.000000
45 52 560.0 -0.653153 -0.757226 1040.712266 0.757226 -0.653153 185.740650 0.000000 0.000000 1.000000
45 52 560.0 -0.658505 -0.752577 1040.744347 0.752577 -0.658505 189.315164 0.000000 0.000000 1.000000
45 52 300.0 -0.667545 -0.744569 1038.987433 0.744569 -0.667545 197.985626 0.000000 0.000000 1.000000
45 52 291.0 -0.638755 -0.769410 1039.990574 0.769410 -0.638755 173.041620 0.000000 0.000000 1.000000
45 52 253.0 -0.636476 -0.771296 1040.623502 0.771296 -0.636476 171.710309 0.000000 0.000000 1.000000
45 52 215.0 -0.680641 -0.732617 1042.705859 0.732617 -0.680641 207.134727 0.000000 0.000000 1.000000
45 52 179.0 -0.678280 -0.734803 1037.497670 0.734803 -0.678280 207.962083 0.000000 0.000000 1.000000
46 48 87.0 -0.653620 0.756823 233.042981 -0.756823 -0.653620 1064.332242 0.000000 0.000000 1.000000
47 53 402.0 -0.894427 0.447214 187.969889 -0.447214 -0.894427 689.637603 0.000000 0.000000 1.000000
47 53 146.0 -0.912685 0.408665 200.652873 -0.408665 -0.912685 687.841778 0.000000 0.000000 1.000000
47 53 136.0 -0.906921 0.421300 194.488590 -0.421300 -0.906921 688.916459 0.000000 0.000000 1.000000
47 53 135.0 -0.875838 0.482605 167.421607 -0.482605 -0.875838 688.881830 0.000000 0.000000 1.000000
47 53 112.0 -0.877040 0.480417 172.013731 -0.480417 -0.877040 687.895095 0.000000 0.000000 1.000000
48 49 462.0 0.212295 0.977206 211.846083 -0.977206 0.212295 388.085453 0.000000 0.000000 1.000000
48 49 462.0 0.198561 0.980089 215.041719 -0.980089 0.198561 390.430268 0.000000 0.000000 1.000000
48 49 462.0 0.199651 0.979867 214.511052 -0.979867 0.199651 392.681535 0.000000 0.000000 1.000000
48 49 397.0 0.196116 0.980581 216.802342 -0.980581 0.196116 391.729481 0.000000 0.000000 1.000000
48 49 386.0 0.220261 0.975441 212.418737 -0.975441 0.220261 385.772417 0.000000 0.000000 1.000000
48 49 361.0 0.188072 0.982155 217.387706 -0.982155 0.188072 393.992548 0.000000 0.000000 1.000000
48 49 280.0 0.222908 0.974839 213.245111 -0.974839 0.222908 384.587111 0.000000 0.000000 1.000000
48 49 177.0 0.234641 0.972082 212.092656 -0.972082 0.234641 380.433943 0.000000 0.000000 1.000000
48 50 197.0 -0.061897 0.998083 -230.482616 -0.998083 -0.061897 817.056822 0.000000 0.000000 1.000000
48 57 134.0 -0.976423 -0.215867 586.244405 0.215867 -0.976423 320.909690 0.000000 0.000000 1.000000
49 52 355.0 -0.270746 -0.962651 937.522536 0.962651 -0.270746 307.123298 0.000000 0.000000 1.000000
49 52 161.0 -0.298930 -0.954275 941.093584 0.954275 -0.298930 324.283861 0.000000 0.000000 1.000000
49 52 139.0 -0.306531 -0.951861 927.507826 0.951861 -0.306531 348.293127 0.000000 0.000000 1.000000
50 53 389.0 0.963475 0.267798 -224.413665 -0.267798 0.963475 -193.033635 0.000000 0.000000 1.000000
50 58 289.0 -0.544815 -0.838556 965.212256 0.838556 -0.544815 83.218653 0.000000 0.000000 1.000000
50 58 273.0 -0.507020 -0.861934 959.574717 0.861934 -0.507020 60.342465 0.000000 0.000000 1.000000
50 58 249.0 -0.550399 -0.834902 967.096623 0.834902 -0.550399 85.599060 0.000000 0.000000 1.000000
51 52 398.0 0.104993 0.994473 251.096648 -0.994473 0.104993 776.001448 0.000000 0.000000 1.000000
51 52 398.0 0.092773 0.995687 257.191698 -0.995687 0.092773 777.759169 0.000000 0.000000 1.000000
51 52 334.0 0.072655 0.997357 266.146160 -0.997357 0.072655 781.936871 0.000000 0.000000 1.000000
51 52 150.0 0.060293 0.998181 272.006227 -0.998181 0.060293 785.249607 0.000000 0.000000 1.000000
51 52 117.0 0.059595 0.998223 274.310387 -0.998223 0.059595 785.841875 0.000000 0.000000 1.000000
51 52 117.0 0.058722 0.998274 274.927981 -0.998274 0.058722 785.891133 0.000000 0.000000 1.000000
51 59 184.0 -0.472765 0.881189 45.726526 -0.881189 -0.472765 922.018130 0.000000 0.000000 1.000000
51 59 119.0 -0.497741 0.867326 58.323653 -0.867326 -0.497741 924.241252 0.000000 0.000000 1.000000
51 59 94.0 -0.454470 0.890762 33.452734 -0.890762 -0.454470 922.668079 0.000000 0.000000 1.000000
52 56 397.0 0.711521 0.702664 -338.682640 -0.702664 0.711521 176.891973 0.000000 0.000000 1.000000
52 56 397.0 0.707465 0.706749 -338.689039 -0.706749 0.707465 180.385803 0.000000 0.000000 1.000000
52 56 261.0 0.707107 0.707107 -339.962554 -0.707107 0.707107 179.108081 0.000000 0.000000 1.000000
52 56 145.0 0.692680 0.721245 -342.492491 -0.721245 0.692680 188.437894 0.000000 0.000000 1.000000
53 54 453.0 -0.493013 -0.870022 982.910077 0.870022 -0.493013 116.625015 0.000000 0.000000 1.000000
53 54 357.0 -0.479257 -0.877675 979.950634 0.877675 -0.479257 107.517248 0.000000 0.000000 1.000000
53 54 357.0 -0.489251 -0.872143 981.357107 0.872143 -0.489251 112.874965 0.000000 0.000000 1.000000
53 54 357.0 -0.485929 -0.873998 980.940090 0.873998 -0.485929 111.291614 0.000000 0.000000 1.000000
53 54 299.0 -0.506422 -0.862286 983.228803 0.862286 -0.506422 125.344453 0.000000 0.000000 1.000000
53 54 132.0 -0.508959 -0.860790 988.951401 0.860790 -0.508959 125.667800 0.000000 0.000000 1.000000
54 58 159.0 0.956352 -0.292219 346.384521 0.292219 0.956352 -296.239263 0.000000 0.000000 1.000000
54 58 159.0 0.958257 -0.285908 343.412803 0.285908 0.958257 -295.572114 0.000000 0.000000 1.000000
54 58 137.0 0.952515 -0.304492 352.716760 0.304492 0.952515 -295.238758 0.000000 0.000000 1.000000
54 58 137.0 0.948683 -0.316228 359.039501 0.316228 0.948683 -297.571898 0.000000 0.000000 1.000000
54 65 278.0 0.121482 0.992594 -203.975990 -0.992594 0.121482 442.557200 0.000000 0.000000 1.000000
54 65 205.0 0.170621 0.985337 -213.282468 -0.985337 0.170621 419.996291 0.000000 0.000000 1.000000
54 65 163.0 0.093021 0.995664 -198.227662 -0.995664 0.093021 453.329590 0.000000 0.000000 1.000000
55 56 309.0 0.979312 -0.202358 374.889164 0.202358 0.979312 -87.072037 0.000000 0.000000 1.000000
55 56 194.0 0.987241 -0.159232 359.705359 0.159232 0.987241 -83.188513 0.000000 0.000000 1.000000
55 56 141.0 0.990712 -0.135980 352.419578 0.135980 0.990712 -81.691551 0.000000 0.000000 1.000000
55 56 134.0 0.975282 -0.220962 385.499569 0.220962 0.975282 -87.789764 0.000000 0.000000 1.000000
55 64 247.0 -0.721496 0.692418 316.369501 -0.692418 -0.721496 531.143733 0.000000 0.000000 1.000000
55 64 222.0 -0.708314 0.705897 309.967122 -0.705897 -0.708314 531.991635 0.000000 0.000000 1.000000
55 64 199.0 -0.702589 0.711596 308.227907 -0.711596 -0.702589 532.051858 0.000000 0.000000 1.000000
56 59 150.0 0.985097 -0.172001 378.538562 0.172001 0.985097 -142.575617 0.000000 0.000000 1.000000
56 59 150.0 0.982163 -0.188031 385.677542 0.188031 0.982163 -144.767731 0.000000 0.000000 1.000000
56 63 421.0 0.227884 0.973688 -96.892631 -0.973688 0.227884 324.245274 0.000000 0.000000 1.000000
56 63 280.0 0.196116 0.980581 -94.861475 -0.980581 0.196116 335.927996 0.000000 0.000000 1.000000
56 63 100.0 0.278524 0.960429 -102.794244 -0.960429 0.278524 296.231943 0.000000 0.000000 1.000000
57 58 205.0 -0.749473 0.662035 671.889698 -0.662035 -0.749473 634.227247 0.000000 0.000000 1.000000
57 58 179.0 -0.731307 0.682048 663.010075 -0.682048 -0.731307 639.191675 0.000000 0.000000 1.000000
57 58 167.0 -0.725464 0.688260 659.035583 -0.688260 -0.725464 641.167663 0.000000 0.000000 1.000000
57 58 146.0 -0.790415 0.612572 695.983951 -0.612572 -0.790415 621.922195 0.000000 0.000000 1.000000
57 58 96.0 -0.707107 0.707107 644.483802 -0.707107 -0.707107 646.270165 0.000000 0.000000 1.000000
57 61 479.0 -0.942237 -0.334948 823.767853 0.334948 -0.942237 711.367281 0.000000 0.000000 1.000000
57 61 439.0 -0.940749 -0.339103 825.012797 0.339103 -0.940749 709.748930 0.000000 0.000000 1.000000
57 61 419.0 -0.939448 -0.342692 829.103665 0.342692 -0.939448 707.366985 0.000000 0.000000 1.000000
57 61 384.0 -0.937222 -0.348734 828.096270 0.348734 -0.937222 704.127186 0.000000 0.000000 1.000000
57 61 335.0 -0.932568 -0.360994 833.624912 0.360994 -0.932568 698.748350 0.000000 0.000000 1.000000
57 61 190.0 -0.929594 -0.368585 837.623513 0.368585 -0.929594 696.180320 0.000000 0.000000 1.000000
58 60 281.0 0.110769 0.993846 -238.867692 -0.993846 0.110769 501.618462 0.000000 0.000000 1.000000
58 60 258.0 0.099504 0.995037 -236.196761 -0.995037 0.099504 506.668234 0.000000 0.000000 1.000000
59 62 237.0 -0.987441 0.157991 474.313872 -0.157991 -0.987441 469.969908 0.000000 0.000000 1.000000
60 65 372.0 0.966438 0.256901 -360.464919 -0.256901 0.966438 -40.739567 0.000000 0.000000 1.000000
60 65 372.0 0.966562 0.256435 -360.001905 -0.256435 0.966562 -40.516755 0.000000 0.000000 1.000000
61 64 397.0 -0.666795 0.745241 630.472411 -0.745241 -0.666795 745.793123 0.000000 0.000000 1.000000
62 63 358.0 0.104756 -0.994498 843.674556 0.994498 0.104756 -207.218401 0.000000 0.000000 1.000000
62 63 239.0 0.144799 -0.989461 826.484221 0.989461 0.144799 -224.041585 0.000000 0.000000 1.000000
62 63 160.0 0.079643 -0.996823 860.263527 0.996823 0.079643 -197.139239 0.000000 0.000000 1.000000
63 64 127.0 0.387620 0.921819 -247.063051 -0.921819 0.387620 203.405501 0.000000 0.000000 1.000000
