1 2 0.999 -0.212047 -0.977259 333.858170 0.977259 -0.212047 187.523973 0 0 1
1 4 0.998 0.406138 0.913812 159.067453 -0.913812 0.406138 173.260795 0 0 1
2 3 0.997 -0.524412 0.851465 246.190890 -0.851465 -0.524412 355.555685 0 0 1
2 5 0.996 0.479567 0.877505 -125.127779 -0.877505 0.479567 43.160263 0 0 1
3 6 0.995 -0.899981 0.435928 451.557917 -0.435928 -0.899981 381.227922 0 0 1
4 5 0.994 -0.263117 -0.964764 170.548163 0.964764 -0.263117 91.673104 0 0 1
4 9 0.993 0.263117 -0.964764 304.974074 0.964764 0.263117 183.363132 0 0 1
5 6 0.992 -0.864789 -0.502136 452.514910 0.502136 -0.864789 292.731232 0 0 1
5 7 0.989 0.447214 -0.894427 426.695579 0.894427 0.447214 -170.548822 0 0 1
6 8 0.988 -0.989949 0.141421 71.866104 -0.141421 -0.989949 258.663283 0 0 1
7 8 0.986 1.000000 -0.000000 29.000000 0.000000 1.000000 168.000000 0 0 1
7 9 0.985 0.995562 0.094108 -38.334812 -0.094108 0.995562 -148.290673 0 0 1
