1 
1 0 651.601654  0 1 652.308973  0 0 1
2 
-0.529919 0.848048 921.881936  -0.848048 -0.529919 976.164429  0 0 1
3 
-0.965926 -0.258819 1254.691323  0.258819 -0.965926 890.496122  0 0 1
4 
-0.970296 -0.241922 1118.548754  0.241922 -0.970296 1111.463393  0 0 1
5 
0.325568 -0.945519 869.163043  0.945519 0.325568 790.162553  0 0 1
6 
-0.819152 -0.573576 1322.968647  0.573576 -0.819152 1066.823496  0 0 1
7 
-0.998630 -0.052336 1064.021601  0.052336 -0.998630 1361.591470  0 0 1
8 
0.069756 0.997564 635.635928  -0.997564 0.069756 1360.338344  0 0 1
9 
0.707107 -0.707107 1080.705563  0.707107 0.707107 1023.449298  0 0 1
