0	1	0.999963	0
[0.9998536, 0.99999976, 0.9999994, 0.999997, 0.99996626]-0.190968 0.981596 184.301717
-0.981596 -0.190968 334.248052
0 0 1
0	1	0.996101	0
[0.99015397, 0.9905033, 0.9999796, 0.9999671, 0.99989927]0.191857 -0.981423 190.767804
0.981423 0.191857 -294.389291
0 0 1
0	1	0.996087	0
[0.9998399, 0.9999622, 0.99364555, 0.9919288, 0.99506]-0.244768 0.969582 191.626560
-0.969582 -0.244768 333.942865
0 0 1
0	3	0.999072	0
[0.9998535, 0.9999616, 0.99992967, 0.9999981, 0.9956163]0.405698 -0.914007 173.370040
0.914007 0.405698 159.144154
0 0 1
0	3	0.999683	0
[0.9999577, 0.99998975, 0.99996626, 0.99999833, 0.9985045]0.406492 -0.913654 173.411068
0.913654 0.406492 158.826794
0 0 1
1	2	0.999694	0
[0.9999684, 0.9998939, 0.99997735, 0.9999831, 0.99864537]-0.518435 -0.855117 356.018612
0.855117 -0.518435 244.948710
0 0 1
1	2	0.999430	0
[0.99998367, 0.9998135, 0.99997735, 0.99999, 0.99738413]-0.523422 -0.852074 355.756444
0.852074 -0.523422 245.873601
0 0 1
1	2	0.716480	0
[0.91171473, 0.20121448, 0.99761546, 0.99721354, 0.47464043]-0.529359 -0.848398 354.039295
0.848398 -0.529359 248.643260
0 0 1
1	2	0.652771	0
[0.62573004, 0.80803525, 0.2815, 0.5773659, 0.97122574]-0.489815 -0.871826 358.175086
0.871826 -0.489815 238.535449
0 0 1
1	2	0.999106	0
[0.99997103, 0.9994717, 0.99994755, 0.9999949, 0.99614656]-0.535062 -0.844813 356.464132
0.844813 -0.535062 247.301191
0 0 1
1	4	0.859120	0
[0.99807334, 0.33192798, 0.9875695, 0.9859044, 0.99212366]0.467429 -0.884031 44.342843
0.884031 0.467429 -122.809167
0 0 1
1	4	0.988496	0
[0.99980825, 0.95570785, 0.9997509, 0.993512, 0.9937032]0.444092 -0.895981 50.339323
0.895981 0.444092 -123.823228
0 0 1
2	5	0.998694	0
[1.0, 0.9999994, 1.0, 0.9999995, 0.99346864]-0.899379 -0.437169 381.012298
0.437169 -0.899379 451.327023
0 0 1
2	5	0.997667	0
[0.99999857, 0.99999607, 1.0, 0.9999999, 0.98834014]-0.888322 -0.459220 384.087599
0.459220 -0.888322 446.833076
0 0 1
2	5	0.998144	0
[1.0, 0.99999905, 1.0, 1.0, 0.99072194]-0.878001 -0.478659 386.741235
0.478659 -0.878001 440.376427
0 0 1
3	4	0.968836	0
[0.8496808, 0.9988637, 0.99919873, 0.9999956, 0.9964406]-0.263775 0.964584 90.887294
-0.964584 -0.263775 170.344267
0 0 1
3	4	0.941611	0
[0.78326523, 0.9699435, 0.9638609, 0.99996054, 0.9910256]-0.233262 0.972414 87.309547
-0.972414 -0.233262 170.366584
0 0 1
3	4	0.637629	0
[0.006170492, 0.9250393, 0.76699126, 0.99058586, 0.49935684]-0.301646 0.953420 97.035518
-0.953420 -0.301646 175.953291
0 0 1
3	4	0.937319	0
[0.8267085, 0.94145226, 0.9996785, 0.99831676, 0.92043793]-0.314101 0.949390 85.771297
-0.949390 -0.314101 175.341683
0 0 1
3	4	0.810484	0
[0.848556, 0.3130336, 0.96766686, 0.9963431, 0.92682]-0.317749 0.948175 79.233382
-0.948175 -0.317749 175.608485
0 0 1
3	4	0.925885	0
[0.88533795, 0.78414667, 0.995618, 0.9879067, 0.97641456]-0.319203 0.947686 82.663948
-0.947686 -0.319203 175.770054
0 0 1
3	8	0.975889	0
[0.88967633, 0.9952135, 0.99999285, 0.99780196, 0.99675936]0.263107 0.964767 183.553640
-0.964767 0.263107 304.553235
0 0 1
3	8	0.966648	0
[0.84114015, 0.9981426, 0.9999882, 0.9980648, 0.9959065]0.252536 0.967587 184.386612
-0.967587 0.252536 305.841632
0 0 1
3	8	0.986393	0
[0.9988931, 0.9938571, 0.9993642, 0.9592003, 0.98065233]0.281975 0.959422 180.049427
-0.959422 0.281975 304.354003
0 0 1
3	8	0.991271	0
[0.99405044, 0.99957305, 0.9999664, 0.969647, 0.99311733]0.236233 0.971696 185.685788
-0.971696 0.236233 306.250081
0 0 1
4	5	0.773467	0
[0.030973654, 0.88345903, 0.97867566, 0.98194903, 0.9922764]-0.825278 0.564726 276.137244
-0.564726 -0.825278 456.246488
0 0 1
4	6	0.883779	0
[0.9080398, 0.94293624, 0.67107433, 0.99921906, 0.8976276]0.446139 0.894964 -169.091832
-0.894964 0.446139 426.415833
0 0 1
4	6	0.863260	0
[0.9855399, 0.9839737, 0.5535068, 0.99602085, 0.79725885]0.440052 0.897972 -169.224754
-0.897972 0.440052 428.286662
0 0 1
4	6	0.811975	0
[0.5437358, 0.87919235, 0.9561525, 0.9951945, 0.6856006]0.412658 0.910886 -164.653997
-0.910886 0.412658 437.442807
0 0 1
5	7	0.512865	0
[0.46158323, 0.05677514, 0.9558872, 0.84332436, 0.24675359]-0.993357 -0.115075 260.144103
0.115075 -0.993357 75.101773
0 0 1
5	7	0.408835	0
[0.10457784, 0.47316557, 0.21449251, 0.98593485, 0.26600322]-0.989737 -0.142900 259.684413
0.142900 -0.989737 70.040019
0 0 1
6	7	0.470035	0
[0.0109098, 0.860536, 0.9961333, 0.44757274, 0.03502326]-0.001178 -0.999999 282.124416
0.999999 -0.001178 168.194833
0 0 1
6	7	0.470035	0
[0.0109098, 0.860536, 0.9961333, 0.44757274, 0.03502326]-0.001178 -0.999999 282.124416
0.999999 -0.001178 168.194833
0 0 1
6	8	0.850255	0
[0.96094567, 0.7860987, 0.9338344, 0.9961849, 0.5742141]-0.103031 -0.994678 350.866137
0.994678 -0.103031 -147.703431
0 0 1
6	8	0.993811	0
[0.99884844, 0.9818787, 0.9990778, 0.99911696, 0.99013406]-0.049367 -0.998781 340.649304
0.998781 -0.049367 -154.017419
0 0 1
