0	1	0.9948340654373169	0
-0.190968 0.981596 184.301717
-0.981596 -0.190968 334.248052
0 0 1
0	1	0.4523504376411438 0.0 8.031947002575048	2
-0.151363 0.988478 175.212478
-0.988478 -0.151363 334.595739
0 0 1
0	1	0.1127396821975708 3.1676060586798567 14.992080329625189	2
-0.244768 0.969582 191.62656
-0.969582 -0.244768 333.942865
0 0 1
0	3	0.633283257484436	0
0.405698 -0.914007 173.37004
0.914007 0.405698 159.144154
0 0 1
0	3	0.7082177996635437	0
0.406492 -0.913654 173.411068
0.913654 0.406492 158.826794
0 0 1
0	3	0.9976609945297241	0
0.423261 -0.906008 173.409897
0.906008 0.423261 159.319652
0 0 1
1	2	0.9982571005821228	0
-0.518435 -0.855117 356.018612
0.855117 -0.518435 244.94871
0 0 1
1	2	0.996479332447052	0
-0.523422 -0.852074 355.756444
0.852074 -0.523422 245.873601
0 0 1
1	2	0.9878238439559937	0
-0.529359 -0.848398 354.039295
0.848398 -0.529359 248.64326
0 0 1
1	2	0.9989323019981384	0
-0.489815 -0.871826 358.175086
0.871826 -0.489815 238.535449
0 0 1
1	2	0.9979220032691956	0
-0.535062 -0.844813 356.464132
0.844813 -0.535062 247.301191
0 0 1
1	4	0.9997598528862	0
0.467429 -0.884031 44.342843
0.884031 0.467429 -122.809167
0 0 1
1	4	0.99970942735672	0
0.444092 -0.895981 50.339323
0.895981 0.444092 -123.823228
0 0 1
2	5	0.9878166317939758	0
-0.899379 -0.437169 381.012298
0.437169 -0.899379 451.327023
0 0 1
2	5	0.06303184479475021 0.0 8.280806690844361	2
-0.888322 -0.45922 384.087599
0.45922 -0.888322 446.833076
0 0 1
2	5	1.6205129213631153e-05 2.5974544141956386 15.37295492294481	2
-0.878001 -0.478659 386.741235
0.478659 -0.878001 440.376427
0 0 1
3	4	0.999862790107727	0
-0.263775 0.964584 90.887294
-0.964584 -0.263775 170.344267
0 0 1
3	4	0.9998345375061035	0
-0.233262 0.972414 87.309547
-0.972414 -0.233262 170.366584
0 0 1
3	4	0.9998300075531006	0
-0.301646 0.95342 97.035518
-0.95342 -0.301646 175.953291
0 0 1
3	4	2.127952393493615e-05 3.305979494810735 18.051625653882194	2
-0.314101 0.94939 85.771297
-0.94939 -0.314101 175.341683
0 0 1
3	4	0.014417450875043869 3.526576079778051 24.5281793522929	2
-0.317749 0.948175 79.233382
-0.948175 -0.317749 175.608485
0 0 1
3	4	4.329062721808441e-05 3.614906231738887 21.913623137141503	2
-0.319203 0.947686 82.663948
-0.947686 -0.319203 175.770054
0 0 1
3	4	1.611482002772391e-05 3.561779380833028 14.74029696950654	2
-0.31833 0.94798 108.567386
-0.94798 -0.31833 177.089201
0 0 1
3	4	1.5254656318575144e-05 3.5389728233651483 16.689699922152474	2
-0.317955 0.948106 111.796028
-0.948106 -0.317955 177.191983
0 0 1
3	8	0.9989916682243347	0
0.263107 0.964767 183.55364
-0.964767 0.263107 304.553235
0 0 1
3	8	0.9992990493774414	0
0.252536 0.967587 184.386612
-0.967587 0.252536 305.841632
0 0 1
3	8	0.8078985810279846	0
0.281975 0.959422 180.049427
-0.959422 0.281975 304.354003
0 0 1
3	8	0.999299168586731	0
0.236233 0.971696 185.685788
-0.971696 0.236233 306.250081
0 0 1
4	5	0.97468501329422	0
-0.864202 0.503145 291.554019
-0.503145 -0.864202 453.874319
0 0 1
4	5	0.0032075471244752407 0.0 12.25521996809408	2
-0.825278 0.564726 276.137244
-0.564726 -0.825278 456.246488
0 0 1
4	5	0.0007302979938685894 3.3946330021969264 19.518323655084497	2
-0.815179 0.57921 273.050128
-0.57921 -0.815179 455.791609
0 0 1
4	5	2.4483635570504703e-05 2.7990024208609325 24.558290467805733	2
-0.821157 0.570703 278.407602
-0.570703 -0.821157 446.92291
0 0 1
4	6	0.9997915625572205	0
0.446139 0.894964 -169.091832
-0.894964 0.446139 426.415833
0 0 1
4	6	0.99980229139328	0
0.440052 0.897972 -169.224754
-0.897972 0.440052 428.286662
0 0 1
4	6	0.9998151659965515	0
0.412658 0.910886 -164.653997
-0.910886 0.412658 437.442807
0 0 1
4	6	0.9996163845062256	0
0.459157 0.888355 -174.703832
-0.888355 0.459157 425.211294
0 0 1
5	7	0.9652527570724487	0
-0.993357 -0.115075 260.144103
0.115075 -0.993357 75.101773
0 0 1
5	7	0.9996356964111328	0
-0.996848 -0.079334 256.303659
0.079334 -0.996848 80.42081
0 0 1
5	7	0.8464562892913818	0
-0.989737 -0.1429 259.684413
0.1429 -0.989737 70.040019
0 0 1
6	7	0.99318528175354	0
-0.001178 -0.999999 282.124416
0.999999 -0.001178 168.194833
0 0 1
6	7	0.99318528175354	0
-0.001178 -0.999999 282.124416
0.999999 -0.001178 168.194833
0 0 1
6	7	0.9996261596679688	0
-0.001443 -0.999999 283.81332
0.999999 -0.001443 170.016572
0 0 1
6	7	0.8001764416694641	0
-0.002062 -0.999998 277.69933
0.999998 -0.002062 166.538339
0 0 1
6	7	0.4886956512928009 0.0 8.346006175507643	2
8.5e-05 -1.0 291.478933
1.0 8.5e-05 171.94901
0 0 1
6	7	2.2471991542261094e-05 0.0 12.990420995969604	2
0.000492 -1.0 295.881038
1.0 0.000492 174.043168
0 0 1
6	7	2.103057522617746e-05 0.0 12.790622459821845	2
0.000432 -1.0 295.804402
1.0 0.000432 173.830857
0 0 1
6	8	0.9995583891868591	0
-0.103031 -0.994678 350.866137
0.994678 -0.103031 -147.703431
0 0 1
6	8	0.9796580076217651	0
-0.049367 -0.998781 340.649304
0.998781 -0.049367 -154.017419
0 0 1
6	8	0.19591392576694489 3.004202858541099 12.716838517094596	2
-0.139244 -0.990258 357.995199
0.990258 -0.139244 -143.697254
0 0 1
6	8	0.8040842413902283	0
-0.134438 -0.990922 358.581541
0.990922 -0.134438 -138.676843
0 0 1
6	8	6.198496703291312e-05 3.1777200452394077 15.474591857708814	2
-0.142251 -0.989831 370.62303
0.989831 -0.142251 -135.744516
0 0 1
6	8	1.724008507153485e-05 3.027924350063115 21.527568729586456	2
-0.139657 -0.9902 376.831481
0.9902 -0.139657 -135.956933
0 0 1
6	8	7.269666093634441e-05 0.0 41.193792048010025	2
-0.054824 -0.998496 381.02524
0.998496 -0.054824 -144.016956
0 0 1
6	8	0.8346890211105347	0
-0.053802 -0.998552 341.796305
0.998552 -0.053802 -158.476214
0 0 1
6	8	7.515462493756786e-05 0.0 14.948787093303642	2
-0.071027 -0.997474 331.153441
0.997474 -0.071027 -153.452613
0 0 1
