0	1	0.9990615248680115	0
0.991757 -0.128132 484.219394
0.128132 0.991757 725.100223
0 0 1
0	5	0.999934196472168	0
0.844743 0.535172 263.989424
-0.535172 0.844743 193.857558
0 0 1
1	2	0.9999920129776001	0
-0.869686 -0.493606 2252.015205
0.493606 -0.869686 1747.754563
0 0 1
1	4	0.9961162805557251	0
-0.827707115936533 0.561160256793928 1434.2901630275285
-0.5611602567939279 -0.8277071159365329 1362.5364698490212
0 0 1
2	3	0.9999934434890747	0
-0.182316 0.98324 -482.0607
-0.98324 -0.182316 1634.78532
0 0 1
3	4	0.9999929666519165	0
-0.960436 -0.278502 694.22477
0.278502 -0.960436 1144.463846
0 0 1
3	6	0.999988317489624	0
-0.654547 -0.756021 1827.153267
0.756021 -0.654547 -33.774723
0 0 1
4	5	0.9999932050704956	0
-0.27306498450182926 -0.9619952232527016 2465.3383514931365
0.9619952232527014 -0.2730649845018292 569.0560413047859
0 0 1
4	8	0.9999921321868896	0
0.838063 -0.545573 278.371442
0.545573 0.838063 389.163439
0 0 1
5	7	0.9999531507492065	0
-0.926307 0.37677 1790.011841
-0.37677 -0.926307 1689.727208
0 0 1
6	8	0.9999910593032837	0
0.407755 -0.913092 1649.31845
0.913092 0.407755 564.132807
0 0 1
7	8	0.9999932050704956	0
0.094588 -0.995516 1079.905129
0.995516 0.094588 -944.081658
0 0 1
