1
0.8780428405160865 -0.47858204126193704 37.291729341860446 0.47858204126193704 0.8780428405160865 -517.0879766117341 0 0 1
2
0.8121320960024452 -0.5834736143500194 112.37961307951264 0.5834736143500194 0.8121320960024452 352.59245142893445 0 0 1
3
-0.9930845297252271 0.11740151966829304 906.6837068063626 -0.11740151966829304 -0.9930845297252271 3094.268114884392 0 0 1
4
0.06643589008769113 -0.9977906957414747 1577.1292663074737 0.9977906957414747 0.06643589008769113 1525.339385395111 0 0 1
5
-0.3448252435818387 0.9386669011895145 483.07403574802356 -0.9386669011895145 -0.3448252435818387 2294.9570431763877 0 0 1
6
0.9975286024387263 0.07026156357953783 172.75044438773108 -0.07026156357953783 0.9975286024387263 -219.15950373120043 0 0 1
7
-0.8024918645809112 0.5966630600946004 1740.034626459305 -0.5966630600946004 -0.8024918645809112 3342.986052776759 0 0 1
8
-0.9505208207971161 0.31066085886570377 2078.358262343171 -0.31066085886570377 -0.9505208207971161 1339.7484902750386 0 0 1
9
0.2229966679047522 0.9748192068806285 753.2867669684209 -0.9748192068806285 0.2229966679047522 1899.6990745659741 0 0 1
