6 7 142.0 0.629199 -0.777244 -266.686923 0.777244 0.629199 351.361991 0 0 1
3 7 141.0 0.262602 -0.964904 1580.287441 0.964904 0.262602 222.267979 0 0 1
1 6 153.0 0.059513 -0.998228 513.276183 0.998228 0.059513 -810.196932 0 0 1
0 6 148.0 0.51857 0.855035 145.852658 -0.855035 0.51857 1277.032043 0 0 1
2 6 208.0 0.959678 0.281103 646.122578 -0.281103 0.959678 -76.162475 0 0 1
5 7 269.0 0.511781 0.859116 -572.999147 -0.859116 0.511781 318.416385 0 0 1
0 7 455.0 -0.963635 -0.267223 1653.218162 0.267223 -0.963635 -1.842032 0 0 1
2 3 1334.0 0.497069 0.867711 -688.791161 -0.867711 0.497069 881.135469 0 0 1
5 6 1492.0 0.316732 -0.948515 1070.61774 0.948515 0.316732 136.349994 0 0 1
4 6 164.0 0.964234 -0.265053 1214.72054 0.265053 0.964234 132.665744 0 0 1
3 5 355.0 0.854654 0.519197 -261.513624 -0.519197 0.854654 1087.694754 0 0 1
1 3 286.0 -0.757265 0.653108 3.460342 -0.653108 -0.757265 1570.739296 0 0 1
2 5 543.0 0.08444 -0.996429 815.310151 0.996429 0.08444 1107.102448 0 0 1
4 7 1169.0 -0.442538 0.89675 332.235866 -0.89675 -0.442538 1382.338295 0 0 1
1 2 1334.0 0.516716 0.856157 -739.733589 -0.856157 0.516716 1291.704323 0 0 1
1 5 212.0 -0.835586 0.54936 762.032146 -0.54936 -0.835586 2582.534458 0 0 1
3 6 408.0 -0.804124 0.594462 -403.135633 -0.594462 -0.804124 1915.413579 0 0 1
0 1 757.0 -0.890223 0.455524 1586.296513 -0.455524 -0.890223 1844.774688 0 0 1
0 2 224.0 0.836416 0.548095 -28.554285 -0.548095 0.836416 -132.067321 0 0 1
2 7 134.0 -0.973964 -0.226701 1452.229731 0.226701 -0.973964 570.067109 0 0 1
2 4 360.0 -0.666322 -0.745665 2568.420445 0.745665 -0.666322 744.802536 0 0 1
0 5 149.0 -0.149783 0.988719 698.137747 -0.988719 -0.149783 868.659956 0 0 1
0 3 494.0 -0.030708 0.999528 141.82396 -0.999528 -0.030708 3011.927247 0 0 1
1 4 655.0 0.270879 -0.962613 2023.634722 0.962613 0.270879 967.943054 0 0 1
3 4 227.0 -0.993029 0.117873 1833.937987 -0.117873 -0.993029 2187.776808 0 0 1
0 4 157.0 0.984384 -0.176032 1028.390897 0.176032 0.984384 157.250635 0 0 1
1 7 133.0 -0.757635 -0.652678 1462.970559 0.652678 -0.757635 1045.988496 0 0 1
4 5 1300.0 0.66676 0.745273 -187.639972 -0.745273 0.66676 1397.828782 0 0 1
