0	1	0.9994955062866211	0
-0.890223 0.455524 1586.296513
-0.455524 -0.890223 1844.774688
0 0 1
1	2	0.9992998838424683	0
0.516716 0.856157 -739.733589
-0.856157 0.516716 1291.704323
0 0 1
1	4	0.9510096311569214	0
0.270879 -0.962613 2023.634722
0.962613 0.270879 967.943054
0 0 1
2	3	0.9997931122779846	0
0.497069 0.867711 -688.791161
-0.867711 0.497069 881.135469
0 0 1
2	5	0.9998224377632141	0
0.08444 -0.996429 815.310151
0.996429 0.08444 1107.102448
0 0 1
3	6	0.9998414516448975	0
-0.804124 0.594462 -403.135633
-0.594462 -0.804124 1915.413579
0 0 1
4	5	0.9998359680175781	0
0.66676 0.745273 -187.639972
-0.745273 0.66676 1397.828782
0 0 1
4	7	0.9998617172241211	0
-0.442538 0.89675 332.235866
-0.89675 -0.442538 1382.338295
0 0 1
5	6	0.9999206066131592	0
0.316732 -0.948515 1070.61774
0.948515 0.316732 136.349994
0 0 1
