1
-0.05266318218044464 -0.9986123318098116 1549.8922224072294 0.9986123318098116 -0.05266318218044464 -491.8944468294202 0 0 1
2
0.5044198812543614 0.8634585012583615 -377.38301005389656 -0.8634585012583615 0.5044198812543614 993.8332994531902 0 0 1
3
-0.47689825985978584 0.878958502855913 361.8569562105888 -0.878958502855913 -0.47689825985978584 2283.7957682657698 0 0 1
4
-0.9997624469157567 0.021795635733305226 1465.428531918005 -0.021795635733305226 -0.9997624469157567 2469.192570912627 0 0 1
5
0.9685215475262526 -0.24892973301185364 1477.6255279247669 0.24892973301185364 0.9685215475262526 -265.41739622913974 0 0 1
6
0.8326230591755049 0.5538400864231692 946.7956413850574 -0.5538400864231692 0.8326230591755049 1041.1705792300122 0 0 1
7
0.7912220138403039 -0.611529005701687 1910.194826009453 0.611529005701687 0.7912220138403039 562.8060619152623 0 0 1
8
-0.20880104713961992 0.9779581395506651 1458.0972188021915 -0.9779581395506651 -0.20880104713961992 1157.9404513855025 0 0 1
