1 
1 0 3480.061893  0 1 3480.415949  0 0 1
2 
0.121869 -0.992546 3880.142719  0.992546 0.121869 3454.732461  0 0 1
3 
0.777146 -0.629320 3919.465633  0.629320 0.777146 3386.850979  0 0 1
4 
-0.104528 0.994522 4033.485741  -0.994522 -0.104528 3813.164665  0 0 1
5 
0.848048 -0.529919 4243.839129  0.529919 0.848048 3393.782722  0 0 1
6 
-0.406737 0.913545 4395.790947  -0.913545 -0.406737 3855.805721  0 0 1
7 
0.866025 -0.500000 4585.311017  0.500000 0.866025 3398.448490  0 0 1
8 
0.190809 0.981627 4648.306846  -0.981627 0.190809 3769.859261  0 0 1
9 
0.615661 0.788011 4733.625510  -0.788011 0.615661 3682.132986  0 0 1
10 
0.990268 -0.139173 5057.913758  0.139173 0.990268 3452.128577  0 0 1
11 
-0.848048 -0.529919 5569.573234  0.529919 -0.848048 3690.874755  0 0 1
12 
-0.956305 -0.292372 5698.643813  0.292372 -0.956305 3738.845819  0 0 1
13 
-0.529919 -0.848048 5904.181062  0.848048 -0.529919 3555.628995  0 0 1
14 
0.422618 0.906308 5644.240178  -0.906308 0.422618 3740.568828  0 0 1
15 
0.615661 -0.788011 6061.274641  0.788011 0.615661 3386.825121  0 0 1
16 
0.754710 0.656059 5984.207899  -0.656059 0.754710 3596.561652  0 0 1
17 
0.087156 -0.996195 6491.712763  0.996195 0.087156 3463.411111  0 0 1
18 
-0.891007 -0.453990 6774.246691  0.453990 -0.891007 3690.894018  0 0 1
19 
-0.139173 -0.990268 6875.880500  0.990268 -0.139173 3486.783140  0 0 1
20 
-0.642788 -0.766044 7132.073828  0.766044 -0.642788 3586.203750  0 0 1
21 
-0.994522 -0.104528 3755.127019  0.104528 -0.994522 3865.853715  0 0 1
22 
0.920505 0.390731 3632.920495  -0.390731 0.920505 3716.180367  0 0 1
23 
0.656059 -0.754710 6577.031688  0.754710 0.656059 3613.314841  0 0 1
24 
0.469472 0.882948 6736.288537  -0.882948 0.469472 3802.382376  0 0 1
25 
-0.978148 -0.207912 4094.886292  0.207912 -0.978148 3850.728362  0 0 1
26 
0.258819 -0.965926 6808.700607  0.965926 0.258819 3669.014013  0 0 1
27 
0.999848 0.017452 6091.931195  -0.017452 0.999848 3705.285748  0 0 1
28 
0.788011 0.615661 6255.057375  -0.615661 0.788011 3742.144179  0 0 1
29 
0.034899 -0.999391 6145.156996  0.999391 0.034899 3705.983251  0 0 1
30 
0.139173 0.990268 5721.515500  -0.990268 0.139173 3808.816668  0 0 1
31 
-0.999391 -0.034899 4243.392005  0.034899 -0.999391 3855.059755  0 0 1
32 
-0.587785 0.809017 5481.529718  -0.809017 -0.587785 3917.595518  0 0 1
33 
-0.052336 -0.998630 5454.180037  0.998630 -0.052336 3734.402230  0 0 1
34 
0.766044 0.642788 5539.135204  -0.642788 0.766044 3769.679069  0 0 1
35 
0.788011 0.615661 4164.145141  -0.615661 0.788011 3782.612314  0 0 1
36 
0.017452 -0.999848 5095.040982  0.999848 0.017452 3741.982581  0 0 1
37 
-0.390731 -0.920505 4679.276305  0.920505 -0.390731 3808.172862  0 0 1
38 
0.788011 0.615661 4558.966571  -0.615661 0.788011 3908.325045  0 0 1
39 
-0.258819 -0.965926 5200.631408  0.965926 -0.258819 3817.858010  0 0 1
40 
-0.933580 -0.358368 4903.694676  0.358368 -0.933580 4101.169188  0 0 1
41 
0.999391 -0.034899 5051.426604  0.034899 0.999391 3748.180221  0 0 1
42 
-0.882948 0.469472 6315.329611  -0.469472 -0.882948 4275.607765  0 0 1
43 
-0.500000 -0.866025 5928.266569  0.866025 -0.500000 3873.075566  0 0 1
44 
-0.544639 0.838671 5811.536167  -0.838671 -0.544639 4254.852214  0 0 1
45 
0.996195 -0.087156 6454.665902  0.087156 0.996195 3765.468011  0 0 1
46 
-0.406737 -0.913545 4502.490732  0.913545 -0.406737 3834.098170  0 0 1
47 
-0.939693 -0.342020 5549.816875  0.342020 -0.939693 4094.536016  0 0 1
48 
0.406737 -0.913545 6092.979463  0.913545 0.406737 3706.220784  0 0 1
49 
-0.544639 -0.838671 5441.515196  0.838671 -0.544639 3900.379348  0 0 1
50 
-0.422618 -0.906308 5747.229178  0.906308 -0.422618 3856.398912  0 0 1
51 
-0.994522 0.104528 6481.280902  -0.104528 -0.994522 4180.891235  0 0 1
52 
0.615661 -0.788011 6913.287396  0.788011 0.615661 3698.594773  0 0 1
53 
-0.857167 -0.515038 6971.601127  0.515038 -0.857167 4063.568095  0 0 1
54 
-0.642788 0.766044 4086.048065  -0.766044 -0.642788 4218.253562  0 0 1
55 
0.970296 0.241922 3625.905260  -0.241922 0.970296 3851.361036  0 0 1
56 
-0.529919 0.848048 3909.140401  -0.848048 -0.529919 4175.263666  0 0 1
57 
-0.656059 0.754710 3579.469138  -0.754710 -0.656059 4151.376027  0 0 1
58 
0.992546 -0.121869 3485.982578  0.121869 0.992546 3979.063685  0 0 1
59 
-0.906308 0.422618 3834.594956  -0.422618 -0.906308 4298.981072  0 0 1
60 
-0.374607 0.927184 3860.027527  -0.927184 -0.374607 4287.100411  0 0 1
61 
-0.069756 -0.997564 4252.531636  0.997564 -0.069756 4049.509943  0 0 1
62 
-0.529919 -0.848048 4428.510851  0.848048 -0.529919 4111.375872  0 0 1
63 
-0.927184 0.374607 4506.336985  -0.374607 -0.927184 4259.266342  0 0 1
64 
-0.390731 -0.920505 5660.651643  0.920505 -0.390731 4128.347514  0 0 1
65 
0.207912 0.978148 5223.169049  -0.978148 0.207912 4242.517450  0 0 1
66 
-0.866025 -0.500000 4805.187096  0.500000 -0.866025 4173.974044  0 0 1
67 
-0.945519 -0.325568 4916.077726  0.325568 -0.945519 4201.497891  0 0 1
68 
0.999848 0.017452 5546.180189  -0.017452 0.999848 4103.278682  0 0 1
69 
-0.325568 -0.945519 6020.973008  0.945519 -0.325568 4133.604299  0 0 1
70 
-0.777146 -0.629320 5141.557638  0.629320 -0.777146 4187.707338  0 0 1
71 
-0.453990 0.891007 5128.935248  -0.891007 -0.453990 4312.135643  0 0 1
72 
0.342020 0.939693 5894.778175  -0.939693 0.342020 4258.395065  0 0 1
73 
-0.469472 -0.882948 6441.600401  0.882948 -0.469472 4159.253390  0 0 1
74 
0.951057 0.309017 6309.058061  -0.309017 0.951057 4137.486425  0 0 1
75 
-0.587785 0.809017 6544.260101  -0.809017 -0.587785 4393.454314  0 0 1
76 
-0.438371 0.898794 6706.116999  -0.898794 -0.438371 4330.997915  0 0 1
77 
-0.139173 -0.990268 7039.864997  0.990268 -0.139173 4162.909448  0 0 1
78 
-0.809017 -0.587785 4894.861271  0.587785 -0.809017 4335.223591  0 0 1
79 
-0.996195 -0.087156 4561.209537  0.087156 -0.996195 4401.251576  0 0 1
80 
0.656059 0.754710 4093.267795  -0.754710 0.656059 4316.696172  0 0 1
81 
0.933580 0.358368 4669.394661  -0.358368 0.933580 4193.036108  0 0 1
82 
0.974370 -0.224951 4874.303166  0.224951 0.974370 4128.700036  0 0 1
83 
-0.891007 -0.453990 3764.248671  0.453990 -0.891007 4327.534865  0 0 1
84 
0.694658 0.719340 4970.036226  -0.719340 0.694658 4299.853158  0 0 1
85 
0.838671 0.544639 3567.153969  -0.544639 0.838671 4254.178582  0 0 1
86 
0.719340 0.694658 3907.127027  -0.694658 0.719340 4270.934516  0 0 1
87 
0.484810 -0.874620 3973.284470  0.874620 0.484810 4125.059528  0 0 1
88 
-0.951057 -0.309017 5507.698350  0.309017 -0.951057 4391.969483  0 0 1
89 
-0.984808 -0.173648 6167.226888  0.173648 -0.984808 4398.101407  0 0 1
90 
0.999848 -0.017452 6091.127291  0.017452 0.999848 4210.361086  0 0 1
91 
-0.974370 0.224951 5578.362835  -0.224951 -0.974370 4425.616992  0 0 1
92 
0.961262 0.275637 6293.392061  -0.275637 0.961262 4255.993039  0 0 1
93 
0.573576 -0.819152 6621.604658  0.819152 0.573576 4126.529179  0 0 1
94 
-0.469472 -0.882948 6862.435168  0.882948 -0.469472 4315.790738  0 0 1
95 
-0.258819 0.965926 5776.727707  -0.965926 -0.258819 4448.496574  0 0 1
96 
-0.017452 0.999848 5543.496705  -0.999848 -0.017452 4415.962210  0 0 1
97 
-0.139173 -0.990268 7040.119858  0.990268 -0.139173 4297.034409  0 0 1
98 
0.996195 0.087156 3636.819776  -0.087156 0.996195 4332.357385  0 0 1
99 
-0.342020 0.939693 3871.097316  -0.939693 -0.342020 4555.192206  0 0 1
100 
-0.819152 -0.573576 4264.608598  0.573576 -0.819152 4442.159102  0 0 1
101 
0.766044 -0.642788 5159.434362  0.642788 0.766044 4235.524578  0 0 1
102 
-0.615661 0.788011 5355.404125  -0.788011 -0.615661 4550.118907  0 0 1
103 
-0.829038 -0.559193 3764.376110  0.559193 -0.829038 4479.557176  0 0 1
104 
-0.719340 0.694658 4280.686586  -0.694658 -0.719340 4557.665143  0 0 1
105 
-0.544639 0.838671 4926.961662  -0.838671 -0.544639 4543.272589  0 0 1
106 
0.422618 -0.906308 5948.564488  0.906308 0.422618 4291.393373  0 0 1
107 
-0.874620 -0.484810 6153.171491  0.484810 -0.874620 4423.972292  0 0 1
108 
-0.529919 -0.848048 4551.881518  0.848048 -0.529919 4392.373486  0 0 1
109 
-0.987688 0.156434 4784.548192  -0.156434 -0.987688 4490.682088  0 0 1
110 
-0.422618 0.906308 5481.589150  -0.906308 -0.422618 4483.070128  0 0 1
111 
-0.819152 0.573576 5718.601269  -0.573576 -0.819152 4550.385461  0 0 1
112 
0.961262 0.275637 6079.110741  -0.275637 0.961262 4377.351542  0 0 1
113 
-0.866025 0.500000 4712.478759  -0.500000 -0.866025 4840.134925  0 0 1
114 
-0.819152 0.573576 5940.405721  -0.573576 -0.819152 4776.983444  0 0 1
115 
0.933580 -0.358368 5581.286312  0.358368 0.933580 4329.531855  0 0 1
116 
0.052336 0.998630 5252.101085  -0.998630 0.052336 4706.308539  0 0 1
117 
-0.874620 0.484810 6120.113568  -0.484810 -0.874620 4747.516449  0 0 1
118 
-0.034899 -0.999391 5604.179067  0.999391 -0.034899 4402.154363  0 0 1
119 
0.642788 -0.766044 4833.065997  0.766044 0.642788 4349.504182  0 0 1
120 
-0.656059 -0.754710 5442.277161  0.754710 -0.656059 4538.632304  0 0 1
121 
-0.190809 -0.981627 6418.471645  0.981627 -0.190809 4457.134510  0 0 1
122 
-0.453990 -0.891007 5210.527943  0.891007 -0.453990 4473.705180  0 0 1
123 
0.052336 -0.998630 4525.585351  0.998630 0.052336 4398.995113  0 0 1
124 
-0.017452 0.999848 6345.732446  -0.999848 -0.017452 4492.294571  0 0 1
125 
-0.777146 -0.629320 7047.237002  0.629320 -0.777146 4472.323859  0 0 1
126 
0.798636 -0.601815 4265.943405  0.601815 0.798636 4349.064118  0 0 1
127 
-0.529919 -0.848048 6876.581032  0.848048 -0.529919 4497.161009  0 0 1
128 
-0.156434 0.987688 6744.835133  -0.987688 -0.156434 4712.689694  0 0 1
129 
-0.981627 0.190809 6721.763523  -0.190809 -0.981627 4715.775549  0 0 1
130 
0.453990 -0.891007 6478.893434  0.891007 0.453990 4393.495131  0 0 1
131 
0.707107 -0.707107 4120.280671  0.707107 0.707107 4344.419266  0 0 1
132 
0.529919 -0.848048 3978.880408  0.848048 0.529919 4397.001271  0 0 1
133 
0.997564 0.069756 3640.659773  -0.069756 0.997564 4474.750556  0 0 1
134 
-0.629320 -0.777146 3809.738017  0.777146 -0.629320 4595.681801  0 0 1
135 
-0.987688 -0.156434 7073.443137  0.156434 -0.987688 4991.938344  0 0 1
136 
-0.374607 -0.927184 6874.887257  0.927184 -0.374607 4679.918447  0 0 1
137 
0.342020 0.939693 6383.347209  -0.939693 0.342020 4930.576143  0 0 1
138 
-0.642788 0.766044 5648.340489  -0.766044 -0.642788 5129.619664  0 0 1
139 
0.309017 0.951057 5680.566824  -0.951057 0.309017 4958.692865  0 0 1
140 
-0.087156 0.996195 6307.489621  -0.996195 -0.087156 5001.212806  0 0 1
141 
0.406737 -0.913545 6108.643711  0.913545 0.406737 4588.221627  0 0 1
142 
0.970296 0.241922 5412.767435  -0.241922 0.970296 4666.672003  0 0 1
143 
-0.743145 0.669131 3951.047134  -0.669131 -0.743145 4982.522078  0 0 1
144 
-0.819152 -0.573576 4389.225997  0.573576 -0.819152 4830.211397  0 0 1
145 
-0.992546 0.121869 4382.210068  -0.121869 -0.992546 4941.571334  0 0 1
146 
-0.978148 -0.207912 5578.122928  0.207912 -0.978148 4987.093058  0 0 1
147 
-0.629320 -0.777146 4635.637977  0.777146 -0.629320 4782.681660  0 0 1
148 
0.927184 0.374607 4385.930889  -0.374607 0.927184 4711.393596  0 0 1
149 
0.422618 -0.906308 5269.345540  0.906308 0.422618 4590.425852  0 0 1
150 
-0.719340 -0.694658 6505.209603  0.694658 -0.719340 4824.288207  0 0 1
151 
0.999848 0.017452 4835.909342  -0.017452 0.999848 4668.323112  0 0 1
152 
0.987688 -0.156434 4749.734514  0.156434 0.987688 4652.422124  0 0 1
153 
0.984808 0.173648 3619.159807  -0.173648 0.984808 4708.185940  0 0 1
154 
0.731354 0.681998 3385.312132  -0.681998 0.731354 4805.098755  0 0 1
155 
0.951057 -0.309017 3876.406152  0.309017 0.951057 4807.500093  0 0 1
156 
0.573576 -0.819152 4169.787941  0.819152 0.573576 4747.228933  0 0 1
157 
-0.615661 -0.788011 3995.172326  0.788011 -0.615661 4956.185812  0 0 1
158 
0.719340 -0.694658 4301.626199  0.694658 0.719340 4823.153067  0 0 1
159 
-0.898794 -0.438371 3774.152180  0.438371 -0.898794 5062.126604  0 0 1
160 
0.999848 -0.017452 4347.856229  0.017452 0.999848 4892.474564  0 0 1
161 
-0.694658 -0.719340 4825.143770  0.719340 -0.694658 5007.249211  0 0 1
162 
0.974370 0.224951 6266.259568  -0.224951 0.974370 4954.716119  0 0 1
163 
0.987688 0.156434 5503.414375  -0.156434 0.987688 4954.703096  0 0 1
164 
-0.974370 0.224951 6993.496717  -0.224951 -0.974370 5170.074873  0 0 1
165 
-0.857167 0.515038 6276.232649  -0.515038 -0.857167 5188.515673  0 0 1
166 
-0.559193 0.829038 6579.744867  -0.829038 -0.559193 5205.688369  0 0 1
167 
0.358368 -0.933580 6002.778328  0.933580 0.358368 4879.154349  0 0 1
168 
-0.190809 -0.981627 4910.204301  0.981627 -0.190809 4967.435449  0 0 1
169 
0.069756 0.997564 5048.780218  -0.997564 0.069756 5085.229060  0 0 1
170 
0.809017 0.587785 5944.612658  -0.587785 0.809017 5021.282014  0 0 1
171 
0.945519 -0.325568 4871.444102  0.325568 0.945519 4885.114359  0 0 1
172 
-0.743145 0.669131 5417.000218  -0.669131 -0.743145 5209.067734  0 0 1
173 
-0.052336 0.998630 5516.856193  -0.998630 -0.052336 5316.655761  0 0 1
174 
-0.500000 -0.866025 4332.146754  0.866025 -0.500000 5086.772664  0 0 1
175 
-0.642788 0.766044 4968.797935  -0.766044 -0.642788 5369.857934  0 0 1
176 
0.224951 0.974370 4689.579131  -0.974370 0.224951 5228.053895  0 0 1
177 
0.819152 0.573576 5175.083278  -0.573576 0.819152 5112.900584  0 0 1
178 
-0.087156 0.996195 5074.836444  -0.996195 -0.087156 5291.683213  0 0 1
179 
0.997564 0.069756 5751.544604  -0.069756 0.997564 5039.455436  0 0 1
180 
-0.034899 0.999391 6712.422909  -0.999391 -0.034899 5333.886673  0 0 1
181 
-0.913545 -0.406737 4831.590323  0.406737 -0.913545 5198.954287  0 0 1
182 
0.777146 -0.629320 4289.331434  0.629320 0.777146 4989.532685  0 0 1
183 
-0.275637 -0.961262 6390.040594  0.961262 -0.275637 5084.442746  0 0 1
184 
-0.913545 -0.406737 4097.131886  0.406737 -0.913545 5205.453850  0 0 1
185 
-0.970296 -0.241922 3931.066145  0.241922 -0.970296 5231.827859  0 0 1
186 
0.777146 -0.629320 6063.329193  0.629320 0.777146 5002.799947  0 0 1
187 
0.999848 -0.017452 4356.690724  0.017452 0.999848 5048.582930  0 0 1
188 
-0.034899 0.999391 3480.891434  -0.999391 -0.034899 5277.090709  0 0 1
189 
0.087156 0.996195 6277.422065  -0.996195 0.087156 5298.950222  0 0 1
190 
-0.990268 0.139173 6772.477708  -0.139173 -0.990268 5314.612100  0 0 1
191 
0.990268 -0.139173 6511.552618  0.139173 0.990268 5044.894102  0 0 1
192 
-0.642788 0.766044 4572.104406  -0.766044 -0.642788 5550.475197  0 0 1
193 
-0.601815 -0.798636 4494.573128  0.798636 -0.601815 5284.063173  0 0 1
194 
-0.224951 -0.974370 4060.546884  0.974370 -0.224951 5220.045501  0 0 1
195 
-0.573576 0.819152 4418.358869  -0.819152 -0.573576 5486.106043  0 0 1
196 
-0.788011 0.615661 4812.806408  -0.615661 -0.788011 5459.019548  0 0 1
197 
-0.601815 -0.798636 4366.641515  0.798636 -0.601815 5289.524136  0 0 1
198 
-0.857167 0.515038 3828.316303  -0.515038 -0.857167 5504.475624  0 0 1
199 
-0.939693 0.342020 3692.883202  -0.342020 -0.939693 5517.833680  0 0 1
200 
-0.139173 -0.990268 5126.574836  0.990268 -0.139173 5227.793353  0 0 1
201 
1 0 5061  0 1 5212  0 0 1
202 
-0.374607 -0.927184 5583.205094  0.927184 -0.374607 5266.498182  0 0 1
203 
0.829038 0.559193 5715.883467  -0.559193 0.829038 5309.424803  0 0 1
204 
-0.241922 -0.970296 6356.564911  0.970296 -0.241922 5256.364788  0 0 1
205 
-0.866025 0.500000 6469.548582  -0.500000 -0.866025 5532.675015  0 0 1
206 
-0.573576 0.819152 5602.726603  -0.819152 -0.573576 5521.938298  0 0 1
207 
0.866025 -0.500000 6057.220420  0.500000 0.866025 5205.631109  0 0 1
208 
-0.406737 -0.913545 6772.265381  0.913545 -0.406737 5295.001398  0 0 1
209 
0.798636 0.601815 6611.061339  -0.601815 0.798636 5320.121704  0 0 1
210 
0.992546 -0.121869 6736.695513  0.121869 0.992546 5248.346721  0 0 1
211 
-0.087156 -0.996195 5108.394161  0.996195 -0.087156 5334.462368  0 0 1
212 
0.224951 0.974370 4669.764746  -0.974370 0.224951 5616.856300  0 0 1
213 
-0.139173 0.990268 5032.568040  -0.990268 -0.139173 5639.795177  0 0 1
214 
-0.719340 -0.694658 5629.881992  0.694658 -0.719340 5467.528363  0 0 1
215 
0.898794 -0.438371 5570.920208  0.438371 0.898794 5248.913161  0 0 1
216 
0.997564 0.069756 5755.203151  -0.069756 0.997564 5351.254507  0 0 1
217 
0.139173 -0.990268 4757.102592  0.990268 0.139173 5331.633509  0 0 1
218 
0.241922 0.970296 5448.739060  -0.970296 0.241922 5566.259360  0 0 1
219 
-0.731354 -0.681998 6226.797777  0.681998 -0.731354 5474.797823  0 0 1
220 
-0.984808 -0.173648 6348.657501  0.173648 -0.984808 5570.926483  0 0 1
221 
-0.788011 -0.615661 7109.328403  0.615661 -0.788011 5496.431020  0 0 1
222 
0.453990 -0.891007 6765.714770  0.891007 0.453990 5352.481820  0 0 1
223 
-0.190809 -0.981627 4479.243024  0.981627 -0.190809 5398.714153  0 0 1
224 
-0.544639 0.838671 4429.538781  -0.838671 -0.544639 5661.770431  0 0 1
225 
-0.913545 0.406737 6675.752203  -0.406737 -0.913545 5654.217698  0 0 1
226 
0.819152 -0.573576 3572.026608  0.573576 0.819152 5288.305839  0 0 1
227 
-0.406737 -0.913545 4349.911325  0.913545 -0.406737 5426.771862  0 0 1
228 
0.999848 -0.017452 6270.710926  0.017452 0.999848 5386.817726  0 0 1
229 
-0.656059 -0.754710 3972.089208  0.754710 -0.656059 5497.647868  0 0 1
230 
0.500000 0.866025 3736.730549  -0.866025 0.500000 5587.778611  0 0 1
231 
0.544639 0.838671 6340.633306  -0.838671 0.544639 5771.372199  0 0 1
232 
-0.961262 -0.275637 6624.083767  0.275637 -0.961262 5900.965832  0 0 1
233 
-0.906308 0.422618 6764.800399  -0.422618 -0.906308 5933.379156  0 0 1
234 
0.587785 0.809017 6551.011853  -0.809017 0.587785 5762.535363  0 0 1
235 
0.325568 -0.945519 5778.415151  0.945519 0.325568 5461.241661  0 0 1
236 
0.857167 0.515038 5131.155792  -0.515038 0.857167 5637.961330  0 0 1
237 
0.829038 0.559193 5890.988316  -0.559193 0.829038 5685.496205  0 0 1
238 
-0.882948 0.469472 5572.837144  -0.469472 -0.882948 5916.310798  0 0 1
239 
-0.573576 -0.819152 6159.210015  0.819152 -0.573576 5650.131066  0 0 1
240 
0.999848 -0.017452 5961.275964  0.017452 0.999848 5546.613619  0 0 1
241 
0.121869 -0.992546 5272.079681  0.992546 0.121869 5532.175602  0 0 1
242 
0.994522 -0.104528 3961.508494  0.104528 0.994522 5546.494435  0 0 1
243 
-0.754710 0.656059 4837.413129  -0.656059 -0.754710 5982.516201  0 0 1
244 
-0.838671 -0.544639 5211.484606  0.544639 -0.838671 5806.712848  0 0 1
245 
-0.777146 0.629320 3934.190365  -0.629320 -0.777146 5905.897433  0 0 1
246 
0.292372 -0.956305 4511.619244  0.956305 0.292372 5559.706565  0 0 1
247 
-0.207912 0.978148 4541.061007  -0.978148 -0.207912 5930.791022  0 0 1
248 
0.961262 -0.275637 3492.520503  0.275637 0.961262 5553.088193  0 0 1
249 
0.874620 -0.484810 4279.706050  0.484810 0.874620 5511.056441  0 0 1
250 
0.642788 0.766044 3578.436680  -0.766044 0.642788 5734.973898  0 0 1
251 
-0.224951 0.974370 3495.585522  -0.974370 -0.224951 6026.158661  0 0 1
252 
-0.573576 -0.819152 3955.258368  0.819152 -0.573576 5861.118327  0 0 1
253 
-0.422618 0.906308 3858.326276  -0.906308 -0.422618 6045.488084  0 0 1
254 
-0.139173 -0.990268 4320.983714  0.990268 -0.139173 5820.570873  0 0 1
255 
0.500000 -0.866025 4403.477924  0.866025 0.500000 5746.915097  0 0 1
256 
0.945519 -0.325568 4439.331887  0.325568 0.945519 5795.816208  0 0 1
257 
0.965926 -0.258819 5288.006834  0.258819 0.965926 5779.241523  0 0 1
258 
-0.484810 -0.874620 5350.432661  0.874620 -0.484810 5868.838472  0 0 1
259 
-0.342020 -0.939693 4796.885302  0.939693 -0.342020 5867.147346  0 0 1
260 
-0.173648 -0.984808 5106.986957  0.984808 -0.173648 5865.284031  0 0 1
261 
-0.309017 -0.951057 5626.759450  0.951057 -0.309017 5870.187077  0 0 1
262 
-0.207912 0.978148 4744.061316  -0.978148 -0.207912 6010.993521  0 0 1
263 
-0.927184 -0.374607 5832.147398  0.374607 -0.927184 5958.095283  0 0 1
264 
0.838671 -0.544639 5837.452937  0.544639 0.838671 5764.012267  0 0 1
265 
0.573576 0.819152 6512.979177  -0.819152 0.573576 5920.805365  0 0 1
266 
0.052336 0.998630 6740.565776  -0.998630 0.052336 5947.781236  0 0 1
267 
-0.406737 0.913545 5966.031374  -0.913545 -0.406737 6010.393200  0 0 1
268 
0.809017 0.587785 6314.201829  -0.587785 0.809017 5920.652334  0 0 1
269 
-0.207912 0.978148 6059.094540  -0.978148 -0.207912 5997.695223  0 0 1
270 
0.898794 0.438371 6606.872613  -0.438371 0.898794 5979.165701  0 0 1
271 
-0.997564 -0.069756 4790.004878  0.069756 -0.997564 6128.516512  0 0 1
272 
0.848048 -0.529919 4323.991482  0.529919 0.848048 5829.707575  0 0 1
273 
-0.819152 0.573576 4533.554826  -0.573576 -0.819152 6190.635574  0 0 1
274 
-0.422618 0.906308 4741.533694  -0.906308 -0.422618 6174.642351  0 0 1
275 
-0.656059 -0.754710 5419.305861  0.754710 -0.656059 6024.018250  0 0 1
276 
0.656059 -0.754710 6197.168240  0.754710 0.656059 5805.244257  0 0 1
277 
-0.777146 0.629320 6470.696160  -0.629320 -0.777146 6389.989729  0 0 1
278 
-0.453990 0.891007 6718.419264  -0.891007 -0.453990 6339.837386  0 0 1
279 
0.309017 -0.951057 6702.195757  0.951057 0.309017 5871.127236  0 0 1
280 
0.891007 -0.453990 4931.507900  0.453990 0.891007 5847.033710  0 0 1
281 
-0.173648 -0.984808 5586.321119  0.984808 -0.173648 5939.276153  0 0 1
282 
0.559193 0.829038 5471.248537  -0.829038 0.559193 6075.452860  0 0 1
283 
0.500000 0.866025 5850.869035  -0.866025 0.500000 6119.695120  0 0 1
284 
0.642788 -0.766044 4163.574721  0.766044 0.642788 5788.025031  0 0 1
285 
-0.087156 -0.996195 5646.577572  0.996195 -0.087156 5931.193023  0 0 1
286 
-0.258819 -0.965926 6071.432819  0.965926 -0.258819 5966.612289  0 0 1
287 
-0.707107 -0.707107 3742.054928  0.707107 -0.707107 6059.103925  0 0 1
288 
-0.984808 0.173648 3866.958962  -0.173648 -0.984808 6174.593336  0 0 1
289 
-0.990268 0.139173 3997.439307  -0.139173 -0.990268 6169.519501  0 0 1
290 
0.438371 -0.898794 4877.973283  0.898794 0.438371 5992.552149  0 0 1
291 
0.034899 0.999391 4866.446395  -0.999391 0.034899 6319.583407  0 0 1
292 
0.309017 -0.951057 4728.023106  0.951057 0.309017 6039.030060  0 0 1
293 
-0.500000 0.866025 5117.383079  -0.866025 -0.500000 6414.675650  0 0 1
294 
0.809017 -0.587785 4064.626367  0.587785 0.809017 5951.635071  0 0 1
295 
0.874620 0.484810 4351.899644  -0.484810 0.874620 6157.708271  0 0 1
296 
0.390731 -0.920505 3834.600099  0.920505 0.390731 6019.941503  0 0 1
297 
0.069756 0.997564 4226.374313  -0.997564 0.069756 6322.529346  0 0 1
298 
0.777146 -0.629320 3563.126403  0.629320 0.777146 6018.068229  0 0 1
299 
0.719340 0.694658 3716.086022  -0.694658 0.719340 6228.635791  0 0 1
300 
-0.156434 0.987688 5287.778495  -0.987688 -0.156434 6339.177411  0 0 1
301 
-0.156434 -0.987688 5655.765894  0.987688 -0.156434 6127.353336  0 0 1
302 
0.104528 -0.994522 5804.969473  0.994522 0.104528 6098.679205  0 0 1
303 
-0.390731 0.920505 5826.680146  -0.920505 -0.390731 6388.304771  0 0 1
304 
-0.913545 0.406737 6042.408829  -0.406737 -0.913545 6357.678098  0 0 1
305 
-0.017452 -0.999848 6281.849748  0.999848 -0.017452 6169.416760  0 0 1
306 
0.390731 -0.920505 6519.632297  0.920505 0.390731 6056.364550  0 0 1
307 
0.927184 -0.374607 6567.389382  0.374607 0.927184 6193.657713  0 0 1
308 
-0.920505 -0.390731 5711.180620  0.390731 -0.920505 6452.909755  0 0 1
309 
-0.857167 0.515038 5746.471114  -0.515038 -0.857167 6601.493705  0 0 1
310 
0.978148 -0.207912 5046.452855  0.207912 0.978148 6209.168361  0 0 1
311 
-0.798636 0.601815 5006.079584  -0.601815 -0.798636 6584.593463  0 0 1
312 
0.707107 0.707107 5684.672571  -0.707107 0.707107 6360.585297  0 0 1
313 
-0.984808 0.173648 5541.463761  -0.173648 -0.984808 6533.631788  0 0 1
314 
0.906308 -0.422618 6298.843989  0.422618 0.906308 6146.991207  0 0 1
315 
0.190809 0.981627 6521.239821  -0.981627 0.190809 6478.319975  0 0 1
316 
0.951057 -0.309017 6706.628115  0.309017 0.951057 6248.655674  0 0 1
317 
0.829038 0.559193 5920.086851  -0.559193 0.829038 6363.961957  0 0 1
318 
-0.996195 -0.087156 4505.137330  0.087156 -0.996195 6503.670335  0 0 1
319 
-0.629320 0.777146 6868.012202  -0.777146 -0.629320 6606.369443  0 0 1
320 
0.997564 0.069756 3466.085766  -0.069756 0.997564 6278.609726  0 0 1
321 
0.515038 0.857167 3560.285353  -0.857167 0.515038 6429.237088  0 0 1
322 
-0.515038 0.857167 4778.173606  -0.857167 -0.515038 6614.746310  0 0 1
323 
-0.913545 -0.406737 6133.541479  0.406737 -0.913545 6452.540176  0 0 1
324 
0.515038 0.857167 3862.820919  -0.857167 0.515038 6428.244633  0 0 1
325 
0.587785 0.809017 4447.579224  -0.809017 0.587785 6441.536392  0 0 1
326 
0.342020 0.939693 3748.562868  -0.939693 0.342020 6459.723390  0 0 1
327 
0.190809 0.981627 4404.171511  -0.981627 0.190809 6497.041650  0 0 1
328 
-0.992546 -0.121869 4005.925515  0.121869 -0.992546 6648.585827  0 0 1
329 
0.656059 -0.754710 5896.483327  0.754710 0.656059 6356.821313  0 0 1
330 
0.615661 -0.788011 3753.516859  0.788011 0.615661 6369.673760  0 0 1
331 
0.374607 -0.927184 4194.985762  0.927184 0.374607 6341.498175  0 0 1
332 
-0.358368 0.933580 5626.629352  -0.933580 -0.358368 6712.665117  0 0 1
333 
-0.642788 -0.766044 6924.650966  0.766044 -0.642788 6562.156695  0 0 1
334 
-0.777146 -0.629320 3766.896697  0.629320 -0.777146 6567.175935  0 0 1
335 
0.087156 -0.996195 6748.657080  0.996195 0.087156 6434.861473  0 0 1
336 
0.874620 -0.484810 6816.378622  0.484810 0.874620 6351.036666  0 0 1
337 
0.573576 -0.819152 5468.371379  0.819152 0.573576 6348.344354  0 0 1
338 
0.981627 0.190809 6179.023286  -0.190809 0.981627 6477.016496  0 0 1
339 
-1 0 5359.481445  0 -1 6671.312500  0 0 1
340 
-0.970296 -0.241922 5650.217257  0.241922 -0.970296 6629.757304  0 0 1
341 
0.438371 0.898794 5945.120799  -0.898794 0.438371 6595.078515  0 0 1
342 
0.997564 -0.069756 4194.646890  0.069756 0.997564 6440.219041  0 0 1
343 
-0.656059 0.754710 4493.972442  -0.754710 -0.656059 6707.197399  0 0 1
344 
-0.882948 -0.469472 5017.486914  0.469472 -0.882948 6623.124983  0 0 1
345 
0.874620 -0.484810 4573.755548  0.484810 0.874620 6386.218289  0 0 1
346 
-0.615661 -0.788011 5130.998582  0.788011 -0.615661 6556.490931  0 0 1
347 
-0.974370 0.224951 6204.455970  -0.224951 -0.974370 6891.275173  0 0 1
348 
-0.422618 -0.906308 6095.135305  0.906308 -0.422618 6626.895972  0 0 1
349 
-0.766044 0.642788 6437.667125  -0.642788 -0.766044 7058.553493  0 0 1
350 
-0.422618 0.906308 4255.292360  -0.906308 -0.422618 6951.710063  0 0 1
351 
0.920505 0.390731 3840.257444  -0.390731 0.920505 6664.314287  0 0 1
352 
-0.906308 -0.422618 4668.008830  0.422618 -0.906308 6807.741751  0 0 1
353 
-0.156434 0.987688 5581.343626  -0.987688 -0.156434 6898.243045  0 0 1
354 
0.173648 -0.984808 5624.709715  0.984808 0.173648 6582.909060  0 0 1
355 
-0.139173 0.990268 4666.313965  -0.990268 -0.139173 6917.865444  0 0 1
356 
0.559193 -0.829038 5477.474660  0.829038 0.559193 6511.400707  0 0 1
357 
0.681998 0.731354 4446.543699  -0.731354 0.681998 6717.914440  0 0 1
358 
0.882948 0.469472 4903.720716  -0.469472 0.882948 6694.708828  0 0 1
359 
-0.069756 0.997564 3779.322114  -0.997564 -0.069756 6916.818144  0 0 1
360 
0.719340 -0.694658 4983.447816  0.694658 0.719340 6568.498644  0 0 1
361 
-0.559193 -0.829038 3771.735672  0.829038 -0.559193 6701.130494  0 0 1
362 
-0.559193 -0.829038 3941.739864  0.829038 -0.559193 6727.361031  0 0 1
363 
-0.224951 0.974370 6571.133745  -0.974370 -0.224951 6903.556039  0 0 1
364 
0.731354 0.681998 6623.928274  -0.681998 0.731354 6769.371454  0 0 1
365 
0.981627 -0.190809 6789.192981  0.190809 0.981627 6630.527783  0 0 1
366 
0.469472 -0.882948 6155.681948  0.882948 0.469472 6713.692767  0 0 1
367 
-0.173648 0.984808 4572.768212  -0.984808 -0.173648 7038.079971  0 0 1
368 
-0.669131 0.743145 3561.753776  -0.743145 -0.669131 7097.688139  0 0 1
369 
-0.121869 -0.992546 4634.583238  0.992546 -0.121869 6807.597092  0 0 1
370 
0.939693 -0.342020 5839.892187  0.342020 0.939693 6753.497925  0 0 1
371 
-0.325568 -0.945519 5005.792631  0.945519 -0.325568 6866.710431  0 0 1
372 
0.974370 0.224951 6750.666438  -0.224951 0.974370 6847.312155  0 0 1
373 
0.965926 -0.258819 6201.189759  0.258819 0.965926 6736.361747  0 0 1
374 
-0.629320 0.777146 5689.803965  -0.777146 -0.629320 7133.625976  0 0 1
375 
-0.891007 0.453990 4401.423973  -0.453990 -0.891007 7109.905164  0 0 1
376 
0.484810 0.874620 3858.356288  -0.874620 0.484810 6983.386252  0 0 1
377 
0.999391 -0.034899 6700.463949  0.034899 0.999391 6824.658576  0 0 1
378 
0.224951 0.974370 5273.809377  -0.974370 0.224951 7011.209000  0 0 1
379 
0.809017 0.587785 6498.384303  -0.587785 0.809017 6893.431520  0 0 1
380 
-0.241922 0.970296 3635.743859  -0.970296 -0.241922 7061.483488  0 0 1
381 
-0.374607 -0.927184 5679.856983  0.927184 -0.374607 6870.133103  0 0 1
382 
0.913545 0.406737 4860.042602  -0.406737 0.913545 6871.589287  0 0 1
383 
0.325568 -0.945519 3950.112816  0.945519 0.325568 6817.257067  0 0 1
384 
-0.939693 0.342020 5285.802123  -0.342020 -0.939693 7120.169889  0 0 1
