1 
1 0 652.271577  0 1 652.457925  0 0 1
2 
-0.990268 -0.139173 1063.758732  0.139173 -0.990268 940.290045  0 0 1
3 
0.241922 0.970296 913.706312  -0.970296 0.241922 960.076541  0 0 1
4 
-0.601815 -0.798636 1007.954385  0.798636 -0.601815 993.578119  0 0 1
5 
1 0 831  0 1 892  0 0 1
6 
0.874620 -0.484810 1008.112814  0.484810 0.874620 856.513419  0 0 1
7 
0.358368 -0.933580 822.185840  0.933580 0.358368 1046.683948  0 0 1
8 
-0.990268 -0.139173 1218.865329  0.139173 -0.990268 1356.569931  0 0 1
9 
0.891007 -0.453990 861.923747  0.453990 0.891007 1102.683611  0 0 1
