0	1	0.9960559606552124	0
-0.194909 0.980821 184.42
-0.980821 -0.194909 334.444
0 0 1
0	3	0.9983465671539307	0
0.388145 -0.921599 175.255
0.921599 0.388145 160.148
0 0 1
1	2	0.9977599382400513	0
-0.517519 -0.855672 356.415
0.855672 -0.517519 244.131
0 0 1
1	4	0.9986205101013184	0
0.459109 -0.88838 47.2966
0.88838 0.459109 -123.056
0 0 1
2	5	0.9882766604423523	0
-0.897333 -0.441354 380.852
0.441354 -0.897333 450.228
0 0 1
3	4	0.9952255487442017	0
-0.257239 0.966348 90.5416
-0.966348 -0.257239 170.893
0 0 1
3	8	0.7925840616226196	0
0.261659 0.96516 183.22
-0.96516 0.261659 304.375
0 0 1
4	5	0.9947092533111572	0
-0.846206 0.532856 285.657
-0.532856 -0.846206 453.59
0 0 1
4	6	0.9957349300384521	0
0.422931 0.906162 -165.903
-0.906162 0.422931 434.295
0 0 1
5	7	0.9535377025604248	0
-0.994445 -0.105254 259.334
0.105254 -0.994445 78.1452
0 0 1
6	7	0.9962555170059204	0
-0.011869 -0.99993 282.523
0.99993 -0.011869 169.731
0 0 1
6	8	0.9978649020195007	0
-0.086294 -0.99627 347.774
0.99627 -0.086294 -149.788
0 0 1
