0	1	0.9999574422836304	0
0.9864383459234445 0.1641327028011742 -424.83513054658965
-0.1641327028011741 0.9864383459234446 -26.750176686443236
0 0 1
0	6	0.9999810457229614	0
-0.99292 0.118785 538.160614
-0.118785 -0.99292 948.181875
0 0 1
1	2	0.9998934268951416	0
-0.30374298704848574 0.9527540411327909 -249.76882096255196
-0.952754041132791 -0.3037429870484856 557.8395285294139
0 0 1
1	7	0.9996418952941895	0
-0.453606 0.891202 72.836742
-0.891202 -0.453606 1009.84988
0 0 1
2	3	0.9999648332595825	0
-0.024186 0.999707 261.928875
-0.999707 -0.024186 364.816395
0 0 1
3	5	0.999982476234436	0
0.6 -0.8 567.2
0.8 0.6 -326.4
0 0 1
3	31	0.9999804496765137	1
0.996308 0.085854 280.465534
-0.085854 0.996308 251.155796
0 0 1
4	5	0.9999737739562988	0
-0.9989050078053586 0.046775557798671506 246.56503206665803
-0.04677555779867151 -0.9989050078053586 715.3972282590865
0 0 1
4	6	0.9997121691703796	1
-0.9630472253921625 -0.2693323457616216 1135.865298364539
0.2693323457616217 -0.9630472253921623 495.8507916775852
0 0 1
4	7	0.9999727010726929	0
-0.844238 0.535969 816.624103
-0.535969 -0.844238 729.919377
0 0 1
4	10	0.9999803304672241	0
0.783839 -0.620964 325.562322
0.620964 0.783839 182.798587
0 0 1
5	8	0.9999891519546509	0
-0.9880066172986572 0.15441280185290612 529.1021380313437
-0.1544128018529062 -0.9880066172986574 382.058204030672
0 0 1
5	20	0.9930058717727661	1
-0.7284345264309958 -0.6851151510631269 383.7059656317816
0.685115151063127 -0.7284345264309957 455.81735297459414
0 0 1
6	7	0.9999581575393677	0
0.65584 -0.7549 742.887259
0.7549 0.65584 -89.896092
0 0 1
6	9	0.9999910593032837	0
-0.747739 0.663992 388.46553
-0.663992 -0.747739 511.64446
0 0 1
6	16	0.9999518394470215	1
-0.2700187015910291 -0.9628550348604378 281.5777758205597
0.9628550348604377 -0.2700187015910291 72.08881799631766
0 0 1
6	19	0.9788715243339539	1
-0.893926 -0.448215 723.781693
0.448215 -0.893926 712.753362
0 0 1
6	24	0.9998480081558228	1
-0.035972 0.999353 -435.713463
-0.999353 -0.035972 604.231946
0 0 1
7	11	0.9999667406082153	0
0.945727 0.324961 -278.211665
-0.324961 0.945727 -96.72024
0 0 1
8	10	0.9999955892562866	0
0.885306 -0.465009 568.350789
0.465009 0.885306 -237.115983
0 0 1
8	15	0.9999926090240479	0
0.504883 0.863188 -23.899734
-0.863188 0.504883 726.803102
0 0 1
9	11	0.9999735355377197	0
-0.9715817956303273 -0.23670220702973663 416.4394299973935
0.23670220702973674 -0.9715817956303275 804.6582738630929
0 0 1
9	12	0.9999880790710449	0
-0.389996 -0.920817 926.752709
0.920817 -0.389996 389.055645
0 0 1
10	11	0.9999794960021973	0
-0.915552 -0.4022 1012.052437
0.4022 -0.915552 207.630372
0 0 1
10	12	0.9999598264694214	1
0.199865 0.979824 -263.523654
-0.979824 0.199865 352.319467
0 0 1
10	13	0.9999663829803467	0
0.974541 0.224211 144.117386
-0.224211 0.974541 289.111299
0 0 1
10	14	0.9937174320220947	1
0.254603 -0.967046 345.21773
0.967046 0.254603 -284.184463
0 0 1
11	14	0.9999822378158569	0
-0.103979 -0.99458 553.37101
0.99458 -0.103979 -233.562627
0 0 1
12	14	0.9999475479125977	0
-0.873198 -0.487366 1096.252488
0.487366 -0.873198 626.688078
0 0 1
12	16	0.9999899864196777	0
0.634824 0.772657 8.454485
-0.772657 0.634824 136.471751
0 0 1
12	21	0.8194969892501831	1
-0.3192024935141749 0.9476866683584467 398.88923765262297
-0.9476866683584466 -0.31920249351417496 960.521725951229
0 0 1
12	22	0.8642057776451111	1
-0.061274 0.998121 -139.300862
-0.998121 -0.061274 905.001443
0 0 1
12	28	0.9992333650588989	1
0.121549 -0.992585 239.078379
0.992585 0.121549 -212.35951
0 0 1
13	14	0.9999610185623169	0
-0.045288 0.998974 352.412579
-0.998974 -0.045288 442.877996
0 0 1
13	15	0.99997878074646	0
0.297032 0.954868 -422.457674
-0.954868 0.297032 740.460868
0 0 1
13	19	0.9999831914901733	0
-0.458756 -0.888562 883.238987
0.888562 -0.458756 422.096707
0 0 1
13	25	0.9395700097084045	1
-0.939874670767593 -0.34152089012900594 665.8407829770551
0.34152089012900566 -0.9398746707675931 286.36262180019276
0 0 1
14	18	0.9999704360961914	0
0.699794 0.714345 -367.480106
-0.714345 0.699794 453.376033
0 0 1
15	17	0.9999897480010986	0
-0.623532 -0.781797 591.019101
0.781797 -0.623532 466.934565
0 0 1
16	18	0.9999821186065674	0
-0.9052477174780733 -0.4248852673590111 825.6016262287965
0.42488526735901105 -0.9052477174780732 852.6949104573282
0 0 1
16	22	0.9999939203262329	0
-0.729733 -0.683732 1056.71155
0.683732 -0.729733 304.935183
0 0 1
16	24	0.9999397993087769	1
0.952437 0.304737 -155.04441
-0.304737 0.952437 -339.566216
0 0 1
17	19	0.9999819993972778	0
0.48284820475481294 -0.8757047410252236 469.85378765512144
0.8757047410252234 0.4828482047548128 -507.89655805462525
0 0 1
17	23	0.9927849769592285	0
0.704142 0.710059 162.934911
-0.710059 0.704142 333.443787
0 0 1
18	19	0.9994150400161743	0
-0.2901646460260205 0.9569768712924018 206.5649246354745
-0.9569768712924018 -0.29016464602602066 323.6368138409159
0 0 1
18	21	0.9999655485153198	0
-0.765907 -0.642952 524.665141
0.642952 -0.765907 277.966327
0 0 1
19	20	0.9999583959579468	0
-1.0 0.0 791.0
-0.0 -1.0 422.0
0 0 1
19	26	0.999966025352478	1
-0.936909 0.349574 409.705667
-0.349574 -0.936909 914.302784
0 0 1
20	21	0.9999604225158691	0
0.414768 -0.909927 837.285588
0.909927 0.414768 99.32588
0 0 1
20	23	0.9990966320037842	0
0.286337 -0.958129 197.70701
0.958129 0.286337 -253.274006
0 0 1
20	26	0.9996988773345947	0
0.961524 -0.274721 -20.250955
0.274721 0.961524 159.307325
0 0 1
21	22	0.9992978572845459	0
-0.930352 0.366668 820.675942
-0.366668 -0.930352 522.56489
0 0 1
21	25	0.999992847442627	0
-0.908381 -0.418144 888.98019
0.418144 -0.908381 696.342761
0 0 1
22	23	0.9904963970184326	1
-0.976135 -0.217163 482.004332
0.217163 -0.976135 904.520288
0 0 1
22	24	0.9999951124191284	0
0.9080301868912755 -0.41890437379812034 -47.997673357293934
0.41890437379812046 0.9080301868912757 -252.67570364980426
0 0 1
23	27	0.9999840259552002	0
0.050421 0.998728 167.479652
-0.998728 0.050421 817.595464
0 0 1
24	25	0.999919056892395	0
0.3297189771346258 0.9440796177734677 -26.779108500076873
-0.9440796177734677 0.32971897713462534 137.00926424543155
0 0 1
24	30	0.9999892711639404	0
0.982447 0.186541 -311.747566
-0.186541 0.982447 30.419244
0 0 1
25	26	0.9909769296646118	0
-0.9072006955115426 -0.42069882570358186 1127.434952706678
0.42069882570358186 -0.9072006955115429 394.5617396094609
0 0 1
25	28	0.9999663829803467	0
0.692429 0.721486 -194.727333
-0.721486 0.692429 94.863639
0 0 1
26	27	0.9996907711029053	0
0.8840792520375337 0.46733608692327144 -502.5060772626733
-0.46733608692327155 0.8840792520375336 109.95074898772042
0 0 1
26	29	0.9999748468399048	0
-0.6695038641437991 0.7428083673051358 264.10638406769175
-0.7428083673051356 -0.6695038641437988 1009.8568888561308
0 0 1
27	31	0.9999768733978271	0
0.999387271434446 0.035003818860416855 -157.65824953738735
-0.03500381886041662 0.9993872714344457 171.53153520788817
0 0 1
28	29	0.9999881982803345	0
0.3223293040791057 -0.9466278474019658 830.6440465386318
0.946627847401966 0.3223293040791055 146.6151354768768
0 0 1
28	30	0.999976396560669	0
-0.30177122411539836 -0.9533809149783175 441.55620500415876
0.9533809149783178 -0.30177122411539836 -126.73173536449917
0 0 1
29	31	0.9999699592590332	0
-0.19087 -0.981615 1042.707613
0.981615 -0.19087 -170.0721
0 0 1
