Node 0
Node 1
Node 2
Node 3
Node 4
Node 5
Node 6
Node 7
Node 8
Node 9
Node 10
Node 11
Node 12
Node 13
Node 14
Node 15
Node 16
Node 17
Node 18
Node 19
Node 20
Node 21
Node 22
Node 23
Node 24
Node 25
Node 26
Node 27
Node 28
Node 29
Node 30
Node 31
0 1 206.0 0.986394 0.164399 -424.767761 -0.164399 0.986394 -27.128555 0.000000 0.000000 1.000000
0 1 149.0 0.991442 0.130546 -417.906695 -0.130546 0.991442 -48.464191 0.000000 0.000000 1.000000
0 6 366.0 -0.992920 0.118785 538.160614 -0.118785 -0.992920 948.181875 0.000000 0.000000 1.000000
0 6 334.0 -0.992060 0.125763 533.081037 -0.125763 -0.992060 950.362974 0.000000 0.000000 1.000000
0 6 334.0 -0.992668 0.120872 535.390978 -0.120872 -0.992668 949.201172 0.000000 0.000000 1.000000
0 6 334.0 -0.993181 0.116584 537.090611 -0.116584 -0.993181 948.545914 0.000000 0.000000 1.000000
0 6 288.0 -0.992278 0.124035 536.133680 -0.124035 -0.992278 948.932619 0.000000 0.000000 1.000000
0 6 258.0 -0.995269 0.097160 547.471706 -0.097160 -0.995269 941.499222 0.000000 0.000000 1.000000
0 6 186.0 -0.996233 0.086713 552.137241 -0.086713 -0.996233 935.252829 0.000000 0.000000 1.000000
1 2 270.0 -0.304620 0.952474 -249.579913 -0.952474 -0.304620 558.494270 0.000000 0.000000 1.000000
1 2 237.0 -0.291326 0.956624 -253.469973 -0.956624 -0.291326 551.042830 0.000000 0.000000 1.000000
1 2 217.0 -0.316968 0.948436 -245.798044 -0.948436 -0.316968 561.583168 0.000000 0.000000 1.000000
1 2 187.0 -0.280000 0.960000 -257.200000 -0.960000 -0.280000 546.600000 0.000000 0.000000 1.000000
1 7 264.0 -0.453606 0.891202 72.836742 -0.891202 -0.453606 1009.849880 0.000000 0.000000 1.000000
1 7 240.0 -0.447214 0.894427 68.525086 -0.894427 -0.447214 1007.588820 0.000000 0.000000 1.000000
1 7 102.0 -0.475760 0.879575 86.549819 -0.879575 -0.475760 1013.096030 0.000000 0.000000 1.000000
2 3 232.0 -0.024186 0.999707 261.928875 -0.999707 -0.024186 364.816395 0.000000 0.000000 1.000000
2 3 190.0 -0.055470 0.998460 266.988923 -0.998460 -0.055470 371.822983 0.000000 0.000000 1.000000
2 3 184.0 -0.039340 0.999226 266.181007 -0.999226 -0.039340 367.526599 0.000000 0.000000 1.000000
2 3 169.0 0.023250 0.999730 255.935920 -0.999730 0.023250 353.552317 0.000000 0.000000 1.000000
3 5 244.0 0.600000 -0.800000 567.200000 0.800000 0.600000 -326.400000 0.000000 0.000000 1.000000
3 5 240.0 0.624695 -0.780869 548.933166 0.780869 0.624695 -335.222120 0.000000 0.000000 1.000000
3 5 216.0 0.601708 -0.798716 567.163684 0.798716 0.601708 -328.277734 0.000000 0.000000 1.000000
3 5 195.0 0.624983 -0.780639 549.072878 0.780639 0.624983 -333.098145 0.000000 0.000000 1.000000
3 5 142.0 0.636047 -0.771651 541.720435 0.771651 0.636047 -337.298544 0.000000 0.000000 1.000000
3 31 204.0 0.996308 0.085854 280.465534 -0.085854 0.996308 251.155796 0.000000 0.000000 1.000000
4 5 282.0 -0.998344 0.057532 243.123928 -0.057532 -0.998344 718.021493 0.000000 0.000000 1.000000
4 5 282.0 -0.998526 0.054268 244.196484 -0.054268 -0.998526 717.393537 0.000000 0.000000 1.000000
4 5 187.0 -0.998851 0.047915 246.073698 -0.047915 -0.998851 715.109304 0.000000 0.000000 1.000000
4 5 153.0 -0.997952 0.063971 243.227611 -0.063971 -0.997952 719.951571 0.000000 0.000000 1.000000
4 5 150.0 -0.997948 0.064030 239.573078 -0.064030 -0.997948 717.408345 0.000000 0.000000 1.000000
4 5 122.0 -0.999940 0.010988 256.729095 -0.010988 -0.999940 712.819900 0.000000 0.000000 1.000000
4 6 106.0 -0.962828 -0.270115 1136.106181 0.270115 -0.962828 496.104236 0.000000 0.000000 1.000000
4 7 275.0 -0.844238 0.535969 816.624103 -0.535969 -0.844238 729.919377 0.000000 0.000000 1.000000
4 7 220.0 -0.835813 0.549014 811.363313 -0.549014 -0.835813 735.748645 0.000000 0.000000 1.000000
4 7 142.0 0.792624 -0.609711 251.413190 0.609711 0.792624 -404.907207 0.000000 0.000000 1.000000
4 10 133.0 0.783839 -0.620964 325.562322 0.620964 0.783839 182.798587 0.000000 0.000000 1.000000
4 10 106.0 0.807928 -0.589281 315.906808 0.589281 0.807928 184.793306 0.000000 0.000000 1.000000
5 8 260.0 -0.987703 0.156345 530.127928 -0.156345 -0.987703 382.642629 0.000000 0.000000 1.000000
5 8 260.0 -0.988149 0.153499 530.328951 -0.153499 -0.988149 381.616224 0.000000 0.000000 1.000000
5 8 260.0 -0.988749 0.149587 531.483527 -0.149587 -0.988749 382.157325 0.000000 0.000000 1.000000
5 8 149.0 -0.990457 0.137823 533.668036 -0.137823 -0.990457 376.357785 0.000000 0.000000 1.000000
5 20 107.0 -0.727868 -0.685717 384.111890 0.685717 -0.727868 456.356025 0.000000 0.000000 1.000000
6 7 365.0 0.655840 -0.754900 742.887259 0.754900 0.655840 -89.896092 0.000000 0.000000 1.000000
6 7 311.0 0.673222 -0.739440 733.849993 0.739440 0.673222 -94.516727 0.000000 0.000000 1.000000
6 7 273.0 0.648466 -0.761243 748.028587 0.761243 0.648466 -87.146151 0.000000 0.000000 1.000000
6 7 155.0 0.630041 -0.776562 754.803632 0.776562 0.630041 -83.101270 0.000000 0.000000 1.000000
6 7 105.0 0.646478 -0.762933 745.528155 0.762933 0.646478 -85.015080 0.000000 0.000000 1.000000
6 9 222.0 -0.747739 0.663992 388.465530 -0.663992 -0.747739 511.644460 0.000000 0.000000 1.000000
6 9 205.0 -0.722920 0.690932 376.674893 -0.690932 -0.722920 513.738274 0.000000 0.000000 1.000000
6 9 205.0 -0.720054 0.693918 376.281566 -0.693918 -0.720054 513.850961 0.000000 0.000000 1.000000
6 9 176.0 -0.715956 0.698146 374.039851 -0.698146 -0.715956 507.202503 0.000000 0.000000 1.000000
6 16 283.0 -0.270279 -0.962782 281.879984 0.962782 -0.270279 70.264568 0.000000 0.000000 1.000000
6 19 116.0 -0.893926 -0.448215 723.781693 0.448215 -0.893926 712.753362 0.000000 0.000000 1.000000
6 24 283.0 -0.035972 0.999353 -435.713463 -0.999353 -0.035972 604.231946 0.000000 0.000000 1.000000
7 11 367.0 0.945727 0.324961 -278.211665 -0.324961 0.945727 -96.720240 0.000000 0.000000 1.000000
7 11 224.0 0.937045 0.349209 -284.061524 -0.349209 0.937045 -83.709527 0.000000 0.000000 1.000000
7 11 183.0 0.951052 0.309032 -271.694343 -0.309032 0.951052 -103.943181 0.000000 0.000000 1.000000
8 10 114.0 0.885306 -0.465009 568.350789 0.465009 0.885306 -237.115983 0.000000 0.000000 1.000000
8 15 163.0 0.504883 0.863188 -23.899734 -0.863188 0.504883 726.803102 0.000000 0.000000 1.000000
8 15 161.0 0.491594 0.870824 -17.702097 -0.870824 0.491594 732.312451 0.000000 0.000000 1.000000
8 15 132.0 0.494009 0.869457 -17.966659 -0.869457 0.494009 736.621196 0.000000 0.000000 1.000000
9 11 283.0 -0.971042 -0.238907 417.552343 0.238907 -0.971042 804.707610 0.000000 0.000000 1.000000
9 11 257.0 -0.968803 -0.247833 418.950352 0.247833 -0.968803 803.329779 0.000000 0.000000 1.000000
9 11 244.0 -0.978891 -0.204384 403.423711 0.204384 -0.978891 813.568622 0.000000 0.000000 1.000000
9 11 142.0 -0.964630 -0.263608 428.574370 0.263608 -0.964630 796.802949 0.000000 0.000000 1.000000
9 12 359.0 -0.389996 -0.920817 926.752709 0.920817 -0.389996 389.055645 0.000000 0.000000 1.000000
9 12 335.0 -0.373846 -0.927491 923.838303 0.927491 -0.373846 381.547900 0.000000 0.000000 1.000000
9 12 259.0 -0.401314 -0.915940 926.207675 0.915940 -0.401314 397.511040 0.000000 0.000000 1.000000
9 12 209.0 -0.396009 -0.918247 922.493748 0.918247 -0.396009 393.694522 0.000000 0.000000 1.000000
10 11 232.0 -0.915552 -0.402200 1012.052437 0.402200 -0.915552 207.630372 0.000000 0.000000 1.000000
10 12 103.0 0.199865 0.979824 -263.523654 -0.979824 0.199865 352.319467 0.000000 0.000000 1.000000
10 13 221.0 0.974541 0.224211 144.117386 -0.224211 0.974541 289.111299 0.000000 0.000000 1.000000
10 13 197.0 0.962508 0.271252 143.924476 -0.271252 0.962508 308.576229 0.000000 0.000000 1.000000
10 13 121.0 0.954800 0.297249 134.514442 -0.297249 0.954800 311.330031 0.000000 0.000000 1.000000
10 14 179.0 0.254603 -0.967046 345.217730 0.967046 0.254603 -284.184463 0.000000 0.000000 1.000000
11 14 199.0 -0.103979 -0.994580 553.371010 0.994580 -0.103979 -233.562627 0.000000 0.000000 1.000000
11 14 165.0 -0.148723 -0.988879 569.951573 0.988879 -0.148723 -220.995621 0.000000 0.000000 1.000000
11 14 105.0 -0.189182 -0.981942 589.885769 0.981942 -0.189182 -201.821288 0.000000 0.000000 1.000000
12 14 326.0 -0.873198 -0.487366 1096.252488 0.487366 -0.873198 626.688078 0.000000 0.000000 1.000000
12 14 222.0 -0.864460 -0.502702 1099.613988 0.502702 -0.864460 617.989054 0.000000 0.000000 1.000000
12 14 189.0 -0.857493 -0.514496 1101.375510 0.514496 -0.857493 608.687030 0.000000 0.000000 1.000000
12 16 328.0 0.634824 0.772657 8.454485 -0.772657 0.634824 136.471751 0.000000 0.000000 1.000000
12 16 265.0 0.630866 0.775892 9.280277 -0.775892 0.630866 140.831439 0.000000 0.000000 1.000000
12 21 115.0 -0.314085 0.949395 395.733495 -0.949395 -0.314085 959.735813 0.000000 0.000000 1.000000
12 22 107.0 -0.061274 0.998121 -139.300862 -0.998121 -0.061274 905.001443 0.000000 0.000000 1.000000
12 28 245.0 0.121549 -0.992585 239.078379 0.992585 0.121549 -212.359510 0.000000 0.000000 1.000000
13 14 242.0 -0.045288 0.998974 352.412579 -0.998974 -0.045288 442.877996 0.000000 0.000000 1.000000
13 15 248.0 0.297032 0.954868 -422.457674 -0.954868 0.297032 740.460868 0.000000 0.000000 1.000000
13 15 211.0 0.283702 0.958913 -416.544212 -0.958913 0.283702 748.456817 0.000000 0.000000 1.000000
13 15 143.0 0.335890 0.941901 -433.461652 -0.941901 0.335890 715.853478 0.000000 0.000000 1.000000
13 19 368.0 -0.452376 -0.891827 882.298284 0.891827 -0.452376 419.150137 0.000000 0.000000 1.000000
13 19 368.0 -0.458756 -0.888562 883.238987 0.888562 -0.458756 422.096707 0.000000 0.000000 1.000000
13 19 317.0 -0.461353 -0.887217 883.486158 0.887217 -0.461353 424.402811 0.000000 0.000000 1.000000
13 19 288.0 -0.465494 -0.885051 884.218622 0.885051 -0.465494 427.686619 0.000000 0.000000 1.000000
13 19 288.0 -0.463375 -0.886162 884.838027 0.886162 -0.463375 426.454003 0.000000 0.000000 1.000000
13 25 111.0 -0.939581 -0.342328 665.946937 0.342328 -0.939581 286.143520 0.000000 0.000000 1.000000
14 18 257.0 0.699794 0.714345 -367.480106 -0.714345 0.699794 453.376033 0.000000 0.000000 1.000000
15 17 392.0 -0.623532 -0.781797 591.019101 0.781797 -0.623532 466.934565 0.000000 0.000000 1.000000
15 17 150.0 -0.598571 -0.801070 594.943558 0.801070 -0.598571 452.035615 0.000000 0.000000 1.000000
16 18 192.0 -0.902134 -0.431455 827.720733 0.431455 -0.902134 850.211985 0.000000 0.000000 1.000000
16 18 192.0 -0.905577 -0.424183 824.797259 0.424183 -0.905577 852.996669 0.000000 0.000000 1.000000
16 18 157.0 -0.914630 -0.404293 817.099872 0.404293 -0.914630 860.343214 0.000000 0.000000 1.000000
16 22 403.0 -0.729733 -0.683732 1056.711550 0.683732 -0.729733 304.935183 0.000000 0.000000 1.000000
16 22 363.0 -0.740740 -0.671792 1055.036398 0.671792 -0.740740 314.316665 0.000000 0.000000 1.000000
16 22 273.0 -0.744883 -0.667196 1057.917484 0.667196 -0.744883 315.892419 0.000000 0.000000 1.000000
16 22 259.0 -0.728200 -0.685365 1056.163259 0.685365 -0.728200 305.211118 0.000000 0.000000 1.000000
16 22 163.0 -0.750893 -0.660424 1056.222697 0.660424 -0.750893 324.416357 0.000000 0.000000 1.000000
16 24 282.0 0.952437 0.304737 -155.044410 -0.304737 0.952437 -339.566216 0.000000 0.000000 1.000000
17 19 277.0 0.482167 -0.876080 470.629537 0.876080 0.482167 -507.759137 0.000000 0.000000 1.000000
17 19 159.0 0.457600 -0.889158 490.602204 0.889158 0.457600 -500.196353 0.000000 0.000000 1.000000
17 23 374.0 0.704142 0.710059 162.934911 -0.710059 0.704142 333.443787 0.000000 0.000000 1.000000
17 23 349.0 0.716828 0.697250 162.805512 -0.697250 0.716828 326.686761 0.000000 0.000000 1.000000
17 23 297.0 0.725464 0.688260 164.090355 -0.688260 0.725464 323.959118 0.000000 0.000000 1.000000
17 23 270.0 0.695795 0.718240 160.775363 -0.718240 0.695795 336.006891 0.000000 0.000000 1.000000
17 23 270.0 0.728628 0.684910 164.677974 -0.684910 0.728628 322.962649 0.000000 0.000000 1.000000
17 23 256.0 0.702664 0.711521 163.935893 -0.711521 0.702664 333.006170 0.000000 0.000000 1.000000
18 19 121.0 -0.290306 0.956934 206.702902 -0.956934 -0.290306 323.710041 0.000000 0.000000 1.000000
18 21 246.0 -0.765907 -0.642952 524.665141 0.642952 -0.765907 277.966327 0.000000 0.000000 1.000000
18 21 114.0 -0.787116 -0.616805 521.801306 0.616805 -0.787116 286.070392 0.000000 0.000000 1.000000
19 20 368.0 -1.000000 0.000000 791.000000 -0.000000 -1.000000 422.000000 0.000000 0.000000 1.000000
19 20 368.0 -1.000000 0.000000 791.000000 -0.000000 -1.000000 422.000000 0.000000 0.000000 1.000000
19 20 323.0 -0.999985 0.005442 788.125860 -0.005442 -0.999985 423.000320 0.000000 0.000000 1.000000
19 20 323.0 -0.999972 0.007519 788.931457 -0.007519 -0.999972 423.736553 0.000000 0.000000 1.000000
19 20 133.0 -0.998988 0.044978 781.681871 -0.044978 -0.998988 434.521873 0.000000 0.000000 1.000000
19 26 124.0 -0.936909 0.349574 409.705667 -0.349574 -0.936909 914.302784 0.000000 0.000000 1.000000
19 26 124.0 -0.931963 0.362554 402.155386 -0.362554 -0.931963 914.904510 0.000000 0.000000 1.000000
20 21 436.0 0.414768 -0.909927 837.285588 0.909927 0.414768 99.325880 0.000000 0.000000 1.000000
20 21 436.0 0.406942 -0.913454 839.490414 0.913454 0.406942 100.612567 0.000000 0.000000 1.000000
20 21 436.0 0.408282 -0.912856 839.121884 0.912856 0.408282 101.150343 0.000000 0.000000 1.000000
20 21 351.0 0.393919 -0.919145 844.293629 0.919145 0.393919 104.545987 0.000000 0.000000 1.000000
20 21 242.0 0.399267 -0.916835 841.778849 0.916835 0.399267 100.878378 0.000000 0.000000 1.000000
20 21 133.0 0.447214 -0.894427 829.634662 0.894427 0.447214 89.740726 0.000000 0.000000 1.000000
20 23 306.0 0.286337 -0.958129 197.707010 0.958129 0.286337 -253.274006 0.000000 0.000000 1.000000
20 23 273.0 0.273703 -0.961814 203.783622 0.961814 0.273703 -254.194388 0.000000 0.000000 1.000000
20 26 402.0 0.961524 -0.274721 -20.250955 0.274721 0.961524 159.307325 0.000000 0.000000 1.000000
20 26 229.0 0.951589 -0.307372 -10.030837 0.307372 0.951589 147.466448 0.000000 0.000000 1.000000
20 26 154.0 0.970143 -0.242536 -31.559517 0.242536 0.970143 168.489172 0.000000 0.000000 1.000000
21 22 387.0 -0.930352 0.366668 820.675942 -0.366668 -0.930352 522.564890 0.000000 0.000000 1.000000
21 22 355.0 -0.922441 0.386138 813.902133 -0.386138 -0.922441 530.000395 0.000000 0.000000 1.000000
21 22 308.0 -0.932005 0.362446 822.101108 -0.362446 -0.932005 523.331669 0.000000 0.000000 1.000000
21 22 276.0 -0.923077 0.384615 813.384615 -0.384615 -0.923077 530.076923 0.000000 0.000000 1.000000
21 22 242.0 -0.920651 0.390387 814.487147 -0.390387 -0.920651 530.354774 0.000000 0.000000 1.000000
21 25 315.0 -0.908381 -0.418144 888.980190 0.418144 -0.908381 696.342761 0.000000 0.000000 1.000000
21 25 315.0 -0.912540 -0.408988 885.740207 0.408988 -0.912540 700.416807 0.000000 0.000000 1.000000
21 25 234.0 -0.907114 -0.420885 891.452020 0.420885 -0.907114 691.353050 0.000000 0.000000 1.000000
21 25 196.0 -0.918081 -0.396392 883.046213 0.396392 -0.918081 708.562685 0.000000 0.000000 1.000000
21 25 196.0 -0.905705 -0.423908 888.404854 0.423908 -0.905705 692.022823 0.000000 0.000000 1.000000
21 25 156.0 -0.922317 -0.386434 879.402794 0.386434 -0.922317 708.115816 0.000000 0.000000 1.000000
22 23 236.0 -0.976135 -0.217163 482.004332 0.217163 -0.976135 904.520288 0.000000 0.000000 1.000000
22 24 169.0 0.907442 -0.420177 -48.246969 0.420177 0.907442 -251.454975 0.000000 0.000000 1.000000
22 24 127.0 0.917774 -0.397102 -60.466892 0.397102 0.917774 -247.044029 0.000000 0.000000 1.000000
23 27 294.0 0.050421 0.998728 167.479652 -0.998728 0.050421 817.595464 0.000000 0.000000 1.000000
23 27 244.0 0.075168 0.997171 160.066981 -0.997171 0.075168 811.167787 0.000000 0.000000 1.000000
23 27 193.0 0.039443 0.999222 173.180433 -0.999222 0.039443 822.336855 0.000000 0.000000 1.000000
23 27 182.0 0.021272 0.999774 180.419884 -0.999774 0.021272 828.627528 0.000000 0.000000 1.000000
23 27 150.0 0.058555 0.998284 161.395316 -0.998284 0.058555 818.982937 0.000000 0.000000 1.000000
24 25 155.0 0.309086 0.951034 -24.931305 -0.951034 0.309086 145.402817 0.000000 0.000000 1.000000
24 25 136.0 0.361105 0.932525 -26.733273 -0.932525 0.361105 127.733470 0.000000 0.000000 1.000000
24 25 130.0 0.327773 0.944757 -26.097507 -0.944757 0.327773 137.942456 0.000000 0.000000 1.000000
24 25 126.0 0.341075 0.940036 -22.539314 -0.940036 0.341075 134.991753 0.000000 0.000000 1.000000
24 30 412.0 0.978550 0.206010 -316.906214 -0.206010 0.978550 40.924560 0.000000 0.000000 1.000000
24 30 412.0 0.982447 0.186541 -311.747566 -0.186541 0.982447 30.419244 0.000000 0.000000 1.000000
24 30 412.0 0.978791 0.204863 -315.662571 -0.204863 0.978791 39.168660 0.000000 0.000000 1.000000
24 30 412.0 0.982067 0.188534 -312.523385 -0.188534 0.982067 30.641718 0.000000 0.000000 1.000000
24 30 412.0 0.982320 0.187209 -312.405366 -0.187209 0.982320 29.888340 0.000000 0.000000 1.000000
24 30 412.0 0.979711 0.200415 -314.062792 -0.200415 0.979711 36.793761 0.000000 0.000000 1.000000
24 30 330.0 0.984110 0.177561 -309.426745 -0.177561 0.984110 24.932468 0.000000 0.000000 1.000000
24 30 153.0 0.977176 0.212430 -320.363107 -0.212430 0.977176 42.144914 0.000000 0.000000 1.000000
25 26 197.0 -0.897428 -0.441160 1130.672275 0.441160 -0.897428 380.001161 0.000000 0.000000 1.000000
25 26 188.0 -0.907234 -0.420627 1127.271775 0.420627 -0.907234 394.199614 0.000000 0.000000 1.000000
25 26 112.0 -0.894427 -0.447214 1127.546247 0.447214 -0.894427 375.248529 0.000000 0.000000 1.000000
25 28 147.0 0.692429 0.721486 -194.727333 -0.721486 0.692429 94.863639 0.000000 0.000000 1.000000
25 28 124.0 0.644049 0.764984 -202.880018 -0.764984 0.644049 121.274006 0.000000 0.000000 1.000000
25 28 120.0 0.648466 0.761243 -201.367458 -0.761243 0.648466 116.133968 0.000000 0.000000 1.000000
26 27 216.0 0.876263 0.481833 -505.353149 -0.481833 0.876263 118.990388 0.000000 0.000000 1.000000
26 27 216.0 0.882618 0.470090 -502.620673 -0.470090 0.882618 110.724355 0.000000 0.000000 1.000000
26 29 273.0 -0.668679 0.743551 261.977284 -0.743551 -0.668679 1009.605606 0.000000 0.000000 1.000000
26 29 273.0 -0.682763 0.730640 273.007748 -0.730640 -0.682763 1009.923145 0.000000 0.000000 1.000000
26 29 245.0 -0.648060 0.761589 246.221869 -0.761589 -0.648060 1008.678540 0.000000 0.000000 1.000000
26 29 106.0 -0.634867 0.772621 234.632819 -0.772621 -0.634867 1002.451220 0.000000 0.000000 1.000000
26 29 106.0 -0.697043 0.717030 284.375871 -0.717030 -0.697043 1014.239077 0.000000 0.000000 1.000000
26 29 105.0 -0.697043 0.717030 284.515850 -0.717030 -0.697043 1012.606868 0.000000 0.000000 1.000000
27 31 193.0 0.999382 0.035154 -158.033222 -0.035154 0.999382 171.299545 0.000000 0.000000 1.000000
27 31 193.0 0.999576 0.029124 -157.374718 -0.029124 0.999576 168.970202 0.000000 0.000000 1.000000
28 29 359.0 0.323352 -0.946279 831.242931 0.946279 0.323352 144.880297 0.000000 0.000000 1.000000
28 29 326.0 0.311538 -0.950234 832.466543 0.950234 0.311538 151.509098 0.000000 0.000000 1.000000
28 29 200.0 0.331663 -0.943398 824.944348 0.943398 0.331663 142.693578 0.000000 0.000000 1.000000
28 29 110.0 0.348008 -0.937491 818.893615 0.937491 0.348008 133.078250 0.000000 0.000000 1.000000
28 29 104.0 0.357512 -0.933909 816.253459 0.933909 0.357512 131.116866 0.000000 0.000000 1.000000
28 30 323.0 -0.311699 -0.950181 445.631259 0.950181 -0.311699 -123.847854 0.000000 0.000000 1.000000
28 30 323.0 -0.291162 -0.956674 437.273340 0.956674 -0.291162 -128.764862 0.000000 0.000000 1.000000
28 30 323.0 -0.300682 -0.953725 440.536620 0.953725 -0.300682 -126.204978 0.000000 0.000000 1.000000
28 30 323.0 -0.320072 -0.947393 448.021835 0.947393 -0.320072 -121.655729 0.000000 0.000000 1.000000
28 30 323.0 -0.305311 -0.952253 441.986366 0.952253 -0.305311 -124.414708 0.000000 0.000000 1.000000
28 30 323.0 -0.300394 -0.953815 442.239566 0.953815 -0.300394 -126.371285 0.000000 0.000000 1.000000
28 30 172.0 -0.345705 -0.938343 459.330082 0.938343 -0.345705 -113.657954 0.000000 0.000000 1.000000
29 31 429.0 -0.203313 -0.979114 1046.836356 0.979114 -0.203313 -163.417400 0.000000 0.000000 1.000000
29 31 429.0 -0.190870 -0.981615 1042.707613 0.981615 -0.190870 -170.072100 0.000000 0.000000 1.000000
29 31 374.0 -0.181924 -0.983313 1038.322038 0.983313 -0.181924 -175.011924 0.000000 0.000000 1.000000
29 31 332.0 -0.205271 -0.978705 1049.616100 0.978705 -0.205271 -161.802695 0.000000 0.000000 1.000000
29 31 332.0 -0.200794 -0.979633 1047.902259 0.979633 -0.200794 -164.872980 0.000000 0.000000 1.000000
29 31 265.0 -0.216524 -0.976277 1051.460666 0.976277 -0.216524 -154.505436 0.000000 0.000000 1.000000
29 31 211.0 -0.173377 -0.984855 1038.618833 0.984855 -0.173377 -180.493252 0.000000 0.000000 1.000000
29 31 172.0 -0.213869 -0.976862 1053.200154 0.976862 -0.213869 -157.790524 0.000000 0.000000 1.000000
