2 3 198 0.48226504519679114 -0.8760257390889474 297.3010190561548 0.8760257390889473 0.4822650451967912 -309.74530312089007 0 0 1
2 4 232.0 -0.97561 -0.219512 608.707317 0.219512 -0.97561 341.365854 0 0 1
4 5 204 0.5667194590804275 0.8239110930710833 -61.54406764771908 -0.8239110930710833 0.5667194590804276 48.379682632330756 0 0 1
0 1 362 -0.5478846159479663 -0.8365545109468657 433.2041160950825 0.836554510946866 -0.5478846159479667 337.70776707068035 0 0 1
3 4 264 0.29714060521876706 0.954833502432348 -250.56544310704453 -0.9548335024323482 0.29714060521876706 259.61434513770536 0 0 1
3 5 208.0 0.593646 -0.804727 302.959942 0.804727 0.593646 -219.997264 0 0 1
0 13 245 -0.7819758488623066 -0.6233091416914043 682.5881800188214 0.623309141691404 -0.7819758488623069 315.03013533045527 0 0 1
3 7 277.0 -0.995556 0.094174 325.504173 -0.094174 -0.995556 607.588172 0 0 1
1 2 259 0.1433990302511411 -0.9896650527143172 627.241955606913 0.9896650527143169 0.14339903025114095 -80.0585006356699 0 0 1
4 10 314.0 0.624695 0.780869 -281.185998 -0.780869 0.624695 231.445837 0 0 1
2 14 232.0 -0.923983 -0.382434 697.408781 0.382434 -0.923983 300.234195 0 0 1
1 86 226 -0.8331761611803614 -0.5530078991666904 587.5250927216548 0.5530078991666904 -0.8331761611803613 446.1878302810783 0 0 1
0 75 155 -0.9810372248281862 0.1938209135217637 312.3694916060605 -0.1938209135217636 -0.9810372248281861 608.6341734092609 0 0 1
4 17 199 0.6286593824211102 -0.7776806056112677 107.51683492724874 0.7776806056112677 0.6286593824211101 -101.55811659875233 0 0 1
2 35 108 0.28707920606821075 0.9579070615332393 -216.43816394911696 -0.9579070615332391 0.28707920606821086 363.55963030904843 0 0 1
4 14 231.0 -0.985396 -0.170281 655.566915 0.170281 -0.985396 403.342606 0 0 1
2 9 257.0 0.303882 -0.95271 172.102793 0.95271 0.303882 -58.622713 0 0 1
0 12 169.0 0.861038 -0.508541 219.095924 0.508541 0.861038 -317.84899 0 0 1
1 8 329 -0.1950950390522343 -0.9807846393343481 418.8570195736295 0.9807846393343481 -0.19509503905223438 -129.85297075485937 0 0 1
4 29 122 -0.5081720026789867 -0.8612549610894721 380.1076272316262 0.8612549610894721 -0.5081720026789868 150.7663463715823 0 0 1
4 81 171 0.9472123877927676 -0.3206048565398287 -35.52186294788242 0.3206048565398287 0.9472123877927675 -95.59801791460465 0 0 1
4 51 133 0.11209512531071565 -0.9936977986096046 246.98742797617987 0.9936977986096045 0.1120951253107157 -39.02191925643889 0 0 1
4 60 129.0 -0.368048 0.929807 -40.52537 -0.929807 -0.368048 498.129516 0 0 1
5 6 431 -0.9990968032038811 0.042503261672319846 612.0285547807675 -0.04250326167231985 -0.999096803203881 327.6119658437548 0 0 1
4 84 131 -0.742168403728256 -0.6702132909995535 354.3742107947968 0.6702132909995534 -0.742168403728256 234.66762843959634 0 0 1
5 11 293.0 -0.400914 0.916116 10.397299 -0.916116 -0.400914 346.057785 0 0 1
5 23 113.0 -0.083045 0.996546 -80.283891 -0.996546 -0.083045 347.402704 0 0 1
5 10 111.0 1.0 0.0 -122.0 -0.0 1.0 -150.0 0 0 1
6 12 367 0.32497266556246107 -0.9457234421463965 430.77972189491993 0.9457234421463964 0.32497266556246096 77.37509523814857 0 0 1
5 50 125.0 0.677593 -0.735437 103.486102 0.735437 0.677593 -237.669334 0 0 1
6 89 151 0.051031560674129846 0.9986968918847012 -242.4369636023115 -0.9986968918847009 0.051031560674130075 562.5381617291936 0 0 1
7 17 245.0 -0.894427 -0.447214 598.25911 0.447214 -0.894427 129.115787 0 0 1
7 9 436 -0.9966040480487256 0.08233706099256956 202.2065739213922 -0.08233706099256947 -0.9966040480487255 354.7249279035318 0 0 1
7 10 423 0.6595116168267303 -0.7516950200876629 425.53273903917426 0.7516950200876629 0.6595116168267303 -35.040440772906244 0 0 1
7 40 172 -0.042592354805546725 -0.9990923891017877 621.8086737292381 0.9990923891017878 -0.04259235480554672 73.983250339366 0 0 1
8 13 366 0.1132490079512765 0.9935669395738022 48.51468688492287 -0.9935669395738022 0.1132490079512765 579.1023545897166 0 0 1
8 9 414 0.6387908171352749 -0.7693798480858773 136.07912616886802 0.7693798480858773 0.6387908171352749 -321.3427762900271 0 0 1
8 20 229 0.8343189408264934 -0.5512816033345914 -54.323992242757924 0.5512816033345912 0.8343189408264935 -19.287930862797946 0 0 1
8 11 118.0 -0.937622 -0.347657 258.436842 0.347657 -0.937622 427.269945 0 0 1
8 65 117 -0.6754548017252314 -0.7374015908359085 320.21608652252894 0.7374015908359087 -0.6754548017252311 259.9440410519303 0 0 1
8 81 104.0 -0.875948 -0.482406 314.588368 0.482406 -0.875948 368.387991 0 0 1
8 54 154.0 0.531768 -0.84689 476.115172 0.84689 0.531768 -145.56127 0 0 1
8 79 124.0 0.040782 0.999168 182.170575 -0.999168 0.040782 351.862763 0 0 1
8 38 103.0 0.999581 0.028949 -212.049484 -0.028949 0.999581 121.678841 0 0 1
9 19 298.0 -0.205402 -0.978678 411.417865 0.978678 -0.205402 236.111261 0 0 1
10 33 105.0 -0.816024 -0.578017 620.927143 0.578017 -0.816024 439.934548 0 0 1
9 39 116 0.9263711963072291 0.37661154098927124 -303.1932766682904 -0.37661154098927135 0.926371196307229 34.05166854083874 0 0 1
10 11 345.0 -0.452376 0.891827 318.83495 -0.891827 -0.452376 397.87597 0 0 1
10 86 184 -0.5984361122454499 -0.8011707669314649 392.04344643013815 0.8011707669314648 -0.59843611224545 10.306237079459965 0 0 1
10 51 125.0 -0.591364 -0.806405 409.098648 0.806405 -0.591364 -23.659056 0 0 1
10 53 111.0 -0.399585 -0.916696 612.937784 0.916696 -0.399585 288.844775 0 0 1
10 16 143.0 0.963634 -0.267226 173.225176 0.267226 0.963634 171.91701 0 0 1
9 72 134.0 -0.434749 0.900552 181.231763 -0.900552 -0.434749 311.741659 0 0 1
11 12 302.0 0.992226 -0.124449 33.260644 0.124449 0.992226 204.218136 0 0 1
9 86 128.0 -0.033689 -0.999432 212.38419 0.999432 -0.033689 -17.227742 0 0 1
10 75 144 0.885563874499414 0.46451791220854555 -140.90380473090073 -0.46451791220854527 0.885563874499414 -63.61831523215265 0 0 1
10 24 141 -0.9998215555933702 0.0189039741021225 529.0300102806505 -0.018903974102122606 -0.9998215555933702 612.2073638834501 0 0 1
10 37 108 0.822504268441505 0.5687596713379957 69.66836805367431 -0.5687596713379959 0.8225042684415049 354.01293774672075 0 0 1
13 15 369 -0.9200230811456784 0.39186436178250766 242.21425111080026 -0.3918643617825078 -0.9200230811456784 326.9464578395622 0 0 1
10 78 120 -0.9628396585214091 0.2700740880024904 465.8596273187558 -0.27007408800249044 -0.9628396585214092 710.7697348736051 0 0 1
11 66 105.0 0.335325 -0.942103 108.416895 0.942103 0.335325 -31.755293 0 0 1
12 68 168.0 -0.991771 -0.128028 518.497206 0.128028 -0.991771 671.200288 0 0 1
13 78 153.0 -0.076926 -0.997037 227.93035 0.997037 -0.076926 156.202055 0 0 1
11 56 105.0 -0.849057 -0.528302 270.886792 0.528302 -0.849057 314.603774 0 0 1
12 84 168.0 -0.916757 0.399446 401.515028 -0.399446 -0.916757 738.219489 0 0 1
12 14 169 0.466444070859731 -0.884550751200745 504.4002460874676 0.8845507512007452 0.4664440708597309 -101.97987370095139 0 0 1
11 16 131.0 -0.630041 -0.776562 725.771785 0.776562 -0.630041 190.99625 0 0 1
14 16 314.0 0.454054 -0.890974 107.498258 0.890974 0.454054 -155.618184 0 0 1
14 26 263.0 0.951898 -0.306416 141.64682 0.306416 0.951898 -222.500228 0 0 1
15 20 169 0.006172930211532484 0.9999809472847985 -97.0054202408873 -0.9999809472847986 0.006172930211532375 602.4195838179999 0 0 1
14 79 139.0 -0.581238 -0.813733 352.630854 0.813733 -0.581238 72.845633 0 0 1
15 22 174.0 0.925609 0.37848 66.391006 -0.37848 0.925609 185.417687 0 0 1
16 48 129 -0.7613497511341794 0.648341521183029 120.90480151672358 -0.6483415211830289 -0.7613497511341792 394.50284926747406 0 0 1
16 18 219 -0.7027679518895606 0.7114195841379071 62.09143665845017 -0.711419584137907 -0.7027679518895608 667.3822478526256 0 0 1
16 27 355 0.6006556234751039 0.7995080444509199 -193.65254378625298 -0.7995080444509196 0.6006556234751039 118.55318811391308 0 0 1
14 51 108.0 -0.98387 0.178885 222.472005 -0.178885 -0.98387 372.429465 0 0 1
15 31 147.0 0.999532 -0.030605 145.102923 0.030605 0.999532 -239.554566 0 0 1
17 18 274 -0.7291990760583775 -0.6843011318422675 368.4154445630894 0.6843011318422678 -0.7291990760583776 76.80516919127692 0 0 1
17 19 268.0 -0.694595 -0.719401 679.433539 0.719401 -0.694595 393.566741 0 0 1
15 67 104.0 0.617397 0.786652 -212.754367 -0.786652 0.617397 139.676948 0 0 1
18 24 240 -0.498599732541051 -0.8668326522316705 667.7112052982402 0.8668326522316703 -0.49859973254105117 166.36493450705447 0 0 1
16 43 117 -0.6531274377337059 0.7572477975513723 70.48093706966166 -0.7572477975513724 -0.6531274377337056 370.52942198974824 0 0 1
17 48 161 -0.8404901694983266 -0.5418261148317557 636.1481319685183 0.5418261148317557 -0.8404901694983264 445.3366094217457 0 0 1
15 77 145 -0.952319472325269 -0.30510383997439583 633.6332012220449 0.30510383997439555 -0.9523194723252689 120.46448878169132 0 0 1
18 53 108 0.6500400023444958 -0.7599007909325849 397.79832468393926 0.759900790932585 0.6500400023444957 -57.165708969674235 0 0 1
17 23 294 -0.9430959183898406 -0.33251989714665703 368.3010936361179 0.332519897146657 -0.9430959183898405 460.4621869010885 0 0 1
16 37 152.0 -0.759257 0.650791 370.154712 -0.650791 -0.759257 344.523311 0 0 1
18 79 146 0.23138278746992605 0.972862904919109 119.08253029915667 -0.9728629049191092 0.231382787469926 393.24508604490404 0 0 1
17 53 105 -0.9867507313105983 0.162244451895893 540.5658590906214 -0.16224445189589298 -0.9867507313105983 631.4734064567498 0 0 1
18 51 128.0 0.374689 -0.92715 152.483589 0.92715 0.374689 -85.577506 0 0 1
17 69 116.0 0.827476 0.561501 -199.174808 -0.561501 0.827476 269.808702 0 0 1
17 40 146 -0.4890028467957752 -0.8722818101242441 664.1773640327988 0.872281810124244 -0.4890028467957752 28.122607827665732 0 0 1
18 37 103.0 0.993279 -0.115748 232.204668 0.115748 0.993279 -0.779173 0 0 1
19 21 221 -0.4690691819286365 -0.8831610157778702 655.4945709776725 0.8831610157778702 -0.46906918192863656 151.62710875722124 0 0 1
19 46 103.0 -0.98387 -0.178885 442.806177 0.178885 -0.98387 634.899983 0 0 1
20 25 344 0.8930837112789218 0.44989054754825397 -172.8734929685746 -0.4498905475482539 0.8930837112789217 243.29896022999856 0 0 1
20 75 109.0 0.539955 0.841694 81.401544 -0.841694 0.539955 397.512739 0 0 1
19 76 107.0 0.932798 -0.360399 135.997846 0.360399 0.932798 -327.662372 0 0 1
20 80 203 -0.9946685499264089 -0.10312547535548443 274.52575947143623 0.10312547535548454 -0.994668549926409 286.7166308355231 0 0 1
21 25 246.0 -0.0848 -0.996398 222.76175 0.996398 -0.0848 98.429361 0 0 1
21 23 350 -0.034957031053117274 0.9993890349893534 203.89977614488387 -0.999389034989353 -0.03495703105311712 333.378525781378 0 0 1
19 78 132.0 -0.730527 0.682884 198.540959 -0.682884 -0.730527 758.736126 0 0 1
22 25 314 -0.058464748916329634 0.9982894844298174 -158.59702999027502 -0.9982894844298172 -0.05846474891632954 579.6394738570812 0 0 1
21 81 162 -0.3653983507569382 0.930851187636407 -126.08550448058085 -0.9308511876364072 -0.3653983507569383 589.69155238726 0 0 1
21 28 245.0 -0.496139 -0.868243 425.609777 0.868243 -0.496139 0.934858 0 0 1
22 31 294.0 -0.924678 0.38075 413.16998 -0.38075 -0.924678 630.522338 0 0 1
22 89 104.0 0.307318 -0.951607 179.01531 0.951607 0.307318 113.565616 0 0 1
23 24 339 -0.09124369281327299 -0.9958285714779412 549.8373354363217 0.9958285714779411 -0.09124369281327298 242.02606854894992 0 0 1
22 55 149.0 0.948807 -0.315856 283.483716 0.315856 0.948807 -209.326316 0 0 1
23 33 347 -0.46045257569732395 0.8876846509440725 263.4146163981351 -0.8876846509440722 -0.460452575697324 453.3497805223481 0 0 1
24 27 230 0.7765898497399216 0.63000640740466 77.45865301472061 -0.6300064074046601 0.7765898497399215 69.30763067248144 0 0 1
22 36 211 0.8914563058305855 -0.45310605612801724 -56.20585853506975 0.4531060561280172 0.8914563058305855 107.17878188597551 0 0 1
24 29 362.0 0.994922 0.100654 -97.754944 -0.100654 0.994922 -102.454898 0 0 1
26 27 237 0.9898897270022164 0.14183866472678477 -236.419619224331 -0.14183866472678475 0.9898897270022166 22.681429641617825 0 0 1
24 81 117 0.4403588782197427 -0.8978214340942464 249.12299557020518 0.8978214340942465 0.440358878219743 -191.14256078288264 0 0 1
25 32 359 0.9410098537520203 0.3383790102852146 -177.22278729683637 -0.3383790102852145 0.9410098537520204 153.1019365014021 0 0 1
24 65 101.0 0.747409 -0.664364 237.617372 0.664364 0.747409 56.012668 0 0 1
27 30 384 -0.583353997195866 -0.8122173193201474 532.9207494598734 0.8122173193201475 -0.5833539971958657 37.230915570879056 0 0 1
25 47 126.0 0.937994 0.34665 56.673028 -0.34665 0.937994 29.810163 0 0 1
25 75 113 0.6734875108243339 -0.7391981436324383 117.64857225881815 0.7391981436324382 0.6734875108243339 -244.17086967098737 0 0 1
24 84 114.0 -0.991574 0.129541 300.866355 -0.129541 -0.991574 314.289112 0 0 1
26 34 302.0 0.566529 -0.824042 247.911114 0.824042 0.566529 -228.964882 0 0 1
27 83 156 0.723021826239549 0.6908253703377052 -75.93481900029532 -0.6908253703377051 0.723021826239549 97.6138446534159 0 0 1
28 33 225 0.8755532188299676 -0.4831226855763278 -76.39857567003884 0.4831226855763279 0.8755532188299674 -214.65041323119866 0 0 1
28 32 265.0 0.707107 0.707107 83.353247 -0.707107 0.707107 342.328427 0 0 1
26 46 195 0.327392634326898 -0.9448888778933179 335.5108843774525 0.9448888778933179 0.32739263432689825 -204.76262063341164 0 0 1
27 90 168 0.6594796992852648 -0.7517219460682362 205.28137460446652 0.7517219460682362 0.6594796992852646 51.76308879498732 0 0 1
27 84 103 0.7426795675811028 -0.6696467576293836 203.48290972867085 0.6696467576293836 0.7426795675811025 81.96743285277826 0 0 1
27 86 139 0.9959907138600574 0.0894575550444625 -33.675581574826346 -0.0894575550444626 0.9959907138600577 172.28229850710062 0 0 1
29 33 225 -0.8844396815829634 -0.4666538132774948 294.1829425976599 0.46665381327749483 -0.8844396815829629 400.0393268080907 0 0 1
29 30 263 -0.02931866529203197 -0.9995702045531837 620.1047463639975 0.9995702045531837 -0.029318665292031924 -75.49940173432303 0 0 1
28 36 302.0 -0.252693 -0.967547 364.246601 0.967547 -0.252693 206.276456 0 0 1
28 40 158 -0.10505259023628141 -0.9944662375036406 642.5199585453472 0.9944662375036407 -0.10505259023628152 162.74142386575247 0 0 1
30 32 264 -0.9446287144745166 -0.32814286200254583 378.42942969568776 0.32814286200254583 -0.9446287144745166 451.4877733749045 0 0 1
30 48 143 0.8715479459770797 0.4903098632101267 -153.34971217045384 -0.4903098632101266 0.87154794597708 -0.8755621012526351 0 0 1
28 86 135 0.18316012064542078 0.9830835611676939 150.55582689151407 -0.9830835611676941 0.18316012064542084 487.13255827287077 0 0 1
28 49 107.0 -0.995893 0.090536 598.296709 -0.090536 -0.995893 554.934194 0 0 1
30 73 128 -0.9092937248566967 0.41615393630390385 200.26717550364745 -0.4161539363039039 -0.9092937248566967 608.3202060826129 0 0 1
28 66 140.0 0.280899 0.959737 158.977586 -0.959737 0.280899 480.53645 0 0 1
30 34 376 0.48575851075443605 0.8740928173412894 -169.7031691621719 -0.8740928173412892 0.48575851075443605 133.04465543261742 0 0 1
29 38 108 0.994389301647752 -0.10578083162130884 93.69384429976965 0.1057808316213091 0.994389301647752 99.92061791054272 0 0 1
29 37 307 -0.3058704135729834 0.9520732884136028 1.3156648612303834 -0.952073288413603 -0.3058704135729833 305.69247905971315 0 0 1
30 56 198 0.7397928154387067 -0.672834961611146 101.15220412301791 0.6728349616111459 0.7397928154387066 -234.08732461778072 0 0 1
31 32 232 0.7231972166365239 -0.690640997203457 330.62738939760743 0.6906409972034574 0.7231972166365238 -265.7187689203346 0 0 1
30 38 159 -0.9841357873018379 0.17741489811397337 216.40827484141082 -0.17741489811397332 -0.9841357873018381 558.2812959840958 0 0 1
30 79 134 0.35696213586447484 -0.9341186221712277 237.70809518138014 0.9341186221712275 0.35696213586447484 -207.62685464670227 0 0 1
30 71 196 0.9914389223035283 -0.13057482375105195 -17.59755285140349 0.13057482375105198 0.9914389223035283 -197.00535100719 0 0 1
31 41 176.0 0.963679 0.267063 -195.81319 -0.267063 0.963679 -26.828455 0 0 1
32 81 108 0.9989245764274459 0.04637339326863654 126.26938521046172 -0.04637339326863654 0.9989245764274461 4.516786710392036 0 0 1
32 37 140.0 -0.999796 -0.020198 598.289408 0.020198 -0.999796 402.17449 0 0 1
31 55 150 -0.9988034632290288 -0.04889843461399064 288.5872110839655 0.04889843461399038 -0.9988034632290285 633.3223490482613 0 0 1
32 40 411 0.8825182799523997 0.4702785292120596 -250.11491889711257 -0.4702785292120596 0.8825182799523998 162.13508787600315 0 0 1
33 40 178 0.9814953753424575 0.1914873656363993 -29.536347857766625 -0.1914873656363995 0.9814953753424576 -124.37517982773004 0 0 1
33 35 264 -0.8691951784002128 0.4944687582363747 272.86141139660856 -0.4944687582363743 -0.8691951784002128 683.8131600014258 0 0 1
33 53 103 0.8732221386579574 0.4873221171490409 -40.726068877314226 -0.487322117149041 0.8732221386579574 -7.940264976914936 0 0 1
33 51 110.0 -0.989949 -0.141421 481.032244 0.141421 -0.989949 237.377583 0 0 1
32 84 113.0 0.48349 0.87535 85.988833 -0.87535 0.48349 281.012595 0 0 1
34 75 114.0 -0.896527 0.44299 207.153674 -0.44299 -0.896527 665.365461 0 0 1
34 55 130.0 -0.999077 -0.042951 582.937117 0.042951 -0.999077 499.777085 0 0 1
34 58 105.0 0.90607 0.423128 -179.888763 -0.423128 0.90607 329.182762 0 0 1
34 39 341.0 0.046723 -0.998908 272.707777 0.998908 0.046723 -115.558805 0 0 1
34 71 135 -0.4417095214193383 0.8971581347858909 -12.428125647488685 -0.8971581347858911 -0.44170952141933856 691.174590503858 0 0 1
34 76 162 0.7480174063823799 -0.6636789114669663 78.06417933231572 0.6636789114669663 0.7480174063823798 -163.80513632741074 0 0 1
35 36 315 -0.7070054559433706 0.7072085294764953 -7.984549614696766 -0.7072085294764953 -0.7070054559433707 618.0170287926994 0 0 1
35 44 200.0 -0.624096 -0.781348 459.781122 0.781348 -0.624096 19.391711 0 0 1
35 37 362.0 -0.318577 0.947897 280.869749 -0.947897 -0.318577 375.408835 0 0 1
35 43 101.0 0.980155 0.198234 -210.636565 -0.198234 0.980155 104.828373 0 0 1
35 38 160.0 -0.257157 -0.96637 642.557451 0.96637 -0.257157 -23.8799 0 0 1
37 47 226 0.9985983344338594 0.05291966596570926 162.15264206153725 -0.05291966596570932 0.9985983344338596 -9.197122363634199 0 0 1
36 40 332 -0.9982992059608222 0.05829919823626846 496.04470085927056 -0.05829919823626829 -0.9982992059608222 227.70125527489745 0 0 1
38 48 108.0 0.870466 0.492228 64.943005 -0.492228 0.870466 18.38342 0 0 1
35 50 170 0.8367970957840379 0.547514225739752 -157.466824074916 -0.5475142257397522 0.836797095784038 -37.580007181905835 0 0 1
36 45 340 -0.8079945752253271 -0.5891899252774471 677.2131595518449 0.589189925277447 -0.8079945752253271 346.6299839155439 0 0 1
37 79 159 -0.1210298062683463 -0.9926490469000847 249.7909149432606 0.992649046900085 -0.1210298062683462 41.02516405537258 0 0 1
36 82 236 0.2882015716624494 0.9575695540885236 -200.50635162428446 -0.9575695540885235 0.2882015716624494 285.7493628662744 0 0 1
38 39 355.0 -0.964764 0.263117 481.199187 -0.263117 -0.964764 640.859982 0 0 1
37 38 137.0 0.868243 -0.496139 156.14648 0.496139 0.868243 110.791292 0 0 1
38 50 130.0 -0.715574 0.698537 343.97413 -0.698537 -0.715574 684.534146 0 0 1
38 78 210 -0.9996920788499265 -0.024811841945179998 542.6542862397844 0.024811841945180078 -0.9996920788499266 582.5539765493695 0 0 1
39 46 477 0.3016774660016175 0.9534104475008879 -171.08649598129142 -0.9534104475008878 0.30167746600161743 497.61787757904415 0 0 1
40 41 389 0.8285227437016366 0.5599547836701755 -147.83036337975273 -0.5599547836701753 0.8285227437016365 368.2749725066171 0 0 1
40 43 240.0 0.897483 -0.441049 -46.085107 0.441049 0.897483 -144.87142 0 0 1
41 42 271 -0.4955559732610899 -0.8685752941140185 410.2556587843143 0.8685752941140183 -0.4955559732610899 -6.017212120365863 0 0 1
41 61 138 -0.08776430160762211 -0.9961414649603371 241.09477132883305 0.996141464960337 -0.08776430160762236 194.953296560223 0 0 1
43 45 256.0 0.436904 0.899508 -107.474933 -0.899508 0.436904 83.994528 0 0 1
42 52 415 -0.09186209794074104 -0.9957715960293936 386.5988274970865 0.9957715960293936 -0.09186209794074107 181.01953302962832 0 0 1
43 53 305 -0.6861556077153648 0.7274540649283349 46.69234532641483 -0.7274540649283346 -0.686155607715365 528.4093632582745 0 0 1
44 45 211 -0.5233409080909661 0.8521235394609885 353.31358103850613 -0.8521235394609886 -0.5233409080909659 621.6361094122735 0 0 1
44 47 191 -0.459706527569137 -0.888071226990452 307.4070745243328 0.8880712269904519 -0.4597065275691371 56.90486922274463 0 0 1
45 49 201 -0.8703414682888017 0.49244841110708487 225.7068603881815 -0.4924484111070849 -0.8703414682888018 390.05929825156437 0 0 1
44 50 325 -0.9589089308963406 0.2837145408403264 303.6639139966542 -0.28371454084032693 -0.9589089308963404 642.8120281084255 0 0 1
46 48 293 -0.9067368384363564 0.4216973842217195 245.9729217058798 -0.4216973842217199 -0.9067368384363567 697.2473379656847 0 0 1
45 53 120 -0.43962268384700587 -0.8981820900174728 317.8000557891902 0.898182090017473 -0.43962268384700565 236.62729438968753 0 0 1
47 48 203 0.9975058021689138 -0.07059111735446606 24.381821680857872 0.07059111735446605 0.9975058021689139 175.71609155833013 0 0 1
46 55 368 -0.9521174052242175 -0.3057323824230977 326.0758784854404 0.3057323824230977 -0.9521174052242175 291.3648824124864 0 0 1
47 51 156 -0.37168205556548506 0.9283603654269256 263.2151296388622 -0.9283603654269255 -0.3716820555654851 494.7747990045606 0 0 1
46 58 184 -0.9180960614157607 -0.3963577126572259 641.2485934656202 0.3963577126572258 -0.9180960614157608 387.0419926388553 0 0 1
45 74 133 -0.9999997511682838 -0.0007054526003056686 258.28601177570806 0.0007054526003055586 -0.9999997511682834 577.226556464524 0 0 1
48 54 323 -0.2181461466961195 0.9759159505565195 216.80485724163412 -0.9759159505565191 -0.2181461466961195 455.8131384740946 0 0 1
47 84 136.0 0.459854 0.887994 90.620341 -0.887994 0.459854 277.812385 0 0 1
45 70 129 0.9048036449936772 0.42582962787499384 -243.0278769237012 -0.42582962787499384 0.9048036449936772 253.90401206024342 0 0 1
46 77 111.0 -0.902134 -0.431455 395.867048 0.431455 -0.902134 530.36974 0 0 1
49 80 224 -0.20643140357288484 0.9784606467241945 163.71723861664614 -0.9784606467241949 -0.20643140357288509 285.8465933818112 0 0 1
49 53 265 0.15221086947419404 -0.9883481434959595 513.0788500820538 0.9883481434959596 0.1522108694741941 -223.48724368295797 0 0 1
49 73 146 0.12010958398927603 -0.9927610141075862 503.17933414049156 0.9927610141075861 0.12010958398927601 -191.72802811923114 0 0 1
49 50 266 -0.3151169921041497 -0.949052694230006 402.48894305266913 0.9490526942300059 -0.3151169921041497 273.768885890629 0 0 1
49 83 135 0.19775922067378846 -0.9802509238228216 502.28425778453874 0.9802509238228216 0.19775922067378846 -192.07320925741755 0 0 1
49 81 115.0 0.913172 -0.407574 267.477068 0.407574 0.913172 -12.375155 0 0 1
50 51 297.0 -0.980778 -0.195129 698.461268 0.195129 -0.980778 399.065538 0 0 1
51 54 379 0.9661713815366384 -0.2579013022157585 -113.48657007146761 0.2579013022157585 0.9661713815366382 -112.90253409139763 0 0 1
51 81 172 0.3023122450967679 0.953208910464832 -7.309710377796277 -0.9532089104648319 0.3023122450967678 178.7105593375777 0 0 1
50 59 115.0 -0.826481 0.562965 304.636107 -0.562965 -0.826481 329.652534 0 0 1
51 86 102 0.9968036184081711 -0.0798843017142749 -39.96673569209783 0.07988430171427507 0.9968036184081711 177.636143005621 0 0 1
52 58 438 -0.8606594464536063 -0.5091816157867173 675.8068092688729 0.5091816157867174 -0.8606594464536061 332.319982224078 0 0 1
51 79 132 -0.8766021611782164 0.48121531930278366 365.65370108572915 -0.4812153193027836 -0.8766021611782165 331.94818128987015 0 0 1
51 88 106.0 0.124035 -0.992278 441.587092 0.992278 0.124035 -212.591419 0 0 1
53 54 112 0.8858193529714605 -0.46403040466140033 23.558493471517508 0.46403040466140016 0.8858193529714604 56.712290708392565 0 0 1
50 65 160.0 -0.469155 0.883116 336.547093 -0.883116 -0.469155 508.599446 0 0 1
53 83 110.0 -0.914535 -0.404506 424.754273 0.404506 -0.914535 431.876749 0 0 1
54 55 228.0 0.533073 -0.846069 69.135453 0.846069 0.533073 -99.854104 0 0 1
52 53 371 0.3136893633792049 -0.9495254424057045 278.7690686455415 0.9495254424057042 0.31368936337920483 172.23315028908968 0 0 1
53 56 240 -0.9783085455267679 0.2071530724133725 471.42252407086403 -0.20715307241337247 -0.9783085455267678 330.21166876680144 0 0 1
54 60 247 0.8048866426673046 0.5934286287909899 -86.67320856364645 -0.5934286287909899 0.8048866426673045 342.47455900648896 0 0 1
53 68 135 -0.6257376784160162 -0.7800334353753907 329.9360675027259 0.7800334353753907 -0.6257376784160161 51.76650690145864 0 0 1
55 61 307.0 -0.133918 0.990992 177.624192 -0.990992 -0.133918 549.806817 0 0 1
54 66 138 -0.11670821866821451 0.9931665639636145 245.81388692630725 -0.9931665639636144 -0.11670821866821451 451.34703114615286 0 0 1
53 86 114.0 0.924481 -0.381229 0.228319 0.381229 0.924481 73.384617 0 0 1
55 65 185 -0.1628802748002097 0.986645636034543 198.93850728947095 -0.9866456360345431 -0.1628802748002096 521.0637507385197 0 0 1
56 57 368 -0.8431370869177094 -0.5376988244676744 292.4108154477053 0.5376988244676744 -0.8431370869177094 205.84650921507287 0 0 1
56 58 299 -0.40814481841846684 0.9129174578674439 325.07768257328235 -0.912917457867444 -0.40814481841846684 599.2955865788612 0 0 1
55 70 159 0.7978825258482365 0.6028124435336729 -209.7831409815703 -0.6028124435336727 0.7978825258482367 60.81062896097589 0 0 1
57 59 351 -0.20038588656999298 0.97971686123112 169.09446261487554 -0.97971686123112 -0.20038588656999326 640.4842942477451 0 0 1
57 69 282 -0.9449789915565177 -0.3271317359441411 634.3538645801655 0.3271317359441409 -0.9449789915565177 225.66975716499033 0 0 1
56 66 369 -0.20674082901559535 -0.9783961135976295 415.1480462569952 0.9783961135976293 -0.20674082901559498 232.00430452540786 0 0 1
58 67 425 -0.7278500135587331 -0.6857359001500153 391.1516494893325 0.6857359001500152 -0.7278500135587332 104.2019146265275 0 0 1
59 62 169.0 0.021272 0.999774 -199.595391 -0.999774 0.021272 515.526257 0 0 1
57 79 116.0 -0.975133 -0.221621 634.882443 0.221621 -0.975133 239.406272 0 0 1
58 78 176 0.14037042865858568 -0.9900986855865453 571.7622080063483 0.9900986855865455 0.14037042865858573 -188.25778066361332 0 0 1
58 84 137 -0.9917931973430003 -0.12785412572204774 305.0431061211878 0.12785412572204816 -0.9917931973430001 280.4118880141533 0 0 1
60 61 389 0.9991404397111168 0.04145432617803657 -169.843966607467 -0.04145432617803638 0.9991404397111171 -133.83482970150132 0 0 1
59 63 170 0.9551716664359035 -0.2960517911076705 126.70145928902855 0.2960517911076705 0.9551716664359033 99.53824710485551 0 0 1
60 65 184 -0.3023004431755818 -0.9532127620111086 379.0949750772204 0.9532127620111089 -0.3023004431755817 188.49327609184633 0 0 1
60 66 128 0.5931322645337308 0.8051047361362917 -246.30657319647216 -0.8051047361362915 0.5931322645337308 141.69714656630816 0 0 1
62 64 118 0.9992400649854969 0.03897867565452104 -138.3466155376187 -0.03897867565452115 0.9992400649854967 87.0787220074068 0 0 1
60 69 130 -0.882624757709117 -0.47007864491797835 685.154318134832 0.47007864491797846 -0.882624757709117 441.22141906512246 0 0 1
62 86 143 0.914004788645354 -0.40570394713554514 244.81598851594353 0.40570394713554514 0.914004788645354 -152.07462759806737 0 0 1
61 68 273 -0.7448831494482941 -0.6671947345220813 398.20089077668337 0.6671947345220811 -0.7448831494482943 349.3079498441811 0 0 1
63 64 323 -0.2786462771289007 0.9603942033114338 -79.69495506525143 -0.9603942033114338 -0.2786462771289007 602.296427980625 0 0 1
63 69 170.0 -0.454187 0.890906 316.436547 -0.890906 -0.454187 362.593633 0 0 1
65 73 287 0.10402143540830792 -0.9945748777164016 571.5644063457962 0.9945748777164016 0.10402143540830795 55.31538633024118 0 0 1
64 65 454 -0.6212361181776547 -0.7836231591317085 428.94172315958133 0.7836231591317083 -0.6212361181776546 6.609500577756435 0 0 1
65 81 129 0.6486269830880403 0.7611065329768939 -12.784583634952526 -0.7611065329768938 0.6486269830880401 100.7727793989777 0 0 1
63 72 296 -0.9538552580022638 0.30026793469572327 511.3621778717678 -0.30026793469572316 -0.9538552580022637 596.1279247799498 0 0 1
65 68 274 0.8664487502167292 -0.4992661702237273 52.44750928267024 0.4992661702237274 0.8664487502167291 126.20210309733409 0 0 1
64 71 298.0 -0.990966 0.134112 226.97806 -0.134112 -0.990966 535.494087 0 0 1
66 67 266.0 0.177466 0.984127 1.039286 -0.984127 0.177466 157.946399 0 0 1
66 69 216.0 -0.907399 0.420269 294.062127 -0.420269 -0.907399 732.419442 0 0 1
67 70 151.0 -0.961524 0.274721 346.986015 -0.274721 -0.961524 648.934497 0 0 1
66 74 396 -0.7056566404872937 -0.7085538573419711 696.0193042807064 0.7085538573419711 -0.7056566404872937 252.20855182095627 0 0 1
67 75 117 -0.2163031405471689 0.9763264460647534 46.314717975045106 -0.9763264460647536 -0.21630314054716862 294.98857238277117 0 0 1
66 78 106.0 0.623941 -0.781471 303.017384 0.781471 0.623941 -317.051131 0 0 1
68 76 441 -0.9926749330436265 0.12081730680590216 566.4544526098762 -0.12081730680590218 -0.9926749330436264 445.0927375510376 0 0 1
69 75 156 -0.9315704067732216 -0.36356134321785977 330.2701791190523 0.3635613432178597 -0.9315704067732217 379.85247184865125 0 0 1
68 84 168.0 -0.858072 0.513529 334.400197 -0.513529 -0.858072 760.4907 0 0 1
71 73 316 0.9106213661747082 -0.41324227016861215 206.8962771699166 0.4132422701686119 0.9106213661747081 87.66697777604891 0 0 1
71 72 218.0 -0.391365 -0.920236 367.338274 0.920236 -0.391365 -101.46971 0 0 1
69 84 104.0 0.281474 0.959569 132.64504 -0.959569 0.281474 305.768576 0 0 1
73 76 267 -0.7039800942324617 -0.7102201389868176 706.1990143645089 0.7102201389868175 -0.7039800942324617 341.740773313 0 0 1
70 77 350 -0.9253644857215435 0.3790797174820934 293.5807388895216 -0.3790797174820933 -0.9253644857215433 332.46601860031853 0 0 1
71 80 284 0.958885787186241 -0.28379135045526444 185.31467117779576 0.2837913504552644 0.9588857871862411 -151.6894965022156 0 0 1
72 82 402 -0.41291482158021287 -0.9107690539145372 379.97664590415184 0.9107690539145372 -0.41291482158021287 40.721444867294814 0 0 1
72 75 259 -0.9064645761890591 0.42228138140745713 212.05624470150212 -0.42228138140745713 -0.906464576189059 658.3300142238785 0 0 1
75 83 359 -0.6724766181901697 0.7401186589888898 347.3612978994672 -0.74011865898889 -0.6724766181901697 522.0394826735462 0 0 1
74 75 277 -0.6643143712708288 0.747453269488497 381.69316717956184 -0.7474532694884974 -0.6643143712708287 386.8267703248812 0 0 1
74 81 265 0.5864094018342216 -0.8100152538739191 195.61499846780976 0.810015253873919 0.5864094018342219 -215.58518983143173 0 0 1
73 77 123 0.29773839810084046 -0.9546477168811257 525.2992005576875 0.9546477168811257 0.29773839810084024 87.1944451902975 0 0 1
77 81 270.0 -0.6 0.8 -25.0 -0.8 -0.6 662.0 0 0 1
76 78 407 0.908885784572362 -0.41704432878566144 -43.33644828486521 0.4170443287856616 0.9088857845723618 -41.82101836228847 0 0 1
76 77 146.0 -0.451972 -0.892032 470.844951 0.892032 -0.451972 -161.856678 0 0 1
80 82 275 -0.8175411606054083 0.5758693069169093 91.47375714045631 -0.5758693069169093 -0.8175411606054083 370.95048450698096 0 0 1
79 80 320 0.6348260372494084 0.7726548483159948 -284.23035170539526 -0.772654848315995 0.6348260372494081 280.2059283047963 0 0 1
78 89 460 -0.9991862664216702 -0.04034454341448811 301.7349119657535 0.04034454341448794 -0.9991862664216699 516.900883323106 0 0 1
81 83 207 0.7779430002479241 -0.6283347711668189 179.25950030933237 0.6283347711668191 0.7779430002479237 -278.5297561268295 0 0 1
77 87 355.0 -0.156082 -0.987744 557.688658 0.987744 -0.156082 166.392616 0 0 1
78 79 297 -0.468290812002103 0.8835745242928922 258.426654349132 -0.8835745242928922 -0.46829081200210343 700.244662229521 0 0 1
82 83 281 0.7498041769140508 0.661659605884508 105.58459950756153 -0.6616596058845078 0.749804176914051 242.91090466914565 0 0 1
81 88 307.0 0.891827 0.452376 -243.174817 -0.452376 0.891827 142.491544 0 0 1
80 86 229 -0.9358401141627127 0.35242477891306173 427.0142638706552 -0.3524247789130615 -0.9358401141627127 353.0528090518685 0 0 1
79 90 369 -0.8725454835861202 0.48853327179473066 274.0694544098053 -0.4885332717947308 -0.8725454835861203 344.9988608415095 0 0 1
79 84 114.0 -0.925305 0.379223 286.503493 -0.379223 -0.925305 313.485183 0 0 1
82 84 286.0 0.735641 -0.677372 185.000904 0.677372 0.735641 75.956079 0 0 1
83 86 135.0 -0.443436 -0.896306 588.170762 0.896306 -0.443436 283.282199 0 0 1
84 85 392 -0.23421909560560067 0.9721837423340788 226.78193662497475 -0.9721837423340787 -0.23421909560560064 359.19923605906104 0 0 1
86 90 370 0.5456715850734128 -0.8379992661956626 58.38103387612324 0.8379992661956625 0.5456715850734128 -149.56180517379727 0 0 1
84 86 439 0.5673836471955139 0.8234533139845371 -245.93750717441569 -0.8234533139845372 0.5673836471955137 389.5281094392634 0 0 1
85 88 561 0.6775172591824604 0.7355069959632518 -32.45789839912337 -0.7355069959632519 0.6775172591824606 421.69668414107986 0 0 1
87 88 386 -0.3013747618846326 -0.9535060985599313 649.6287797643807 0.9535060985599313 -0.3013747618846324 226.12570676832547 0 0 1
89 90 341 0.09847184003354789 0.9951396542523099 -143.14076888637493 -0.9951396542523098 0.09847184003354778 208.2692601441455 0 0 1
