Node 0
Node 1
Node 2
Node 3
Node 4
Node 5
Node 6
Node 7
Node 8
Node 9
Node 10
Node 11
Node 12
Node 13
Node 14
Node 15
Node 16
Node 17
Node 18
Node 19
Node 20
Node 21
Node 22
Node 23
Node 24
Node 25
Node 26
Node 27
Node 28
Node 29
Node 30
Node 31
Node 32
Node 33
Node 34
Node 35
Node 36
Node 37
Node 38
Node 39
Node 40
Node 41
Node 42
Node 43
Node 44
Node 45
Node 46
Node 47
Node 48
Node 49
Node 50
Node 51
Node 52
Node 53
Node 54
Node 55
Node 56
Node 57
Node 58
Node 59
Node 60
Node 61
Node 62
Node 63
Node 64
Node 65
Node 66
Node 67
Node 68
Node 69
Node 70
Node 71
Node 72
Node 73
Node 74
Node 75
Node 76
Node 77
Node 78
Node 79
Node 80
Node 81
Node 82
Node 83
Node 84
Node 85
Node 86
Node 87
Node 88
Node 89
Node 90
0 1 214.0 -0.544513 -0.838753 432.044665 0.838753 -0.544513 336.761334 0.000000 0.000000 1.000000
0 1 214.0 -0.554700 -0.832050 432.542768 0.832050 -0.554700 341.032418 0.000000 0.000000 1.000000
0 1 158.0 -0.593852 -0.804574 429.210127 0.804574 -0.593852 349.745196 0.000000 0.000000 1.000000
0 1 135.0 -0.600000 -0.800000 428.600000 0.800000 -0.600000 351.200000 0.000000 0.000000 1.000000
0 1 99.0 -0.554700 -0.832050 442.288512 0.832050 -0.554700 338.069391 0.000000 0.000000 1.000000
0 1 85.0 -0.507692 -0.861538 435.800000 0.861538 -0.507692 322.400000 0.000000 0.000000 1.000000
0 12 169.0 0.861038 -0.508541 219.095924 0.508541 0.861038 -317.848990 0.000000 0.000000 1.000000
0 13 183.0 -0.781348 -0.624096 681.810167 0.624096 -0.781348 316.279830 0.000000 0.000000 1.000000
0 13 183.0 -0.780239 -0.625481 682.707334 0.625481 -0.780239 314.403184 0.000000 0.000000 1.000000
0 13 183.0 -0.760913 -0.648854 684.451556 0.648854 -0.760913 302.243751 0.000000 0.000000 1.000000
0 75 92.0 -0.980581 0.196116 311.114212 -0.196116 -0.980581 609.139210 0.000000 0.000000 1.000000
1 2 200.0 0.160485 -0.987038 623.145625 0.987038 0.160485 -84.500202 0.000000 0.000000 1.000000
1 2 200.0 0.138196 -0.990405 629.191522 0.990405 0.138196 -77.338314 0.000000 0.000000 1.000000
1 2 184.0 0.130455 -0.991454 632.737203 0.991454 0.130455 -75.632009 0.000000 0.000000 1.000000
1 2 169.0 0.200654 -0.979662 610.384778 0.979662 0.200654 -94.904208 0.000000 0.000000 1.000000
1 8 243.0 -0.185408 -0.982662 417.400470 0.982662 -0.185408 -132.586829 0.000000 0.000000 1.000000
1 8 232.0 -0.198059 -0.980190 420.328424 0.980190 -0.198059 -129.162341 0.000000 0.000000 1.000000
1 8 232.0 -0.196116 -0.980581 419.669681 0.980581 -0.196116 -129.758705 0.000000 0.000000 1.000000
1 8 95.0 -0.164053 -0.986451 410.411376 0.986451 -0.164053 -133.692061 0.000000 0.000000 1.000000
1 86 226.0 -0.833038 -0.553216 586.144367 0.553216 -0.833038 446.424315 0.000000 0.000000 1.000000
2 3 198.0 0.483894 -0.875127 295.126440 0.875127 0.483894 -309.837133 0.000000 0.000000 1.000000
2 3 186.0 0.496139 -0.868243 290.957513 0.868243 0.496139 -310.554971 0.000000 0.000000 1.000000
2 3 172.0 0.474100 -0.880471 300.368086 0.880471 0.474100 -310.723840 0.000000 0.000000 1.000000
2 4 232.0 -0.975610 -0.219512 608.707317 0.219512 -0.975610 341.365854 0.000000 0.000000 1.000000
2 9 257.0 0.303882 -0.952710 172.102793 0.952710 0.303882 -58.622713 0.000000 0.000000 1.000000
2 9 245.0 0.350550 -0.936544 157.221155 0.936544 0.350550 -59.271033 0.000000 0.000000 1.000000
2 9 181.0 0.355011 -0.934862 151.654993 0.934862 0.355011 -58.775677 0.000000 0.000000 1.000000
2 9 147.0 0.393919 -0.919145 145.489976 0.919145 0.393919 -59.305311 0.000000 0.000000 1.000000
2 14 232.0 -0.923983 -0.382434 697.408781 0.382434 -0.923983 300.234195 0.000000 0.000000 1.000000
2 35 82.0 0.283224 0.959054 -216.256802 -0.959054 0.283224 364.329280 0.000000 0.000000 1.000000
3 4 240.0 0.291029 0.956714 -249.709091 -0.956714 0.291029 260.396755 0.000000 0.000000 1.000000
3 4 226.0 0.295140 0.955454 -249.876434 -0.955454 0.295140 258.960785 0.000000 0.000000 1.000000
3 4 225.0 0.274721 0.961524 -247.145361 -0.961524 0.274721 268.231098 0.000000 0.000000 1.000000
3 4 207.0 0.274721 0.961524 -249.063209 -0.961524 0.274721 267.793016 0.000000 0.000000 1.000000
3 5 208.0 0.593646 -0.804727 302.959942 0.804727 0.593646 -219.997264 0.000000 0.000000 1.000000
3 7 277.0 -0.995556 0.094174 325.504173 -0.094174 -0.995556 607.588172 0.000000 0.000000 1.000000
3 7 266.0 -0.995495 0.094809 323.966858 -0.094809 -0.995495 608.075390 0.000000 0.000000 1.000000
3 7 266.0 -0.994505 0.104685 320.017926 -0.104685 -0.994505 608.443017 0.000000 0.000000 1.000000
3 7 266.0 -0.994362 0.106040 319.774520 -0.106040 -0.994362 608.835695 0.000000 0.000000 1.000000
3 7 115.0 -0.989848 0.142132 309.736041 -0.142132 -0.989848 610.695431 0.000000 0.000000 1.000000
4 5 152.0 0.572223 0.820098 -61.838407 -0.820098 0.572223 44.612770 0.000000 0.000000 1.000000
4 5 124.0 0.562965 0.826481 -62.370345 -0.826481 0.562965 50.033369 0.000000 0.000000 1.000000
4 5 95.0 0.554700 0.832050 -62.807052 -0.832050 0.554700 53.959884 0.000000 0.000000 1.000000
4 10 314.0 0.624695 0.780869 -281.185998 -0.780869 0.624695 231.445837 0.000000 0.000000 1.000000
4 10 275.0 0.611162 0.791505 -280.573838 -0.791505 0.611162 238.316921 0.000000 0.000000 1.000000
4 10 270.0 0.621414 0.783483 -280.922533 -0.783483 0.621414 235.240040 0.000000 0.000000 1.000000
4 10 186.0 0.648466 0.761243 -283.178479 -0.761243 0.648466 217.164622 0.000000 0.000000 1.000000
4 10 94.0 0.664873 0.746956 -275.941141 -0.746956 0.664873 210.121707 0.000000 0.000000 1.000000
4 14 231.0 -0.985396 -0.170281 655.566915 0.170281 -0.985396 403.342606 0.000000 0.000000 1.000000
4 17 83.0 0.626759 -0.779213 108.096173 0.779213 0.626759 -101.107144 0.000000 0.000000 1.000000
4 29 119.0 -0.507692 -0.861538 380.207692 0.861538 -0.507692 149.738462 0.000000 0.000000 1.000000
4 51 91.0 0.110432 -0.993884 247.431187 0.993884 0.110432 -38.820916 0.000000 0.000000 1.000000
4 60 129.0 -0.368048 0.929807 -40.525370 -0.929807 -0.368048 498.129516 0.000000 0.000000 1.000000
4 81 84.0 0.946260 -0.323405 -34.423670 0.323405 0.946260 -96.500022 0.000000 0.000000 1.000000
4 84 101.0 -0.740766 -0.671763 354.536791 0.671763 -0.740766 233.683938 0.000000 0.000000 1.000000
5 6 194.0 -0.998969 0.045408 611.233368 -0.045408 -0.998969 327.840100 0.000000 0.000000 1.000000
5 6 134.0 -1.000000 -0.000000 617.000000 0.000000 -1.000000 316.000000 0.000000 0.000000 1.000000
5 6 85.0 -0.998868 0.047565 611.904519 -0.047565 -0.998868 332.238526 0.000000 0.000000 1.000000
5 9 93.0 -0.724345 0.689437 116.416192 -0.689437 -0.724345 366.355845 0.000000 0.000000 1.000000
5 10 111.0 1.000000 0.000000 -122.000000 -0.000000 1.000000 -150.000000 0.000000 0.000000 1.000000
5 10 109.0 0.999432 0.033689 -133.973043 -0.033689 0.999432 -140.927188 0.000000 0.000000 1.000000
5 10 101.0 0.999959 -0.009009 -120.457371 0.009009 0.999959 -152.477235 0.000000 0.000000 1.000000
5 11 293.0 -0.400914 0.916116 10.397299 -0.916116 -0.400914 346.057785 0.000000 0.000000 1.000000
5 11 260.0 -0.422885 0.906183 16.538087 -0.906183 -0.422885 350.500296 0.000000 0.000000 1.000000
5 11 232.0 -0.422417 0.906401 16.806921 -0.906401 -0.422417 348.182814 0.000000 0.000000 1.000000
5 11 195.0 -0.431455 0.902134 15.721013 -0.902134 -0.431455 350.245533 0.000000 0.000000 1.000000
5 11 156.0 -0.374673 0.927157 5.749040 -0.927157 -0.374673 337.825864 0.000000 0.000000 1.000000
5 11 142.0 -0.485643 0.874157 32.472541 -0.874157 -0.485643 365.644936 0.000000 0.000000 1.000000
5 11 124.0 -0.435999 0.899947 16.546590 -0.899947 -0.435999 350.981474 0.000000 0.000000 1.000000
5 11 98.0 -0.396251 0.918142 30.229106 -0.918142 -0.396251 335.858103 0.000000 0.000000 1.000000
5 23 113.0 -0.083045 0.996546 -80.283891 -0.996546 -0.083045 347.402704 0.000000 0.000000 1.000000
5 47 96.0 0.467888 -0.883788 242.015396 0.883788 0.467888 -179.099545 0.000000 0.000000 1.000000
5 50 125.0 0.677593 -0.735437 103.486102 0.735437 0.677593 -237.669334 0.000000 0.000000 1.000000
6 12 239.0 0.309485 -0.950904 436.270369 0.950904 0.309485 80.366755 0.000000 0.000000 1.000000
6 12 200.0 0.337615 -0.941284 428.700917 0.941284 0.337615 76.530275 0.000000 0.000000 1.000000
6 12 172.0 0.310764 -0.950487 437.476899 0.950487 0.310764 81.026229 0.000000 0.000000 1.000000
6 12 112.0 0.325628 -0.945498 429.459027 0.945498 0.325628 78.169457 0.000000 0.000000 1.000000
6 89 151.0 0.050853 0.998706 -242.779510 -0.998706 0.050853 561.882331 0.000000 0.000000 1.000000
7 9 397.0 -0.996690 0.081290 202.703104 -0.081290 -0.996690 354.229661 0.000000 0.000000 1.000000
7 9 397.0 -0.997054 0.076696 203.934009 -0.076696 -0.997054 354.159963 0.000000 0.000000 1.000000
7 9 397.0 -0.996393 0.084858 202.500414 -0.084858 -0.996393 354.385906 0.000000 0.000000 1.000000
7 9 397.0 -0.997630 0.068802 205.047025 -0.068802 -0.997630 354.134049 0.000000 0.000000 1.000000
7 9 379.0 -0.994757 0.102265 199.086658 -0.102265 -0.994757 357.155561 0.000000 0.000000 1.000000
7 9 378.0 -0.997459 0.071247 203.270148 -0.071247 -0.997459 353.122390 0.000000 0.000000 1.000000
7 9 276.0 -0.993558 0.113324 197.954052 -0.113324 -0.993558 357.184229 0.000000 0.000000 1.000000
7 9 259.0 -0.998634 0.052254 205.973696 -0.052254 -0.998634 351.372091 0.000000 0.000000 1.000000
7 9 232.0 -0.992278 0.124035 196.483099 -0.124035 -0.992278 357.892116 0.000000 0.000000 1.000000
7 9 232.0 -0.998674 0.051478 208.984170 -0.051478 -0.998674 354.523690 0.000000 0.000000 1.000000
7 9 120.0 -0.991750 0.128185 189.393854 -0.128185 -0.991750 356.287852 0.000000 0.000000 1.000000
7 10 312.0 0.658505 -0.752577 426.135178 0.752577 0.658505 -35.005476 0.000000 0.000000 1.000000
7 10 215.0 0.630593 -0.776114 437.752612 0.776114 0.630593 -29.074310 0.000000 0.000000 1.000000
7 17 245.0 -0.894427 -0.447214 598.259110 0.447214 -0.894427 129.115787 0.000000 0.000000 1.000000
7 17 183.0 -0.909246 -0.416258 596.421030 0.416258 -0.909246 139.125344 0.000000 0.000000 1.000000
7 17 123.0 -0.864658 -0.502361 596.467098 0.502361 -0.864658 109.766530 0.000000 0.000000 1.000000
7 17 120.0 -0.910815 -0.412815 595.370610 0.412815 -0.910815 144.197334 0.000000 0.000000 1.000000
7 35 84.0 -0.684675 0.728848 385.717289 -0.728848 -0.684675 586.839261 0.000000 0.000000 1.000000
7 40 133.0 -0.047565 -0.998868 622.577802 0.998868 -0.047565 75.468712 0.000000 0.000000 1.000000
8 9 410.0 0.627985 -0.778226 142.088200 0.778226 0.627985 -320.435404 0.000000 0.000000 1.000000
8 9 399.0 0.636911 -0.770937 136.904550 0.770937 0.636911 -321.052167 0.000000 0.000000 1.000000
8 9 399.0 0.640184 -0.768221 136.356181 0.768221 0.640184 -322.081466 0.000000 0.000000 1.000000
8 9 399.0 0.645942 -0.763386 132.632924 0.763386 0.645942 -321.211338 0.000000 0.000000 1.000000
8 9 399.0 0.642351 -0.766410 134.973588 0.766410 0.642351 -319.673723 0.000000 0.000000 1.000000
8 9 399.0 0.636881 -0.770962 138.308492 0.770962 0.636881 -320.425040 0.000000 0.000000 1.000000
8 9 399.0 0.630593 -0.776114 141.045555 0.776114 0.630593 -321.348043 0.000000 0.000000 1.000000
8 9 399.0 0.640996 -0.767544 135.358513 0.767544 0.640996 -319.761928 0.000000 0.000000 1.000000
8 9 399.0 0.642220 -0.766520 134.550886 0.766520 0.642220 -319.293282 0.000000 0.000000 1.000000
8 9 317.0 0.615850 -0.787863 149.259588 0.787863 0.615850 -320.206323 0.000000 0.000000 1.000000
8 9 227.0 0.604557 -0.796562 155.602893 0.796562 0.604557 -320.039291 0.000000 0.000000 1.000000
8 9 201.0 0.682745 -0.730657 113.752720 0.730657 0.682745 -315.210238 0.000000 0.000000 1.000000
8 9 179.0 0.593852 -0.804574 159.970289 0.804574 0.593852 -322.857581 0.000000 0.000000 1.000000
8 9 143.0 0.682745 -0.730657 114.696721 0.730657 0.682745 -313.747634 0.000000 0.000000 1.000000
8 9 97.0 -0.816205 -0.577763 448.064779 0.577763 -0.816205 31.143344 0.000000 0.000000 1.000000
8 10 83.0 0.090536 0.995893 -252.439325 -0.995893 0.090536 519.183028 0.000000 0.000000 1.000000
8 11 118.0 -0.937622 -0.347657 258.436842 0.347657 -0.937622 427.269945 0.000000 0.000000 1.000000
8 11 83.0 -0.948683 -0.316228 253.507762 0.316228 -0.948683 431.567406 0.000000 0.000000 1.000000
8 13 259.0 0.112040 0.993704 48.895144 -0.993704 0.112040 579.276622 0.000000 0.000000 1.000000
8 13 259.0 0.098421 0.995145 52.503010 -0.995145 0.098421 582.178227 0.000000 0.000000 1.000000
8 13 141.0 0.094174 0.995556 52.655057 -0.995556 0.094174 579.965572 0.000000 0.000000 1.000000
8 13 90.0 0.147785 0.989020 37.355631 -0.989020 0.147785 575.652389 0.000000 0.000000 1.000000
8 17 82.0 0.968547 -0.248830 -152.957290 0.248830 0.968547 -8.122796 0.000000 0.000000 1.000000
8 20 191.0 0.836461 -0.548026 -55.537118 0.548026 0.836461 -19.197561 0.000000 0.000000 1.000000
8 35 95.0 -0.076696 0.997054 -214.091365 -0.997054 -0.076696 512.793077 0.000000 0.000000 1.000000
8 38 103.0 0.999581 0.028949 -212.049484 -0.028949 0.999581 121.678841 0.000000 0.000000 1.000000
8 54 154.0 0.531768 -0.846890 476.115172 0.846890 0.531768 -145.561270 0.000000 0.000000 1.000000
8 65 85.0 -0.675725 -0.737154 319.713848 0.737154 -0.675725 259.281703 0.000000 0.000000 1.000000
8 66 88.0 -0.396911 0.917857 -120.241576 -0.917857 -0.396911 573.772068 0.000000 0.000000 1.000000
8 79 124.0 0.040782 0.999168 182.170575 -0.999168 0.040782 351.862763 0.000000 0.000000 1.000000
8 81 104.0 -0.875948 -0.482406 314.588368 0.482406 -0.875948 368.387991 0.000000 0.000000 1.000000
8 88 85.0 0.613941 0.789352 -271.292742 -0.789352 0.613941 355.285660 0.000000 0.000000 1.000000
9 10 85.0 0.730527 -0.682884 259.101089 0.682884 0.730527 -336.471696 0.000000 0.000000 1.000000
9 19 298.0 -0.205402 -0.978678 411.417865 0.978678 -0.205402 236.111261 0.000000 0.000000 1.000000
9 19 246.0 -0.219549 -0.975601 411.382570 0.975601 -0.219549 238.605381 0.000000 0.000000 1.000000
9 19 226.0 -0.225209 -0.974310 411.747956 0.974310 -0.225209 240.395921 0.000000 0.000000 1.000000
9 19 159.0 -0.250621 -0.968085 417.670748 0.968085 -0.250621 242.383579 0.000000 0.000000 1.000000
9 19 148.0 -0.264294 -0.964442 418.282772 0.964442 -0.264294 246.101576 0.000000 0.000000 1.000000
9 19 143.0 -0.162447 -0.986717 405.226032 0.986717 -0.162447 231.217692 0.000000 0.000000 1.000000
9 37 87.0 -0.284172 -0.958773 238.546767 0.958773 -0.284172 29.211205 0.000000 0.000000 1.000000
9 37 81.0 -0.196402 -0.980523 551.934002 0.980523 -0.196402 -168.249377 0.000000 0.000000 1.000000
9 39 98.0 0.923077 0.384615 -304.307692 -0.384615 0.923077 37.461538 0.000000 0.000000 1.000000
9 72 134.0 -0.434749 0.900552 181.231763 -0.900552 -0.434749 311.741659 0.000000 0.000000 1.000000
9 81 96.0 0.090536 0.995893 26.166516 -0.995893 0.090536 216.350754 0.000000 0.000000 1.000000
9 86 128.0 -0.033689 -0.999432 212.384190 0.999432 -0.033689 -17.227742 0.000000 0.000000 1.000000
10 11 345.0 -0.452376 0.891827 318.834950 -0.891827 -0.452376 397.875970 0.000000 0.000000 1.000000
10 11 338.0 -0.454187 0.890906 317.268019 -0.890906 -0.454187 399.442917 0.000000 0.000000 1.000000
10 16 143.0 0.963634 -0.267226 173.225176 0.267226 0.963634 171.917010 0.000000 0.000000 1.000000
10 24 112.0 -0.999835 0.018179 528.961415 -0.018179 -0.999835 612.285576 0.000000 0.000000 1.000000
10 33 105.0 -0.816024 -0.578017 620.927143 0.578017 -0.816024 439.934548 0.000000 0.000000 1.000000
10 37 92.0 0.824696 0.565577 68.874537 -0.565577 0.824696 353.384356 0.000000 0.000000 1.000000
10 41 82.0 0.069452 -0.997585 305.606135 0.997585 0.069452 -212.212249 0.000000 0.000000 1.000000
10 51 125.0 -0.591364 -0.806405 409.098648 0.806405 -0.591364 -23.659056 0.000000 0.000000 1.000000
10 53 111.0 -0.399585 -0.916696 612.937784 0.916696 -0.399585 288.844775 0.000000 0.000000 1.000000
10 75 85.0 0.886585 0.462566 -139.927302 -0.462566 0.886585 -64.861496 0.000000 0.000000 1.000000
10 78 87.0 -0.963634 0.267226 465.886439 -0.267226 -0.963634 710.717887 0.000000 0.000000 1.000000
10 86 131.0 -0.600492 -0.799631 392.074744 0.799631 -0.600492 11.155763 0.000000 0.000000 1.000000
10 86 102.0 -0.591364 -0.806405 391.035176 0.806405 -0.591364 7.736979 0.000000 0.000000 1.000000
11 12 302.0 0.991911 -0.126939 33.804306 0.126939 0.991911 203.383760 0.000000 0.000000 1.000000
11 12 302.0 0.992226 -0.124449 33.260644 0.124449 0.992226 204.218136 0.000000 0.000000 1.000000
11 12 302.0 0.994221 -0.107357 31.729238 0.107357 0.994221 206.986041 0.000000 0.000000 1.000000
11 12 302.0 0.993470 -0.114096 32.526835 0.114096 0.993470 204.424980 0.000000 0.000000 1.000000
11 12 251.0 0.994411 -0.105579 31.426599 0.105579 0.994411 205.814639 0.000000 0.000000 1.000000
11 12 241.0 0.995664 -0.093021 29.121169 0.093021 0.995664 210.041273 0.000000 0.000000 1.000000
11 12 219.0 0.995037 -0.099504 30.509437 0.099504 0.995037 210.287100 0.000000 0.000000 1.000000
11 12 104.0 0.997164 -0.075258 27.816826 0.075258 0.997164 207.521878 0.000000 0.000000 1.000000
11 16 131.0 -0.630041 -0.776562 725.771785 0.776562 -0.630041 190.996250 0.000000 0.000000 1.000000
11 56 105.0 -0.849057 -0.528302 270.886792 0.528302 -0.849057 314.603774 0.000000 0.000000 1.000000
11 66 105.0 0.335325 -0.942103 108.416895 0.942103 0.335325 -31.755293 0.000000 0.000000 1.000000
12 14 135.0 0.462903 -0.886409 505.226040 0.886409 0.462903 -100.529067 0.000000 0.000000 1.000000
12 14 135.0 0.517698 -0.855564 484.539152 0.855564 0.517698 -110.914117 0.000000 0.000000 1.000000
12 68 168.0 -0.991771 -0.128028 518.497206 0.128028 -0.991771 671.200288 0.000000 0.000000 1.000000
12 84 168.0 -0.916757 0.399446 401.515028 -0.399446 -0.916757 738.219489 0.000000 0.000000 1.000000
13 15 262.0 -0.921480 0.388426 242.282684 -0.388426 -0.921480 327.029032 0.000000 0.000000 1.000000
13 15 172.0 -0.908381 0.418144 236.297387 -0.418144 -0.908381 327.254442 0.000000 0.000000 1.000000
13 78 153.0 -0.076926 -0.997037 227.930350 0.997037 -0.076926 156.202055 0.000000 0.000000 1.000000
14 16 314.0 0.454054 -0.890974 107.498258 0.890974 0.454054 -155.618184 0.000000 0.000000 1.000000
14 16 267.0 0.485643 -0.874157 95.297254 0.874157 0.485643 -155.615595 0.000000 0.000000 1.000000
14 16 248.0 0.431455 -0.902134 115.705634 0.902134 0.431455 -156.142671 0.000000 0.000000 1.000000
14 16 235.0 0.419058 -0.907959 122.722807 0.907959 0.419058 -155.525398 0.000000 0.000000 1.000000
14 16 106.0 0.495051 -0.868864 95.269006 0.868864 0.495051 -153.584554 0.000000 0.000000 1.000000
14 26 263.0 0.940691 -0.339265 153.625562 0.339265 0.940691 -226.185932 0.000000 0.000000 1.000000
14 26 263.0 0.951898 -0.306416 141.646820 0.306416 0.951898 -222.500228 0.000000 0.000000 1.000000
14 26 224.0 0.954275 -0.298930 138.533495 0.298930 0.954275 -221.632760 0.000000 0.000000 1.000000
14 26 173.0 0.936329 -0.351123 156.746759 0.351123 0.936329 -228.187593 0.000000 0.000000 1.000000
14 26 134.0 0.955624 -0.294591 137.087053 0.294591 0.955624 -219.964495 0.000000 0.000000 1.000000
14 51 108.0 -0.983870 0.178885 222.472005 -0.178885 -0.983870 372.429465 0.000000 0.000000 1.000000
14 56 94.0 -1.000000 -0.000000 217.000000 0.000000 -1.000000 349.000000 0.000000 0.000000 1.000000
14 79 139.0 -0.581238 -0.813733 352.630854 0.813733 -0.581238 72.845633 0.000000 0.000000 1.000000
15 20 99.0 0.005780 0.999983 -97.356872 -0.999983 0.005780 604.483085 0.000000 0.000000 1.000000
15 20 92.0 -0.000000 1.000000 -95.000000 -1.000000 -0.000000 604.000000 0.000000 0.000000 1.000000
15 22 174.0 0.925609 0.378480 66.391006 -0.378480 0.925609 185.417687 0.000000 0.000000 1.000000
15 22 153.0 0.934488 0.355995 71.808830 -0.355995 0.934488 183.063650 0.000000 0.000000 1.000000
15 22 147.0 -0.942808 -0.333336 611.237350 0.333336 -0.942808 110.092839 0.000000 0.000000 1.000000
15 22 139.0 0.956352 0.292219 77.787595 -0.292219 0.956352 168.310923 0.000000 0.000000 1.000000
15 22 132.0 0.935702 0.352791 72.279275 -0.352791 0.935702 182.716804 0.000000 0.000000 1.000000
15 22 132.0 0.932477 0.361230 71.259227 -0.361230 0.932477 184.493593 0.000000 0.000000 1.000000
15 31 147.0 0.999532 -0.030605 145.102923 0.030605 0.999532 -239.554566 0.000000 0.000000 1.000000
15 67 104.0 0.617397 0.786652 -212.754367 -0.786652 0.617397 139.676948 0.000000 0.000000 1.000000
15 77 145.0 -0.952144 -0.305651 633.818374 0.305651 -0.952144 120.397718 0.000000 0.000000 1.000000
16 18 113.0 -0.707107 0.707107 63.511147 -0.707107 -0.707107 666.473701 0.000000 0.000000 1.000000
16 18 113.0 -0.708375 0.705836 65.218457 -0.705836 -0.708375 665.883559 0.000000 0.000000 1.000000
16 27 278.0 0.601577 0.798815 -194.692620 -0.798815 0.601577 119.417168 0.000000 0.000000 1.000000
16 27 122.0 0.566777 0.823871 -191.901941 -0.823871 0.566777 134.872591 0.000000 0.000000 1.000000
16 27 115.0 0.656524 0.754305 -192.151632 -0.754305 0.656524 94.723530 0.000000 0.000000 1.000000
16 37 152.0 -0.759257 0.650791 370.154712 -0.650791 -0.759257 344.523311 0.000000 0.000000 1.000000
16 43 97.0 -0.654064 0.756439 71.194556 -0.756439 -0.654064 370.162191 0.000000 0.000000 1.000000
16 48 92.0 -0.759711 0.650261 120.989426 -0.650261 -0.759711 394.004851 0.000000 0.000000 1.000000
16 65 88.0 -0.872143 0.489251 194.126275 -0.489251 -0.872143 347.961987 0.000000 0.000000 1.000000
17 18 92.0 -0.729187 -0.684314 370.041953 0.684314 -0.729187 75.326600 0.000000 0.000000 1.000000
17 19 268.0 -0.694595 -0.719401 679.433539 0.719401 -0.694595 393.566741 0.000000 0.000000 1.000000
17 19 216.0 -0.677681 -0.735356 681.011884 0.735356 -0.677681 383.218687 0.000000 0.000000 1.000000
17 19 123.0 -0.667545 -0.744569 684.372251 0.744569 -0.667545 381.573511 0.000000 0.000000 1.000000
17 23 254.0 -0.947779 -0.318929 366.361914 0.318929 -0.947779 464.967997 0.000000 0.000000 1.000000
17 23 217.0 -0.943209 -0.332199 368.347362 0.332199 -0.943209 460.799635 0.000000 0.000000 1.000000
17 23 188.0 -0.939422 -0.342762 371.994100 0.342762 -0.939422 461.459553 0.000000 0.000000 1.000000
17 23 113.0 -0.958661 -0.284550 362.955625 0.284550 -0.958661 470.888016 0.000000 0.000000 1.000000
17 23 113.0 -0.963343 -0.268273 359.250242 0.268273 -0.963343 474.072794 0.000000 0.000000 1.000000
17 40 93.0 -0.491828 -0.870692 665.286603 0.870692 -0.491828 29.787630 0.000000 0.000000 1.000000
17 41 89.0 0.000000 -1.000000 583.000000 1.000000 0.000000 196.000000 0.000000 0.000000 1.000000
17 48 124.0 -0.842696 -0.538389 635.341150 0.538389 -0.842696 447.121650 0.000000 0.000000 1.000000
17 53 97.0 -0.986933 0.161132 541.261605 -0.161132 -0.986933 631.149936 0.000000 0.000000 1.000000
17 69 116.0 0.827476 0.561501 -199.174808 -0.561501 0.827476 269.808702 0.000000 0.000000 1.000000
18 24 229.0 -0.499483 -0.866324 667.903562 0.866324 -0.499483 166.341171 0.000000 0.000000 1.000000
18 24 207.0 -0.478852 -0.877896 665.993080 0.877896 -0.478852 158.764321 0.000000 0.000000 1.000000
18 24 180.0 -0.474100 -0.880471 663.786017 0.880471 -0.474100 156.359599 0.000000 0.000000 1.000000
18 24 160.0 -0.470588 -0.882353 662.823529 0.882353 -0.470588 155.705882 0.000000 0.000000 1.000000
18 37 103.0 0.993279 -0.115748 232.204668 0.115748 0.993279 -0.779173 0.000000 0.000000 1.000000
18 51 128.0 0.374689 -0.927150 152.483589 0.927150 0.374689 -85.577506 0.000000 0.000000 1.000000
18 53 98.0 0.652792 -0.757538 396.833620 0.757538 0.652792 -57.722279 0.000000 0.000000 1.000000
18 79 113.0 0.227488 0.973781 119.792316 -0.973781 0.227488 393.843592 0.000000 0.000000 1.000000
18 79 95.0 -0.965616 0.259973 360.779003 -0.259973 -0.965616 299.127947 0.000000 0.000000 1.000000
18 81 100.0 0.999363 -0.035692 168.492007 0.035692 0.999363 -10.212926 0.000000 0.000000 1.000000
18 88 81.0 0.849285 0.527934 -241.996065 -0.527934 0.849285 154.197930 0.000000 0.000000 1.000000
19 20 93.0 0.707107 -0.707107 218.923882 0.707107 0.707107 135.424315 0.000000 0.000000 1.000000
19 21 183.0 -0.470716 -0.882285 656.113435 0.882285 -0.470716 152.080893 0.000000 0.000000 1.000000
19 21 183.0 -0.466547 -0.884496 655.433981 0.884496 -0.466547 150.618664 0.000000 0.000000 1.000000
19 43 90.0 0.980581 -0.196116 20.451928 0.196116 0.980581 203.460486 0.000000 0.000000 1.000000
19 46 103.0 -0.983870 -0.178885 442.806177 0.178885 -0.983870 634.899983 0.000000 0.000000 1.000000
19 46 82.0 -0.960907 -0.276871 470.348450 0.276871 -0.960907 607.593040 0.000000 0.000000 1.000000
19 53 84.0 -0.669769 0.742570 188.673068 -0.742570 -0.669769 755.452900 0.000000 0.000000 1.000000
19 56 99.0 -0.206959 0.978350 37.241110 -0.978350 -0.206959 712.064129 0.000000 0.000000 1.000000
19 58 86.0 0.868243 0.496139 -129.784712 -0.496139 0.868243 380.171569 0.000000 0.000000 1.000000
19 76 107.0 0.932798 -0.360399 135.997846 0.360399 0.932798 -327.662372 0.000000 0.000000 1.000000
19 78 132.0 -0.730527 0.682884 198.540959 -0.682884 -0.730527 758.736126 0.000000 0.000000 1.000000
20 25 236.0 0.894427 0.447214 -174.138134 -0.447214 0.894427 241.147451 0.000000 0.000000 1.000000
20 25 196.0 0.910366 0.413803 -169.308961 -0.413803 0.910366 228.835918 0.000000 0.000000 1.000000
20 25 178.0 0.887755 0.460317 -172.590468 -0.460317 0.887755 248.312395 0.000000 0.000000 1.000000
20 25 82.0 0.913812 0.406138 -171.396141 -0.406138 0.913812 230.464579 0.000000 0.000000 1.000000
20 75 109.0 0.539955 0.841694 81.401544 -0.841694 0.539955 397.512739 0.000000 0.000000 1.000000
20 80 157.0 -0.993682 -0.112234 276.463830 0.112234 -0.993682 284.429854 0.000000 0.000000 1.000000
21 23 227.0 0.000000 1.000000 199.000000 -1.000000 0.000000 330.000000 0.000000 0.000000 1.000000
21 23 227.0 -0.042091 0.999114 205.593277 -0.999114 -0.042091 334.645975 0.000000 0.000000 1.000000
21 25 246.0 -0.084800 -0.996398 222.761750 0.996398 -0.084800 98.429361 0.000000 0.000000 1.000000
21 25 233.0 -0.076696 -0.997054 221.249858 0.997054 -0.076696 95.590858 0.000000 0.000000 1.000000
21 25 232.0 -0.135845 -0.990730 231.526211 0.990730 -0.135845 104.890862 0.000000 0.000000 1.000000
21 25 225.0 -0.089075 -0.996025 225.367957 0.996025 -0.089075 98.672098 0.000000 0.000000 1.000000
21 28 245.0 -0.504346 -0.863502 426.408553 0.863502 -0.504346 2.950639 0.000000 0.000000 1.000000
21 28 245.0 -0.496139 -0.868243 425.609777 0.868243 -0.496139 0.934858 0.000000 0.000000 1.000000
21 28 91.0 -0.525107 -0.851036 428.023145 0.851036 -0.525107 6.501775 0.000000 0.000000 1.000000
21 67 83.0 -0.230466 0.973080 -6.040884 -0.973080 -0.230466 303.048725 0.000000 0.000000 1.000000
21 81 138.0 -0.358546 0.933512 -128.989305 -0.933512 -0.358546 586.306756 0.000000 0.000000 1.000000
22 25 204.0 -0.052270 0.998633 -160.722168 -0.998633 -0.052270 577.345182 0.000000 0.000000 1.000000
22 25 129.0 -0.010988 0.999940 -172.871340 -0.999940 -0.010988 564.430508 0.000000 0.000000 1.000000
22 25 87.0 -0.118561 0.992947 -145.890818 -0.992947 -0.118561 598.286784 0.000000 0.000000 1.000000
22 31 294.0 -0.924678 0.380750 413.169980 -0.380750 -0.924678 630.522338 0.000000 0.000000 1.000000
22 31 282.0 -0.926308 0.376768 414.270114 -0.376768 -0.926308 628.252086 0.000000 0.000000 1.000000
22 31 198.0 -0.920125 0.391624 408.959376 -0.391624 -0.920125 629.695653 0.000000 0.000000 1.000000
22 31 193.0 -0.937425 0.348187 423.890116 -0.348187 -0.937425 624.158590 0.000000 0.000000 1.000000
22 31 166.0 -0.942697 0.333651 432.641550 -0.333651 -0.942697 623.469348 0.000000 0.000000 1.000000
22 31 148.0 0.932165 -0.362035 304.074717 0.362035 0.932165 -226.029765 0.000000 0.000000 1.000000
22 31 89.0 -0.917643 0.397405 410.210655 -0.397405 -0.917643 635.072772 0.000000 0.000000 1.000000
22 31 89.0 -0.909065 0.416655 404.243508 -0.416655 -0.909065 640.700149 0.000000 0.000000 1.000000
22 31 87.0 -0.909065 0.416655 396.036730 -0.416655 -0.909065 630.161942 0.000000 0.000000 1.000000
22 36 85.0 0.891827 -0.452376 -56.573832 0.452376 0.891827 107.204556 0.000000 0.000000 1.000000
22 55 149.0 0.948807 -0.315856 283.483716 0.315856 0.948807 -209.326316 0.000000 0.000000 1.000000
22 55 109.0 -0.954758 0.297384 261.710236 -0.297384 -0.954758 349.771223 0.000000 0.000000 1.000000
22 76 82.0 -0.316228 0.948683 -112.465558 -0.948683 -0.316228 641.102287 0.000000 0.000000 1.000000
22 89 104.0 0.307318 -0.951607 179.015310 0.951607 0.307318 113.565616 0.000000 0.000000 1.000000
23 24 216.0 -0.124035 -0.992278 552.154893 0.992278 -0.124035 252.420615 0.000000 0.000000 1.000000
23 24 216.0 -0.136191 -0.990683 553.142518 0.990683 -0.136191 255.440429 0.000000 0.000000 1.000000
23 24 216.0 -0.135980 -0.990712 553.552224 0.990712 -0.135980 256.459279 0.000000 0.000000 1.000000
23 24 184.0 -0.095941 -0.995387 550.797839 0.995387 -0.095941 243.223746 0.000000 0.000000 1.000000
23 33 259.0 -0.458358 0.888768 263.112226 -0.888768 -0.458358 453.897080 0.000000 0.000000 1.000000
23 33 259.0 -0.476283 0.879292 268.317702 -0.879292 -0.476283 455.192460 0.000000 0.000000 1.000000
23 33 259.0 -0.459499 0.888178 264.475625 -0.888178 -0.459499 454.581993 0.000000 0.000000 1.000000
23 33 192.0 -0.454457 0.890768 260.087222 -0.890768 -0.454457 453.517587 0.000000 0.000000 1.000000
23 33 124.0 -0.496139 0.868243 271.285238 -0.868243 -0.496139 456.288107 0.000000 0.000000 1.000000
23 48 98.0 0.895682 0.444695 -166.364763 -0.444695 0.895682 -56.523813 0.000000 0.000000 1.000000
23 71 85.0 -0.970143 0.242536 443.547104 -0.242536 -0.970143 678.781158 0.000000 0.000000 1.000000
24 27 137.0 0.798815 0.601577 80.100046 -0.601577 0.798815 61.546449 0.000000 0.000000 1.000000
24 27 126.0 0.780008 0.625769 76.203536 -0.625769 0.780008 68.597269 0.000000 0.000000 1.000000
24 27 122.0 0.786053 0.618159 79.027533 -0.618159 0.786053 67.663525 0.000000 0.000000 1.000000
24 27 116.0 0.752577 0.658505 76.666432 -0.658505 0.752577 78.219750 0.000000 0.000000 1.000000
24 27 110.0 0.794358 0.607450 -288.142103 -0.607450 0.794358 268.990305 0.000000 0.000000 1.000000
24 29 362.0 0.994922 0.100654 -97.754944 -0.100654 0.994922 -102.454898 0.000000 0.000000 1.000000
24 29 324.0 0.995266 0.097187 -94.578138 -0.097187 0.995266 -104.744794 0.000000 0.000000 1.000000
24 29 324.0 0.993884 0.110432 -99.176337 -0.110432 0.993884 -101.483844 0.000000 0.000000 1.000000
24 29 313.0 0.992760 0.120112 -102.495051 -0.120112 0.992760 -97.212585 0.000000 0.000000 1.000000
24 29 285.0 0.997252 0.074082 -88.766747 -0.074082 0.997252 -110.335169 0.000000 0.000000 1.000000
24 29 285.0 0.992278 0.124035 -101.885581 -0.124035 0.992278 -95.529897 0.000000 0.000000 1.000000
24 29 223.0 0.998100 0.061611 -87.416902 -0.061611 0.998100 -113.629256 0.000000 0.000000 1.000000
24 29 182.0 0.992278 0.124035 -103.146435 -0.124035 0.992278 -93.033037 0.000000 0.000000 1.000000
24 29 165.0 0.992396 0.123088 -101.133519 -0.123088 0.992396 -93.924106 0.000000 0.000000 1.000000
24 29 144.0 0.988973 0.148095 -106.349612 -0.148095 0.988973 -87.113497 0.000000 0.000000 1.000000
24 29 99.0 0.998688 0.051215 -82.368161 -0.051215 0.998688 -111.790497 0.000000 0.000000 1.000000
24 65 101.0 0.747409 -0.664364 237.617372 0.664364 0.747409 56.012668 0.000000 0.000000 1.000000
24 81 91.0 0.440425 -0.897789 249.178881 0.897789 0.440425 -191.342578 0.000000 0.000000 1.000000
24 82 87.0 0.779213 0.626759 -149.255862 -0.626759 0.779213 72.138799 0.000000 0.000000 1.000000
24 84 114.0 -0.991574 0.129541 300.866355 -0.129541 -0.991574 314.289112 0.000000 0.000000 1.000000
24 84 106.0 -0.990164 0.139914 300.932131 -0.139914 -0.990164 314.000060 0.000000 0.000000 1.000000
25 32 259.0 0.941742 0.336336 -177.925292 -0.336336 0.941742 150.548314 0.000000 0.000000 1.000000
25 32 153.0 0.948683 0.316228 -176.134136 -0.316228 0.948683 146.925728 0.000000 0.000000 1.000000
25 47 126.0 0.937994 0.346650 56.673028 -0.346650 0.937994 29.810163 0.000000 0.000000 1.000000
25 65 90.0 0.707107 0.707107 47.296898 -0.707107 0.707107 165.943651 0.000000 0.000000 1.000000
25 67 86.0 0.907563 0.419917 84.130236 -0.419917 0.907563 29.061488 0.000000 0.000000 1.000000
25 73 91.0 0.912509 -0.409056 28.274806 0.409056 0.912509 -247.348711 0.000000 0.000000 1.000000
25 75 82.0 0.667545 -0.744569 120.976234 0.744569 0.667545 -245.255076 0.000000 0.000000 1.000000
26 27 148.0 0.989949 0.141421 -234.997756 -0.141421 0.989949 23.331003 0.000000 0.000000 1.000000
26 27 148.0 0.983870 0.178885 -242.606667 -0.178885 0.983870 37.116016 0.000000 0.000000 1.000000
26 27 148.0 0.991454 0.130455 -234.495731 -0.130455 0.991454 19.192995 0.000000 0.000000 1.000000
26 27 134.0 0.993480 0.114006 -231.643139 -0.114006 0.993480 13.810373 0.000000 0.000000 1.000000
26 34 302.0 0.566529 -0.824042 247.911114 0.824042 0.566529 -228.964882 0.000000 0.000000 1.000000
26 34 302.0 0.562624 -0.826713 249.596804 0.826713 0.562624 -228.313000 0.000000 0.000000 1.000000
26 34 302.0 0.553652 -0.832748 253.730096 0.832748 0.553652 -226.847699 0.000000 0.000000 1.000000
26 34 263.0 0.571064 -0.820905 243.620455 0.820905 0.571064 -226.979680 0.000000 0.000000 1.000000
26 34 259.0 0.539002 -0.842305 259.916759 0.842305 0.539002 -225.949224 0.000000 0.000000 1.000000
26 34 236.0 0.577465 -0.816416 242.406742 0.816416 0.577465 -229.329970 0.000000 0.000000 1.000000
26 34 164.0 0.583929 -0.811804 239.550899 0.811804 0.583929 -231.552138 0.000000 0.000000 1.000000
26 34 118.0 0.527934 -0.849285 264.878090 0.849285 0.527934 -229.009926 0.000000 0.000000 1.000000
26 34 118.0 0.587634 -0.809127 237.635880 0.809127 0.587634 -224.870710 0.000000 0.000000 1.000000
26 46 175.0 0.327773 -0.944757 335.148977 0.944757 0.327773 -204.806698 0.000000 0.000000 1.000000
27 30 205.0 -0.560057 -0.828454 528.767043 0.828454 -0.560057 27.826589 0.000000 0.000000 1.000000
27 30 184.0 -0.580418 -0.814318 531.219430 0.814318 -0.580418 35.767900 0.000000 0.000000 1.000000
27 30 184.0 -0.569210 -0.822192 529.317459 0.822192 -0.569210 32.328723 0.000000 0.000000 1.000000
27 30 166.0 -0.600000 -0.800000 534.400000 0.800000 -0.600000 42.800000 0.000000 0.000000 1.000000
27 30 86.0 -0.576977 -0.816760 527.469817 0.816760 -0.576977 33.426323 0.000000 0.000000 1.000000
27 83 84.0 -0.707107 -0.707107 697.544769 0.707107 -0.707107 247.230447 0.000000 0.000000 1.000000
27 83 81.0 0.722940 0.690911 -74.998510 -0.690911 0.722940 97.909745 0.000000 0.000000 1.000000
27 84 91.0 0.745241 -0.666795 202.268506 0.666795 0.745241 81.688518 0.000000 0.000000 1.000000
27 86 100.0 0.996025 0.089075 -32.916699 -0.089075 0.996025 172.283995 0.000000 0.000000 1.000000
27 90 94.0 0.659941 -0.751317 204.656862 0.751317 0.659941 51.698974 0.000000 0.000000 1.000000
28 32 265.0 0.735356 0.677681 83.767037 -0.677681 0.735356 332.754733 0.000000 0.000000 1.000000
28 32 265.0 0.707107 0.707107 83.353247 -0.707107 0.707107 342.328427 0.000000 0.000000 1.000000
28 32 207.0 0.738485 0.674269 83.718970 -0.674269 0.738485 332.762619 0.000000 0.000000 1.000000
28 32 106.0 0.647978 0.761659 84.215331 -0.761659 0.647978 359.364232 0.000000 0.000000 1.000000
28 33 200.0 0.876579 -0.481259 -76.489667 0.481259 0.876579 -215.275841 0.000000 0.000000 1.000000
28 33 200.0 0.853860 -0.520503 -60.006362 0.520503 0.853860 -223.473957 0.000000 0.000000 1.000000
28 33 200.0 0.870677 -0.491856 -71.803005 0.491856 0.870677 -216.481807 0.000000 0.000000 1.000000
28 33 119.0 0.900552 -0.434749 -92.582476 0.434749 0.900552 -203.245748 0.000000 0.000000 1.000000
28 33 93.0 0.891039 -0.453926 -84.270824 0.453926 0.891039 -207.628048 0.000000 0.000000 1.000000
28 36 302.0 -0.252693 -0.967547 364.246601 0.967547 -0.252693 206.276456 0.000000 0.000000 1.000000
28 36 302.0 -0.266586 -0.963811 365.205516 0.963811 -0.266586 208.556134 0.000000 0.000000 1.000000
28 36 290.0 -0.279404 -0.960174 366.094650 0.960174 -0.279404 210.900404 0.000000 0.000000 1.000000
28 36 277.0 -0.274624 -0.961552 365.142725 0.961552 -0.274624 210.911636 0.000000 0.000000 1.000000
28 36 262.0 -0.239223 -0.970965 363.189198 0.970965 -0.239223 203.726652 0.000000 0.000000 1.000000
28 36 226.0 -0.287348 -0.957826 367.020617 0.957826 -0.287348 211.075848 0.000000 0.000000 1.000000
28 36 188.0 -0.300027 -0.953931 369.011673 0.953931 -0.300027 212.666730 0.000000 0.000000 1.000000
28 36 102.0 -0.288201 -0.957570 365.083260 0.957570 -0.288201 215.114427 0.000000 0.000000 1.000000
28 40 105.0 -0.104685 -0.994505 642.269794 0.994505 -0.104685 162.862500 0.000000 0.000000 1.000000
28 40 101.0 -0.045408 -0.998969 627.393889 0.998969 -0.045408 140.944161 0.000000 0.000000 1.000000
28 40 89.0 -0.309345 -0.950950 629.872195 0.950950 -0.309345 -33.804209 0.000000 0.000000 1.000000
28 49 107.0 -0.995893 0.090536 598.296709 -0.090536 -0.995893 554.934194 0.000000 0.000000 1.000000
28 66 140.0 0.280899 0.959737 158.977586 -0.959737 0.280899 480.536450 0.000000 0.000000 1.000000
28 86 92.0 0.180328 0.983607 150.918033 -0.983607 0.180328 487.901639 0.000000 0.000000 1.000000
29 30 176.0 -0.026307 -0.999654 619.337333 0.999654 -0.026307 -76.714101 0.000000 0.000000 1.000000
29 33 192.0 -0.857493 -0.514496 299.196625 0.514496 -0.857493 387.167012 0.000000 0.000000 1.000000
29 33 192.0 -0.873198 -0.487366 296.326407 0.487366 -0.873198 394.044680 0.000000 0.000000 1.000000
29 33 172.0 -0.886250 -0.463206 293.427151 0.463206 -0.886250 399.610196 0.000000 0.000000 1.000000
29 33 172.0 -0.890906 -0.454187 292.287072 0.454187 -0.890906 401.450784 0.000000 0.000000 1.000000
29 37 197.0 -0.302741 0.953073 1.607586 -0.953073 -0.302741 304.941005 0.000000 0.000000 1.000000
29 37 186.0 -0.302244 0.953231 0.743711 -0.953231 -0.302244 307.410385 0.000000 0.000000 1.000000
29 37 99.0 -0.274721 0.961524 -2.108719 -0.961524 -0.274721 305.575254 0.000000 0.000000 1.000000
29 37 99.0 0.326849 -0.945076 414.692285 0.945076 0.326849 120.957837 0.000000 0.000000 1.000000
29 38 85.0 0.994309 -0.106533 94.263939 0.106533 0.994309 99.797286 0.000000 0.000000 1.000000
29 43 96.0 -0.330544 0.943791 20.118791 -0.943791 -0.330544 352.152638 0.000000 0.000000 1.000000
29 79 89.0 -0.995893 -0.090536 376.621891 0.090536 -0.995893 276.572707 0.000000 0.000000 1.000000
29 81 85.0 0.474100 -0.880471 500.619850 0.880471 0.474100 -178.043416 0.000000 0.000000 1.000000
30 32 83.0 -0.944547 -0.328378 378.946944 0.328378 -0.944547 452.362900 0.000000 0.000000 1.000000
30 34 174.0 0.485643 0.874157 -169.809102 -0.874157 0.485643 133.015231 0.000000 0.000000 1.000000
30 34 172.0 0.521590 0.853196 -168.074748 -0.853196 0.521590 118.677793 0.000000 0.000000 1.000000
30 34 172.0 0.485643 0.874157 -171.433197 -0.874157 0.485643 133.311611 0.000000 0.000000 1.000000
30 34 159.0 0.469613 0.882872 -171.162779 -0.882872 0.469613 138.340909 0.000000 0.000000 1.000000
30 34 121.0 0.570215 0.821496 -161.966390 -0.821496 0.570215 102.003830 0.000000 0.000000 1.000000
30 38 124.0 -0.983764 0.179465 216.030350 -0.179465 -0.983764 558.729389 0.000000 0.000000 1.000000
30 47 94.0 -0.987191 -0.159546 576.968654 0.159546 -0.987191 349.910490 0.000000 0.000000 1.000000
30 48 90.0 0.874157 0.485643 -152.298866 -0.485643 0.874157 -2.959795 0.000000 0.000000 1.000000
30 50 98.0 0.447214 -0.894427 451.394263 0.894427 0.447214 -178.045022 0.000000 0.000000 1.000000
30 56 108.0 0.707107 -0.707107 121.220040 0.707107 0.707107 -237.132341 0.000000 0.000000 1.000000
30 56 108.0 0.737154 -0.675725 102.828888 0.675725 0.737154 -234.687577 0.000000 0.000000 1.000000
30 71 122.0 0.980581 -0.196116 6.224569 0.196116 0.980581 -207.446844 0.000000 0.000000 1.000000
30 71 98.0 0.991510 -0.130034 -18.405130 0.130034 0.991510 -196.298845 0.000000 0.000000 1.000000
30 73 85.0 -0.910366 0.413803 200.918666 -0.413803 -0.910366 607.750256 0.000000 0.000000 1.000000
30 79 100.0 0.358582 -0.933498 237.014492 0.933498 0.358582 -207.547228 0.000000 0.000000 1.000000
31 32 101.0 0.721988 -0.691905 331.748368 0.691905 0.721988 -265.280627 0.000000 0.000000 1.000000
31 36 94.0 -0.965749 0.259480 493.998885 -0.259480 -0.965749 605.370022 0.000000 0.000000 1.000000
31 41 176.0 0.963679 0.267063 -195.813190 -0.267063 0.963679 -26.828455 0.000000 0.000000 1.000000
31 41 150.0 0.948683 0.316228 -206.000329 -0.316228 0.948683 -7.552212 0.000000 0.000000 1.000000
31 41 143.0 -0.948683 -0.316228 338.337156 0.316228 -0.948683 576.355948 0.000000 0.000000 1.000000
31 41 132.0 0.948683 0.316228 -205.619617 -0.316228 0.948683 -7.138190 0.000000 0.000000 1.000000
31 55 149.0 -0.998795 -0.049071 288.146976 0.049071 -0.998795 632.974980 0.000000 0.000000 1.000000
32 37 140.0 -0.999796 -0.020198 598.289408 0.020198 -0.999796 402.174490 0.000000 0.000000 1.000000
32 37 98.0 -0.990712 -0.135980 612.894721 0.135980 -0.990712 363.573329 0.000000 0.000000 1.000000
32 40 207.0 0.888145 0.459563 -249.229748 -0.459563 0.888145 157.296896 0.000000 0.000000 1.000000
32 40 207.0 0.883788 0.467888 -249.693925 -0.467888 0.883788 162.267695 0.000000 0.000000 1.000000
32 40 127.0 0.907061 0.420999 -244.970697 -0.420999 0.907061 141.744832 0.000000 0.000000 1.000000
32 40 110.0 0.894427 0.447214 -250.877144 -0.447214 0.894427 130.315330 0.000000 0.000000 1.000000
32 53 99.0 -0.776114 0.630593 98.612260 -0.630593 -0.776114 555.564894 0.000000 0.000000 1.000000
32 81 95.0 0.998937 0.046105 126.184928 -0.046105 0.998937 3.988433 0.000000 0.000000 1.000000
32 84 113.0 0.483490 0.875350 85.988833 -0.875350 0.483490 281.012595 0.000000 0.000000 1.000000
33 35 240.0 -0.877119 0.480273 280.431709 -0.480273 -0.877119 683.687159 0.000000 0.000000 1.000000
33 35 222.0 -0.870349 0.492435 273.864951 -0.492435 -0.870349 683.848473 0.000000 0.000000 1.000000
33 35 212.0 -0.857939 0.513751 264.173818 -0.513751 -0.857939 684.463246 0.000000 0.000000 1.000000
33 35 204.0 -0.857754 0.514060 264.284684 -0.514060 -0.857754 683.238690 0.000000 0.000000 1.000000
33 35 129.0 -0.894427 0.447214 294.249224 -0.447214 -0.894427 682.020100 0.000000 0.000000 1.000000
33 36 89.0 0.227945 -0.973674 369.861686 0.973674 0.227945 125.741335 0.000000 0.000000 1.000000
33 40 83.0 0.980581 0.196116 -30.255916 -0.196116 0.980581 -123.179105 0.000000 0.000000 1.000000
33 51 110.0 -0.989949 -0.141421 481.032244 0.141421 -0.989949 237.377583 0.000000 0.000000 1.000000
33 53 94.0 0.874893 0.484316 -39.665204 -0.484316 0.874893 -8.488833 0.000000 0.000000 1.000000
34 39 341.0 0.046723 -0.998908 272.707777 0.998908 0.046723 -115.558805 0.000000 0.000000 1.000000
34 39 299.0 0.081489 -0.996674 261.892971 0.996674 0.081489 -121.188292 0.000000 0.000000 1.000000
34 39 296.0 0.037012 -0.999315 275.056920 0.999315 0.037012 -113.638181 0.000000 0.000000 1.000000
34 39 290.0 0.049236 -0.998787 270.296500 0.998787 0.049236 -115.721901 0.000000 0.000000 1.000000
34 39 243.0 0.032503 -0.999472 277.916946 0.999472 0.032503 -113.029840 0.000000 0.000000 1.000000
34 39 206.0 0.088540 -0.996073 261.596557 0.996073 0.088540 -120.343399 0.000000 0.000000 1.000000
34 55 130.0 -0.999077 -0.042951 582.937117 0.042951 -0.999077 499.777085 0.000000 0.000000 1.000000
34 55 112.0 -0.999253 -0.038645 581.501275 0.038645 -0.999253 501.402100 0.000000 0.000000 1.000000
34 58 105.0 0.906070 0.423128 -179.888763 -0.423128 0.906070 329.182762 0.000000 0.000000 1.000000
34 71 89.0 -0.447214 0.894427 -9.177929 -0.894427 -0.447214 692.795799 0.000000 0.000000 1.000000
34 75 114.0 -0.896527 0.442990 207.153674 -0.442990 -0.896527 665.365461 0.000000 0.000000 1.000000
34 75 82.0 -0.899885 0.436128 209.812625 -0.436128 -0.899885 663.507164 0.000000 0.000000 1.000000
34 76 81.0 0.747409 -0.664364 78.885435 0.664364 0.747409 -164.493520 0.000000 0.000000 1.000000
35 36 268.0 -0.707107 0.707107 -8.391919 -0.707107 -0.707107 617.851334 0.000000 0.000000 1.000000
35 36 268.0 -0.707107 0.707107 -8.199531 -0.707107 -0.707107 617.653896 0.000000 0.000000 1.000000
35 36 241.0 -0.707107 0.707107 -8.634560 -0.707107 -0.707107 616.401587 0.000000 0.000000 1.000000
35 36 226.0 -0.691571 0.722308 -17.161251 -0.722308 -0.691571 615.341258 0.000000 0.000000 1.000000
35 36 134.0 -0.664364 0.747409 -32.630540 -0.747409 -0.664364 610.438395 0.000000 0.000000 1.000000
35 36 94.0 -0.728253 0.685309 -0.353935 -0.685309 -0.728253 623.093686 0.000000 0.000000 1.000000
35 37 362.0 -0.318577 0.947897 280.869749 -0.947897 -0.318577 375.408835 0.000000 0.000000 1.000000
35 37 362.0 -0.316228 0.948683 280.711458 -0.948683 -0.316228 375.186694 0.000000 0.000000 1.000000
35 37 345.0 -0.302741 0.953073 276.964499 -0.953073 -0.302741 375.233972 0.000000 0.000000 1.000000
35 37 340.0 -0.311551 0.950230 278.242388 -0.950230 -0.311551 376.297352 0.000000 0.000000 1.000000
35 37 155.0 -0.407940 0.913009 297.855507 -0.913009 -0.407940 379.359320 0.000000 0.000000 1.000000
35 37 151.0 -0.380750 0.924678 296.922551 -0.924678 -0.380750 376.330462 0.000000 0.000000 1.000000
35 37 134.0 -0.388057 0.921635 291.921997 -0.921635 -0.388057 379.806904 0.000000 0.000000 1.000000
35 37 84.0 -0.260909 0.965363 260.649777 -0.965363 -0.260909 375.047648 0.000000 0.000000 1.000000
35 38 160.0 -0.257157 -0.966370 642.557451 0.966370 -0.257157 -23.879900 0.000000 0.000000 1.000000
35 43 101.0 0.980155 0.198234 -210.636565 -0.198234 0.980155 104.828373 0.000000 0.000000 1.000000
35 44 200.0 -0.624096 -0.781348 459.781122 0.781348 -0.624096 19.391711 0.000000 0.000000 1.000000
35 44 113.0 -0.675725 -0.737154 465.594611 0.737154 -0.675725 37.185360 0.000000 0.000000 1.000000
35 50 90.0 0.835894 0.548892 -157.352285 -0.548892 0.835894 -37.182587 0.000000 0.000000 1.000000
35 90 91.0 -0.975610 0.219512 321.487805 -0.219512 -0.975610 303.609756 0.000000 0.000000 1.000000
36 40 195.0 -0.998284 0.058559 496.679102 -0.058559 -0.998284 228.009113 0.000000 0.000000 1.000000
36 40 195.0 -0.998324 0.057874 497.132184 -0.057874 -0.998324 228.638569 0.000000 0.000000 1.000000
36 40 195.0 -0.997607 0.069141 495.625677 -0.069141 -0.997607 231.003011 0.000000 0.000000 1.000000
36 40 165.0 -1.000000 0.000000 504.000000 -0.000000 -1.000000 215.000000 0.000000 0.000000 1.000000
36 40 135.0 -0.999635 0.027017 502.207214 -0.027017 -0.999635 219.230936 0.000000 0.000000 1.000000
36 40 90.0 -1.000000 0.000000 503.000000 -0.000000 -1.000000 218.000000 0.000000 0.000000 1.000000
36 45 257.0 -0.807791 -0.589469 677.561575 0.589469 -0.807791 345.837746 0.000000 0.000000 1.000000
36 45 115.0 -0.778075 -0.628171 684.283819 0.628171 -0.778075 330.184604 0.000000 0.000000 1.000000
36 82 168.0 0.286851 0.957975 -200.005714 -0.957975 0.286851 285.303718 0.000000 0.000000 1.000000
37 38 137.0 0.868243 -0.496139 156.146480 0.496139 0.868243 110.791292 0.000000 0.000000 1.000000
37 38 121.0 0.798041 -0.602603 185.073701 0.602603 0.798041 104.346538 0.000000 0.000000 1.000000
37 47 217.0 0.997607 0.069141 160.128938 -0.069141 0.997607 -6.638183 0.000000 0.000000 1.000000
37 47 217.0 0.998648 0.051974 162.396126 -0.051974 0.998648 -9.312908 0.000000 0.000000 1.000000
37 47 122.0 0.999363 0.035692 168.310990 -0.035692 0.999363 -12.284321 0.000000 0.000000 1.000000
37 47 114.0 1.000000 0.000000 171.000000 -0.000000 1.000000 -17.000000 0.000000 0.000000 1.000000
37 51 84.0 0.941742 0.336336 136.521889 -0.336336 0.941742 81.223711 0.000000 0.000000 1.000000
37 79 86.0 -0.120331 -0.992734 249.530328 0.992734 -0.120331 41.053321 0.000000 0.000000 1.000000
38 39 355.0 -0.969231 0.246154 486.476923 -0.246154 -0.969231 637.184615 0.000000 0.000000 1.000000
38 39 355.0 -0.964764 0.263117 481.199187 -0.263117 -0.964764 640.859982 0.000000 0.000000 1.000000
38 39 339.0 -0.963811 0.266586 479.160851 -0.266586 -0.963811 642.953317 0.000000 0.000000 1.000000
38 39 222.0 -0.959018 0.283346 473.501397 -0.283346 -0.959018 647.470549 0.000000 0.000000 1.000000
38 39 190.0 -0.955216 0.295909 467.321883 -0.295909 -0.955216 647.266454 0.000000 0.000000 1.000000
38 39 151.0 -0.976187 0.216930 496.107317 -0.216930 -0.976187 626.669607 0.000000 0.000000 1.000000
38 48 108.0 0.872683 0.488287 63.684372 -0.488287 0.872683 18.422031 0.000000 0.000000 1.000000
38 48 108.0 0.870466 0.492228 64.943005 -0.492228 0.870466 18.383420 0.000000 0.000000 1.000000
38 50 130.0 -0.715574 0.698537 343.974130 -0.698537 -0.715574 684.534146 0.000000 0.000000 1.000000
38 78 116.0 -0.999800 -0.019996 540.546397 0.019996 -0.999800 584.695166 0.000000 0.000000 1.000000
39 46 292.0 0.302244 0.953231 -170.573142 -0.953231 0.302244 497.955670 0.000000 0.000000 1.000000
39 46 292.0 0.282166 0.959366 -167.845607 -0.959366 0.282166 504.788482 0.000000 0.000000 1.000000
39 46 292.0 0.293711 0.955894 -169.994511 -0.955894 0.293711 500.122606 0.000000 0.000000 1.000000
39 46 292.0 0.297866 0.954608 -170.115424 -0.954608 0.297866 499.223607 0.000000 0.000000 1.000000
39 46 292.0 0.306654 0.951821 -171.749509 -0.951821 0.306654 497.652278 0.000000 0.000000 1.000000
39 46 271.0 0.277630 0.960688 -163.843040 -0.960688 0.277630 505.714581 0.000000 0.000000 1.000000
39 46 249.0 0.268273 0.963343 -162.412857 -0.963343 0.268273 508.268980 0.000000 0.000000 1.000000
39 82 85.0 -0.583929 -0.811804 654.569134 0.811804 -0.583929 272.352079 0.000000 0.000000 1.000000
40 41 312.0 0.837611 0.546268 -146.401183 -0.546268 0.837611 362.181454 0.000000 0.000000 1.000000
40 41 291.0 0.826419 0.563055 -146.523496 -0.563055 0.826419 369.988879 0.000000 0.000000 1.000000
40 41 279.0 0.818953 0.573861 -145.670697 -0.573861 0.818953 375.296595 0.000000 0.000000 1.000000
40 41 261.0 0.847064 0.531491 -147.059481 -0.531491 0.847064 356.471445 0.000000 0.000000 1.000000
40 41 214.0 0.850265 0.526355 -147.118578 -0.526355 0.850265 353.381923 0.000000 0.000000 1.000000
40 41 194.0 0.807391 0.590017 -142.887803 -0.590017 0.807391 378.742449 0.000000 0.000000 1.000000
40 41 194.0 0.807391 0.590017 -142.951067 -0.590017 0.807391 378.928384 0.000000 0.000000 1.000000
40 41 126.0 0.878853 0.477092 -147.051455 -0.477092 0.878853 330.983273 0.000000 0.000000 1.000000
40 43 240.0 0.897483 -0.441049 -46.085107 0.441049 0.897483 -144.871420 0.000000 0.000000 1.000000
40 54 92.0 0.984337 -0.176299 226.254897 0.176299 0.984337 46.710131 0.000000 0.000000 1.000000
41 42 257.0 -0.489796 -0.871837 408.496424 0.871837 -0.489796 -7.143741 0.000000 0.000000 1.000000
41 42 257.0 -0.498964 -0.866622 409.395486 0.866622 -0.498964 -3.747738 0.000000 0.000000 1.000000
41 42 221.0 -0.504883 -0.863188 409.969480 0.863188 -0.504883 -2.540013 0.000000 0.000000 1.000000
41 61 138.0 -0.087883 -0.996131 240.067850 0.996131 -0.087883 193.679396 0.000000 0.000000 1.000000
42 52 299.0 -0.092031 -0.995756 385.419978 0.995756 -0.092031 180.721678 0.000000 0.000000 1.000000
42 52 270.0 -0.076696 -0.997054 383.556870 0.997054 -0.076696 177.615952 0.000000 0.000000 1.000000
42 52 132.0 -0.085401 -0.996347 381.727373 0.996347 -0.085401 177.795453 0.000000 0.000000 1.000000
42 52 87.0 -0.058722 -0.998274 378.323073 0.998274 -0.058722 177.726869 0.000000 0.000000 1.000000
43 45 256.0 0.447214 0.894427 -107.430788 -0.894427 0.447214 81.108514 0.000000 0.000000 1.000000
43 45 256.0 0.436904 0.899508 -107.474933 -0.899508 0.436904 83.994528 0.000000 0.000000 1.000000
43 45 199.0 0.384615 0.923077 -107.153846 -0.923077 0.384615 100.769231 0.000000 0.000000 1.000000
43 45 194.0 0.384615 0.923077 -108.230769 -0.923077 0.384615 102.153846 0.000000 0.000000 1.000000
43 45 127.0 0.477092 0.878853 -106.228733 -0.878853 0.477092 72.287260 0.000000 0.000000 1.000000
43 53 210.0 -0.685196 0.728358 46.464115 -0.728358 -0.685196 529.124567 0.000000 0.000000 1.000000
43 53 195.0 -0.688849 0.724905 47.848144 -0.724905 -0.688849 529.953258 0.000000 0.000000 1.000000
43 53 195.0 -0.684956 0.728584 46.083121 -0.728584 -0.684956 529.372412 0.000000 0.000000 1.000000
43 53 195.0 -0.680451 0.732793 44.528922 -0.732793 -0.680451 528.962104 0.000000 0.000000 1.000000
43 53 195.0 -0.693743 0.720222 50.576475 -0.720222 -0.693743 530.491965 0.000000 0.000000 1.000000
44 45 145.0 -0.523016 0.852323 352.499700 -0.852323 -0.523016 623.259453 0.000000 0.000000 1.000000
44 47 144.0 -0.461353 -0.887217 307.935373 0.887217 -0.461353 56.422871 0.000000 0.000000 1.000000
44 50 177.0 -0.959569 0.281474 303.771604 -0.281474 -0.959569 642.310464 0.000000 0.000000 1.000000
45 49 141.0 -0.855360 0.518035 221.003375 -0.518035 -0.855360 393.046121 0.000000 0.000000 1.000000
45 49 134.0 -0.894427 0.447214 237.192107 -0.447214 -0.894427 388.597973 0.000000 0.000000 1.000000
45 49 92.0 -0.868553 0.495596 225.306022 -0.495596 -0.868553 390.268225 0.000000 0.000000 1.000000
45 49 92.0 -0.868243 0.496139 224.864367 -0.496139 -0.868243 390.428067 0.000000 0.000000 1.000000
45 53 90.0 -0.431455 -0.902134 317.243899 0.902134 -0.431455 234.574024 0.000000 0.000000 1.000000
45 63 83.0 0.894427 -0.447214 -86.917633 0.447214 0.894427 0.990114 0.000000 0.000000 1.000000
45 70 120.0 0.904819 0.425797 -243.048313 -0.425797 0.904819 253.868861 0.000000 0.000000 1.000000
45 74 96.0 -1.000000 -0.000000 258.000000 0.000000 -1.000000 577.000000 0.000000 0.000000 1.000000
46 48 232.0 -0.895903 0.444249 235.837826 -0.444249 -0.895903 698.713796 0.000000 0.000000 1.000000
46 48 232.0 -0.894427 0.447214 235.417797 -0.447214 -0.894427 699.528925 0.000000 0.000000 1.000000
46 48 231.0 -0.904249 0.427006 242.015274 -0.427006 -0.904249 697.051111 0.000000 0.000000 1.000000
46 48 120.0 -0.875127 0.483894 220.320138 -0.483894 -0.875127 698.210814 0.000000 0.000000 1.000000
46 48 110.0 -0.868243 0.496139 213.023647 -0.496139 -0.868243 700.243683 0.000000 0.000000 1.000000
46 55 299.0 -0.959366 -0.282166 323.144050 0.282166 -0.959366 293.308800 0.000000 0.000000 1.000000
46 55 290.0 -0.949757 -0.312988 327.225700 0.312988 -0.949757 289.274163 0.000000 0.000000 1.000000
46 55 273.0 -0.952268 -0.305263 326.027972 0.305263 -0.952268 291.504785 0.000000 0.000000 1.000000
46 55 260.0 -0.960501 -0.278276 325.076855 0.278276 -0.960501 294.583462 0.000000 0.000000 1.000000
46 55 224.0 -0.961764 -0.273880 324.339987 0.273880 -0.961764 295.925465 0.000000 0.000000 1.000000
46 55 223.0 -0.961069 -0.276307 321.410913 0.276307 -0.961069 295.358923 0.000000 0.000000 1.000000
46 55 223.0 -0.948683 -0.316228 329.720680 0.316228 -0.948683 288.625023 0.000000 0.000000 1.000000
46 55 167.0 -0.965005 -0.262230 324.308395 0.262230 -0.965005 299.446316 0.000000 0.000000 1.000000
46 55 167.0 -0.967252 -0.253818 323.481397 0.253818 -0.967252 300.619319 0.000000 0.000000 1.000000
46 58 82.0 -0.917857 -0.396911 641.477327 0.396911 -0.917857 386.973042 0.000000 0.000000 1.000000
46 77 111.0 -0.902134 -0.431455 395.867048 0.431455 -0.902134 530.369740 0.000000 0.000000 1.000000
47 48 137.0 0.997729 -0.067363 24.492011 0.067363 0.997729 176.657844 0.000000 0.000000 1.000000
47 48 94.0 1.000000 0.000000 16.000000 -0.000000 1.000000 189.000000 0.000000 0.000000 1.000000
47 49 81.0 -0.913812 -0.406138 656.373477 0.406138 -0.913812 299.417201 0.000000 0.000000 1.000000
47 51 151.0 -0.370770 0.928725 262.813563 -0.928725 -0.370770 493.469198 0.000000 0.000000 1.000000
47 51 133.0 -0.360399 0.932798 259.639242 -0.932798 -0.360399 495.773886 0.000000 0.000000 1.000000
47 51 113.0 -0.341743 0.939793 254.711013 -0.939793 -0.341743 494.982184 0.000000 0.000000 1.000000
47 51 90.0 -0.422885 0.906183 277.918977 -0.906183 -0.422885 495.027293 0.000000 0.000000 1.000000
47 84 136.0 0.459854 0.887994 90.620341 -0.887994 0.459854 277.812385 0.000000 0.000000 1.000000
48 54 199.0 -0.216930 0.976187 216.535935 -0.976187 -0.216930 456.017437 0.000000 0.000000 1.000000
48 67 85.0 0.252422 -0.967617 382.548653 0.967617 0.252422 148.953306 0.000000 0.000000 1.000000
48 76 84.0 -1.000000 -0.000000 460.000000 0.000000 -1.000000 648.000000 0.000000 0.000000 1.000000
48 78 96.0 -0.894427 0.447214 332.944108 -0.447214 -0.894427 702.917469 0.000000 0.000000 1.000000
48 86 97.0 -0.299086 0.954226 241.084198 -0.954226 -0.299086 468.357033 0.000000 0.000000 1.000000
49 50 207.0 -0.315387 -0.948963 403.004647 0.948963 -0.315387 274.262866 0.000000 0.000000 1.000000
49 50 137.0 -0.280000 -0.960000 402.280000 0.960000 -0.280000 264.040000 0.000000 0.000000 1.000000
49 50 109.0 -0.330710 -0.943733 400.167374 0.943733 -0.330710 275.763610 0.000000 0.000000 1.000000
49 53 175.0 0.155963 -0.987763 512.920946 0.987763 0.155963 -223.626780 0.000000 0.000000 1.000000
49 53 120.0 0.079745 -0.996815 539.281909 0.996815 0.079745 -206.519297 0.000000 0.000000 1.000000
49 73 104.0 0.113547 -0.993533 505.998301 0.993533 0.113547 -190.137256 0.000000 0.000000 1.000000
49 80 87.0 -0.207663 0.978200 164.506555 -0.978200 -0.207663 286.080270 0.000000 0.000000 1.000000
49 81 115.0 0.913172 -0.407574 267.477068 0.407574 0.913172 -12.375155 0.000000 0.000000 1.000000
49 83 82.0 0.196116 -0.980581 503.013079 0.980581 0.196116 -191.719867 0.000000 0.000000 1.000000
50 51 297.0 -0.980778 -0.195129 698.461268 0.195129 -0.980778 399.065538 0.000000 0.000000 1.000000
50 51 277.0 -0.976575 -0.215178 702.938489 0.215178 -0.976575 392.595888 0.000000 0.000000 1.000000
50 51 266.0 -0.978200 -0.207663 701.506406 0.207663 -0.978200 396.911757 0.000000 0.000000 1.000000
50 51 164.0 -0.971520 -0.236956 704.054916 0.236956 -0.971520 385.264493 0.000000 0.000000 1.000000
50 51 141.0 -0.965616 -0.259973 707.624479 0.259973 -0.965616 376.678605 0.000000 0.000000 1.000000
50 51 100.0 -0.970143 -0.242536 710.762553 0.242536 -0.970143 384.496352 0.000000 0.000000 1.000000
50 51 86.0 -0.989056 -0.147539 685.858508 0.147539 -0.989056 418.078144 0.000000 0.000000 1.000000
50 59 115.0 -0.826481 0.562965 304.636107 -0.562965 -0.826481 329.652534 0.000000 0.000000 1.000000
50 59 115.0 -0.821370 0.570396 303.425194 -0.570396 -0.821370 329.725925 0.000000 0.000000 1.000000
50 65 160.0 -0.469155 0.883116 336.547093 -0.883116 -0.469155 508.599446 0.000000 0.000000 1.000000
51 54 302.0 0.966420 -0.256967 -114.104189 0.256967 0.966420 -113.911838 0.000000 0.000000 1.000000
51 54 287.0 0.965616 -0.259973 -112.754720 0.259973 0.965616 -114.467352 0.000000 0.000000 1.000000
51 54 243.0 0.965616 -0.259973 -110.866035 0.259973 0.965616 -114.609430 0.000000 0.000000 1.000000
51 54 206.0 0.962651 -0.270746 -111.005493 0.270746 0.962651 -117.407540 0.000000 0.000000 1.000000
51 54 171.0 0.978350 -0.206959 -126.383791 0.206959 0.978350 -99.917989 0.000000 0.000000 1.000000
51 54 95.0 0.957276 -0.289177 -99.906923 0.289177 0.957276 -121.126065 0.000000 0.000000 1.000000
51 78 98.0 -0.931243 -0.364399 684.516987 0.364399 -0.931243 423.369584 0.000000 0.000000 1.000000
51 79 89.0 -0.877505 0.479567 365.362304 -0.479567 -0.877505 331.559269 0.000000 0.000000 1.000000
51 81 109.0 0.298930 0.954275 -6.260878 -0.954275 0.298930 179.832829 0.000000 0.000000 1.000000
51 81 102.0 0.274721 0.961524 -4.383493 -0.961524 0.274721 186.589669 0.000000 0.000000 1.000000
51 85 99.0 -0.882704 0.469929 491.016015 -0.469929 -0.882704 543.813503 0.000000 0.000000 1.000000
51 86 84.0 0.997054 -0.076696 -39.901947 0.076696 0.997054 178.601224 0.000000 0.000000 1.000000
51 88 106.0 0.124035 -0.992278 441.587092 0.992278 0.124035 -212.591419 0.000000 0.000000 1.000000
52 53 224.0 0.316228 -0.948683 278.541638 0.948683 0.316228 171.993590 0.000000 0.000000 1.000000
52 53 132.0 0.352804 -0.935697 273.267780 0.935697 0.352804 167.368631 0.000000 0.000000 1.000000
52 58 333.0 -0.861366 -0.507985 675.156112 0.507985 -0.861366 332.519194 0.000000 0.000000 1.000000
52 58 306.0 -0.861145 -0.508360 675.214799 0.508360 -0.861145 334.420752 0.000000 0.000000 1.000000
52 58 200.0 -0.883845 -0.467780 667.131049 0.467780 -0.883845 350.550889 0.000000 0.000000 1.000000
52 58 176.0 -0.886445 -0.462834 671.218715 0.462834 -0.886445 352.535764 0.000000 0.000000 1.000000
52 58 174.0 -0.854199 -0.519947 679.207685 0.519947 -0.854199 328.226304 0.000000 0.000000 1.000000
52 58 156.0 -0.850566 -0.525869 680.523737 0.525869 -0.850566 327.748431 0.000000 0.000000 1.000000
52 58 81.0 0.914687 0.404164 -165.619379 -0.404164 0.914687 327.393302 0.000000 0.000000 1.000000
53 54 99.0 0.874893 -0.484316 27.716892 0.484316 0.874893 52.477906 0.000000 0.000000 1.000000
53 54 93.0 0.887018 -0.461735 23.205172 0.461735 0.887018 57.042406 0.000000 0.000000 1.000000
53 56 150.0 -0.978085 0.208206 471.001778 -0.208206 -0.978085 329.997639 0.000000 0.000000 1.000000
53 56 150.0 -0.970143 0.242536 466.286191 -0.242536 -0.970143 335.252884 0.000000 0.000000 1.000000
53 56 85.0 -0.967901 0.251333 465.864253 -0.251333 -0.967901 336.894058 0.000000 0.000000 1.000000
53 56 83.0 -0.371391 -0.928477 373.300378 0.928477 -0.371391 249.736965 0.000000 0.000000 1.000000
53 68 97.0 -0.633238 -0.773957 331.293367 0.773957 -0.633238 53.119076 0.000000 0.000000 1.000000
53 83 110.0 -0.914535 -0.404506 424.754273 0.404506 -0.914535 431.876749 0.000000 0.000000 1.000000
53 86 114.0 0.924481 -0.381229 0.228319 0.381229 0.924481 73.384617 0.000000 0.000000 1.000000
54 55 228.0 0.533073 -0.846069 69.135453 0.846069 0.533073 -99.854104 0.000000 0.000000 1.000000
54 55 181.0 0.474100 -0.880471 89.884554 0.880471 0.474100 -101.897649 0.000000 0.000000 1.000000
54 55 142.0 0.543251 -0.839570 65.464446 0.839570 0.543251 -100.291899 0.000000 0.000000 1.000000
54 55 106.0 0.562791 -0.826599 62.111815 0.826599 0.562791 -97.039863 0.000000 0.000000 1.000000
54 60 171.0 0.803098 0.595847 -87.494664 -0.595847 0.803098 343.240701 0.000000 0.000000 1.000000
54 60 171.0 0.804574 0.593852 -87.574828 -0.593852 0.804574 342.330791 0.000000 0.000000 1.000000
54 60 122.0 0.783839 0.620964 -85.048907 -0.620964 0.783839 348.632553 0.000000 0.000000 1.000000
54 66 110.0 -0.110432 0.993884 244.296300 -0.993884 -0.110432 451.400597 0.000000 0.000000 1.000000
54 69 85.0 -0.434749 -0.900552 543.370791 0.900552 -0.434749 -56.240829 0.000000 0.000000 1.000000
55 61 307.0 -0.133918 0.990992 177.624192 -0.990992 -0.133918 549.806817 0.000000 0.000000 1.000000
55 61 307.0 -0.148051 0.988980 182.972618 -0.988980 -0.148051 552.030089 0.000000 0.000000 1.000000
55 61 307.0 -0.132889 0.991131 178.046552 -0.991131 -0.132889 551.083567 0.000000 0.000000 1.000000
55 61 307.0 -0.159689 0.987167 185.610218 -0.987167 -0.159689 553.353411 0.000000 0.000000 1.000000
55 61 275.0 -0.174854 0.984594 189.893599 -0.984594 -0.174854 555.242835 0.000000 0.000000 1.000000
55 65 117.0 -0.160676 0.987007 198.506074 -0.987007 -0.160676 520.887803 0.000000 0.000000 1.000000
55 70 88.0 0.796162 0.605083 -211.132386 -0.605083 0.796162 63.529696 0.000000 0.000000 1.000000
56 57 97.0 -0.845489 -0.533993 292.229458 0.533993 -0.845489 206.457335 0.000000 0.000000 1.000000
56 57 90.0 -0.831835 -0.555023 291.977153 0.555023 -0.831835 199.875298 0.000000 0.000000 1.000000
56 58 247.0 -0.407940 0.913009 325.388514 -0.913009 -0.407940 598.411225 0.000000 0.000000 1.000000
56 58 153.0 -0.360994 0.932568 310.321609 -0.932568 -0.360994 598.542123 0.000000 0.000000 1.000000
56 58 153.0 -0.358979 0.933346 309.153782 -0.933346 -0.358979 598.860182 0.000000 0.000000 1.000000
56 58 146.0 -0.423170 0.906050 333.476314 -0.906050 -0.423170 597.081580 0.000000 0.000000 1.000000
56 58 130.0 -0.344817 0.938670 300.230612 -0.938670 -0.344817 597.584993 0.000000 0.000000 1.000000
56 66 182.0 -0.212014 -0.977267 414.318212 0.977267 -0.212014 232.694846 0.000000 0.000000 1.000000
56 66 182.0 -0.182089 -0.983282 411.356552 0.983282 -0.182089 223.901599 0.000000 0.000000 1.000000
56 66 182.0 -0.196116 -0.980581 413.393584 0.980581 -0.196116 228.341856 0.000000 0.000000 1.000000
56 66 95.0 -0.126428 -0.991976 405.986024 0.991976 -0.126428 208.772990 0.000000 0.000000 1.000000
57 59 144.0 -0.181676 0.983358 161.350879 -0.983358 -0.181676 637.184366 0.000000 0.000000 1.000000
57 59 144.0 -0.197806 0.980241 167.743527 -0.980241 -0.197806 640.614520 0.000000 0.000000 1.000000
57 69 247.0 -0.945629 -0.325248 634.095858 0.325248 -0.945629 226.294246 0.000000 0.000000 1.000000
57 69 247.0 -0.941742 -0.336336 636.455025 0.336336 -0.941742 222.978704 0.000000 0.000000 1.000000
57 69 247.0 -0.945629 -0.325248 634.076174 0.325248 -0.945629 226.482776 0.000000 0.000000 1.000000
57 69 204.0 -0.933990 -0.357298 637.176904 0.357298 -0.933990 215.859943 0.000000 0.000000 1.000000
57 69 184.0 -0.930052 -0.367428 639.083546 0.367428 -0.930052 211.720382 0.000000 0.000000 1.000000
57 69 162.0 -0.961364 -0.275280 627.361180 0.275280 -0.961364 245.571674 0.000000 0.000000 1.000000
57 69 146.0 -0.917722 -0.397223 638.201850 0.397223 -0.917722 201.243034 0.000000 0.000000 1.000000
57 79 116.0 -0.975133 -0.221621 634.882443 0.221621 -0.975133 239.406272 0.000000 0.000000 1.000000
58 67 314.0 -0.728923 -0.684596 391.000612 0.684596 -0.728923 105.281642 0.000000 0.000000 1.000000
58 67 314.0 -0.728584 -0.684956 390.802783 0.684956 -0.728584 104.904199 0.000000 0.000000 1.000000
58 67 314.0 -0.726770 -0.686881 390.287422 0.686881 -0.726770 104.341648 0.000000 0.000000 1.000000
58 67 269.0 -0.728200 -0.685365 391.144867 0.685365 -0.728200 106.235831 0.000000 0.000000 1.000000
58 67 269.0 -0.727589 -0.686013 390.959576 0.686013 -0.727589 105.693963 0.000000 0.000000 1.000000
58 67 269.0 -0.730657 -0.682745 389.719839 0.682745 -0.730657 107.231516 0.000000 0.000000 1.000000
58 67 253.0 -0.732879 -0.680360 390.176541 0.680360 -0.732879 106.641798 0.000000 0.000000 1.000000
58 67 137.0 -0.737154 -0.675725 389.833661 0.675725 -0.737154 105.681077 0.000000 0.000000 1.000000
58 76 92.0 0.659891 -0.751361 413.841389 0.751361 0.659891 -270.783146 0.000000 0.000000 1.000000
58 78 109.0 0.089075 -0.996025 587.459557 0.996025 0.089075 -173.112824 0.000000 0.000000 1.000000
58 78 86.0 0.137301 -0.990529 573.289713 0.990529 0.137301 -187.199359 0.000000 0.000000 1.000000
58 78 86.0 0.086291 -0.996270 589.966454 0.996270 0.086291 -172.696506 0.000000 0.000000 1.000000
58 84 89.0 -0.991976 -0.126428 304.527310 0.126428 -0.991976 281.133270 0.000000 0.000000 1.000000
59 62 169.0 0.021272 0.999774 -199.595391 -0.999774 0.021272 515.526257 0.000000 0.000000 1.000000
59 62 169.0 0.079745 0.996815 -215.239870 -0.996815 0.079745 498.444838 0.000000 0.000000 1.000000
59 62 162.0 0.103784 0.994600 -219.622723 -0.994600 0.103784 490.826053 0.000000 0.000000 1.000000
59 62 117.0 0.104685 0.994505 -218.222658 -0.994505 0.104685 488.896898 0.000000 0.000000 1.000000
59 62 102.0 0.120331 0.992734 -224.479851 -0.992734 0.120331 486.538262 0.000000 0.000000 1.000000
59 63 94.0 0.955332 -0.295534 125.363708 0.295534 0.955332 99.856269 0.000000 0.000000 1.000000
59 63 92.0 0.948085 -0.318018 130.222168 0.318018 0.948085 97.784861 0.000000 0.000000 1.000000
60 61 321.0 0.999201 0.039968 -169.091219 -0.039968 0.999201 -134.832641 0.000000 0.000000 1.000000
60 61 308.0 0.998989 0.044958 -171.656319 -0.044958 0.998989 -133.512699 0.000000 0.000000 1.000000
60 61 292.0 0.998344 0.057532 -174.778402 -0.057532 0.998344 -128.353606 0.000000 0.000000 1.000000
60 61 233.0 0.997352 0.072724 -180.899466 -0.072724 0.997352 -125.095855 0.000000 0.000000 1.000000
60 61 233.0 0.999904 0.013888 -161.590656 -0.013888 0.999904 -142.086365 0.000000 0.000000 1.000000
60 61 156.0 0.999940 0.010988 -163.893468 -0.010988 0.999940 -141.629808 0.000000 0.000000 1.000000
60 65 155.0 -0.300598 -0.953751 379.363687 0.953751 -0.300598 188.405453 0.000000 0.000000 1.000000
60 66 123.0 0.593852 0.804574 -245.767274 -0.804574 0.593852 140.839298 0.000000 0.000000 1.000000
60 69 82.0 -0.881785 -0.471652 685.765105 0.471652 -0.881785 440.279128 0.000000 0.000000 1.000000
60 71 90.0 -0.989461 -0.144799 601.703373 0.144799 -0.989461 551.590567 0.000000 0.000000 1.000000
61 68 187.0 -0.745241 -0.666795 398.779950 0.666795 -0.745241 350.142186 0.000000 0.000000 1.000000
61 68 151.0 -0.767451 -0.641108 394.932351 0.641108 -0.767451 358.059822 0.000000 0.000000 1.000000
62 64 93.0 0.998988 0.044978 -139.199872 -0.044978 0.998988 89.620990 0.000000 0.000000 1.000000
62 81 81.0 -0.707107 -0.707107 407.483802 0.707107 -0.707107 83.286797 0.000000 0.000000 1.000000
62 86 110.0 0.913812 -0.406138 244.848858 0.406138 0.913812 -151.994732 0.000000 0.000000 1.000000
63 64 154.0 -0.254677 0.967026 -86.882747 -0.967026 -0.254677 594.577742 0.000000 0.000000 1.000000
63 64 114.0 -0.282166 0.959366 -78.495823 -0.959366 -0.282166 603.221620 0.000000 0.000000 1.000000
63 69 170.0 -0.454187 0.890906 316.436547 -0.890906 -0.454187 362.593633 0.000000 0.000000 1.000000
63 69 158.0 -0.447214 0.894427 314.626859 -0.894427 -0.447214 364.158890 0.000000 0.000000 1.000000
63 69 156.0 -0.408988 0.912540 306.222152 -0.912540 -0.408988 362.550889 0.000000 0.000000 1.000000
63 69 150.0 -0.429176 0.903221 309.352401 -0.903221 -0.429176 362.549525 0.000000 0.000000 1.000000
63 69 114.0 -0.454279 0.890859 317.883543 -0.890859 -0.454279 362.627867 0.000000 0.000000 1.000000
63 69 98.0 -0.454279 0.890859 317.600522 -0.890859 -0.454279 360.560102 0.000000 0.000000 1.000000
63 72 95.0 -0.953960 0.299935 511.263055 -0.299935 -0.953960 596.159847 0.000000 0.000000 1.000000
64 65 288.0 -0.622190 -0.782866 429.200527 0.782866 -0.622190 6.903577 0.000000 0.000000 1.000000
64 65 268.0 -0.630593 -0.776114 429.671731 0.776114 -0.630593 9.026815 0.000000 0.000000 1.000000
64 65 128.0 -0.683157 -0.730271 437.623907 0.730271 -0.683157 32.674259 0.000000 0.000000 1.000000
64 65 113.0 -0.611748 -0.791053 410.981565 0.791053 -0.611748 8.155655 0.000000 0.000000 1.000000
64 71 298.0 -0.990966 0.134112 226.978060 -0.134112 -0.990966 535.494087 0.000000 0.000000 1.000000
64 71 253.0 -0.989949 0.141421 226.098694 -0.141421 -0.989949 535.030101 0.000000 0.000000 1.000000
64 71 153.0 -0.983102 0.183060 216.914652 -0.183060 -0.983102 536.330931 0.000000 0.000000 1.000000
64 71 139.0 -0.988306 0.152482 218.100908 -0.152482 -0.988306 536.503844 0.000000 0.000000 1.000000
64 71 106.0 -0.988116 0.153707 217.312024 -0.153707 -0.988116 535.728122 0.000000 0.000000 1.000000
64 71 85.0 -0.996522 0.083333 242.861917 -0.083333 -0.996522 524.102020 0.000000 0.000000 1.000000
65 68 257.0 0.863779 -0.503871 51.533493 0.503871 0.863779 124.693578 0.000000 0.000000 1.000000
65 68 216.0 0.875127 -0.483894 49.332262 0.483894 0.875127 126.957793 0.000000 0.000000 1.000000
65 68 179.0 0.834586 -0.550878 61.720211 0.550878 0.834586 116.549044 0.000000 0.000000 1.000000
65 73 181.0 0.104972 -0.994475 571.419890 0.994475 0.104972 54.977901 0.000000 0.000000 1.000000
65 73 181.0 0.104972 -0.994475 571.569061 0.994475 0.104972 55.812155 0.000000 0.000000 1.000000
65 73 163.0 0.112307 -0.993674 570.230840 0.993674 0.112307 52.314145 0.000000 0.000000 1.000000
65 73 150.0 0.126254 -0.991998 567.690002 0.991998 0.126254 49.389125 0.000000 0.000000 1.000000
65 81 97.0 0.650791 0.759257 -12.504439 -0.759257 0.650791 100.087410 0.000000 0.000000 1.000000
66 67 266.0 0.174323 0.984689 1.664193 -0.984689 0.174323 158.100168 0.000000 0.000000 1.000000
66 67 266.0 0.177466 0.984127 1.039286 -0.984127 0.177466 157.946399 0.000000 0.000000 1.000000
66 67 227.0 0.196116 0.980581 0.641314 -0.980581 0.196116 153.058163 0.000000 0.000000 1.000000
66 67 186.0 0.219512 0.975610 -0.902439 -0.975610 0.219512 147.121951 0.000000 0.000000 1.000000
66 67 154.0 0.141421 0.989949 3.556782 -0.989949 0.141421 168.553824 0.000000 0.000000 1.000000
66 69 216.0 -0.907399 0.420269 294.062127 -0.420269 -0.907399 732.419442 0.000000 0.000000 1.000000
66 69 216.0 -0.901340 0.433112 288.513707 -0.433112 -0.901340 733.392438 0.000000 0.000000 1.000000
66 69 216.0 -0.890906 0.454187 277.878859 -0.454187 -0.890906 736.179047 0.000000 0.000000 1.000000
66 69 197.0 -0.888975 0.457957 275.896404 -0.457957 -0.888975 736.828719 0.000000 0.000000 1.000000
66 69 181.0 -0.906393 0.422436 293.005884 -0.422436 -0.906393 734.350373 0.000000 0.000000 1.000000
66 69 181.0 -0.913009 0.407940 299.646339 -0.407940 -0.913009 731.365730 0.000000 0.000000 1.000000
66 69 101.0 -0.923077 0.384615 309.000000 -0.384615 -0.923077 724.000000 0.000000 0.000000 1.000000
66 73 82.0 0.396251 -0.918142 374.402341 0.918142 0.396251 -273.983966 0.000000 0.000000 1.000000
66 74 228.0 -0.703387 -0.710807 696.309101 0.710807 -0.703387 250.837246 0.000000 0.000000 1.000000
66 74 122.0 -0.747906 -0.663804 691.267666 0.663804 -0.747906 276.561430 0.000000 0.000000 1.000000
66 78 106.0 0.623941 -0.781471 303.017384 0.781471 0.623941 -317.051131 0.000000 0.000000 1.000000
67 70 151.0 -0.961524 0.274721 346.986015 -0.274721 -0.961524 648.934497 0.000000 0.000000 1.000000
67 70 110.0 -0.989699 0.143164 390.818794 -0.143164 -0.989699 620.287046 0.000000 0.000000 1.000000
67 75 117.0 -0.213286 0.976990 46.039779 -0.976990 -0.213286 294.309372 0.000000 0.000000 1.000000
68 69 94.0 0.984183 -0.177153 32.284955 0.177153 0.984183 -267.116022 0.000000 0.000000 1.000000
68 76 277.0 -0.994545 0.104308 571.010916 -0.104308 -0.994545 439.443497 0.000000 0.000000 1.000000
68 76 277.0 -0.992734 0.120331 566.555269 -0.120331 -0.992734 444.473585 0.000000 0.000000 1.000000
68 76 277.0 -0.994327 0.106370 568.972171 -0.106370 -0.994327 440.880074 0.000000 0.000000 1.000000
68 76 277.0 -0.990733 0.135826 564.118297 -0.135826 -0.990733 447.567245 0.000000 0.000000 1.000000
68 76 188.0 -0.996294 0.086011 570.980635 -0.086011 -0.996294 434.942108 0.000000 0.000000 1.000000
68 76 152.0 -0.997054 0.076696 572.064573 -0.076696 -0.997054 433.568256 0.000000 0.000000 1.000000
68 84 168.0 -0.858072 0.513529 334.400197 -0.513529 -0.858072 760.490700 0.000000 0.000000 1.000000
69 75 116.0 -0.933857 -0.357647 329.221677 0.357647 -0.933857 380.442695 0.000000 0.000000 1.000000
69 84 104.0 0.281474 0.959569 132.645040 -0.959569 0.281474 305.768576 0.000000 0.000000 1.000000
70 77 326.0 -0.924481 0.381229 294.459870 -0.381229 -0.924481 332.660393 0.000000 0.000000 1.000000
70 77 304.0 -0.924340 0.381571 294.043115 -0.381571 -0.924340 332.831737 0.000000 0.000000 1.000000
70 77 280.0 -0.930655 0.365898 296.182956 -0.365898 -0.930655 331.729161 0.000000 0.000000 1.000000
70 77 180.0 -0.914461 0.404675 288.034376 -0.404675 -0.914461 332.730660 0.000000 0.000000 1.000000
71 72 218.0 -0.391365 -0.920236 367.338274 0.920236 -0.391365 -101.469710 0.000000 0.000000 1.000000
71 72 189.0 -0.405323 -0.914174 370.607841 0.914174 -0.405323 -95.152158 0.000000 0.000000 1.000000
71 72 98.0 -0.487975 -0.872857 390.716163 0.872857 -0.487975 -78.095692 0.000000 0.000000 1.000000
71 73 224.0 0.913812 -0.406138 205.067453 0.406138 0.913812 88.266063 0.000000 0.000000 1.000000
71 73 222.0 0.919145 -0.393919 201.718334 0.393919 0.919145 87.871933 0.000000 0.000000 1.000000
71 73 215.0 0.900357 -0.435151 212.778544 0.435151 0.900357 84.768593 0.000000 0.000000 1.000000
71 73 203.0 0.894427 -0.447214 215.974383 0.447214 0.894427 86.237785 0.000000 0.000000 1.000000
71 80 187.0 0.958606 -0.284735 185.810295 0.284735 0.958606 -151.219570 0.000000 0.000000 1.000000
71 80 116.0 0.971668 -0.236352 168.491761 0.236352 0.971668 -144.996302 0.000000 0.000000 1.000000
71 80 116.0 0.952671 -0.304003 194.945914 0.304003 0.952671 -154.609167 0.000000 0.000000 1.000000
72 75 188.0 -0.914557 0.404457 218.032209 -0.404457 -0.914557 657.122832 0.000000 0.000000 1.000000
72 75 172.0 -0.907188 0.420725 212.321118 -0.420725 -0.907188 658.310682 0.000000 0.000000 1.000000
72 82 199.0 -0.399850 -0.916580 376.890349 0.916580 -0.399850 38.323628 0.000000 0.000000 1.000000
72 82 172.0 -0.428824 -0.903388 383.296259 0.903388 -0.428824 45.856497 0.000000 0.000000 1.000000
72 82 172.0 -0.431315 -0.902201 382.620796 0.902201 -0.431315 46.187818 0.000000 0.000000 1.000000
72 82 151.0 -0.447214 -0.894427 386.350138 0.894427 -0.447214 51.487008 0.000000 0.000000 1.000000
72 82 142.0 -0.411332 -0.911485 380.621905 0.911485 -0.411332 38.462955 0.000000 0.000000 1.000000
72 82 113.0 -0.371391 -0.928477 367.734927 0.928477 -0.371391 28.133148 0.000000 0.000000 1.000000
72 82 104.0 -0.454470 -0.890762 386.566108 0.890762 -0.454470 53.627332 0.000000 0.000000 1.000000
72 82 98.0 -0.381117 -0.924527 372.726999 0.924527 -0.381117 29.560037 0.000000 0.000000 1.000000
73 76 243.0 -0.666795 -0.745241 708.947037 0.745241 -0.666795 321.117864 0.000000 0.000000 1.000000
73 76 243.0 -0.675725 -0.737154 708.515393 0.737154 -0.675725 325.272150 0.000000 0.000000 1.000000
73 76 217.0 -0.707107 -0.707107 706.571681 0.707107 -0.707107 342.953319 0.000000 0.000000 1.000000
73 76 202.0 -0.709118 -0.705089 703.814755 0.705089 -0.709118 344.242033 0.000000 0.000000 1.000000
73 76 186.0 -0.711521 -0.702664 705.835375 0.702664 -0.711521 346.756313 0.000000 0.000000 1.000000
73 76 186.0 -0.709136 -0.705072 705.885236 0.705072 -0.709136 345.799014 0.000000 0.000000 1.000000
73 77 97.0 0.301131 -0.953583 524.612668 0.953583 0.301131 86.988134 0.000000 0.000000 1.000000
74 75 227.0 -0.661085 0.750311 380.976979 -0.750311 -0.661085 387.970804 0.000000 0.000000 1.000000
74 75 227.0 -0.654064 0.756439 379.224923 -0.756439 -0.654064 388.637647 0.000000 0.000000 1.000000
74 75 200.0 -0.697742 0.716349 394.342121 -0.716349 -0.697742 384.423174 0.000000 0.000000 1.000000
74 75 101.0 -0.642952 0.765907 378.975591 -0.765907 -0.642952 387.400520 0.000000 0.000000 1.000000
74 81 205.0 0.571064 -0.820905 201.493947 0.820905 0.571064 -215.582288 0.000000 0.000000 1.000000
74 81 186.0 0.587228 -0.809422 195.511714 0.809422 0.587228 -215.816541 0.000000 0.000000 1.000000
74 81 128.0 0.554700 -0.832050 208.382089 0.832050 0.554700 -217.618232 0.000000 0.000000 1.000000
75 83 105.0 -0.669720 0.742614 346.056662 -0.742614 -0.669720 523.189042 0.000000 0.000000 1.000000
75 86 84.0 0.543251 -0.839570 290.634022 0.839570 0.543251 90.535058 0.000000 0.000000 1.000000
76 77 146.0 -0.451972 -0.892032 470.844951 0.892032 -0.451972 -161.856678 0.000000 0.000000 1.000000
76 78 291.0 0.908321 -0.418273 -43.163923 0.418273 0.908321 -43.395017 0.000000 0.000000 1.000000
76 78 234.0 0.916363 -0.400349 -48.430674 0.400349 0.916363 -40.531433 0.000000 0.000000 1.000000
76 78 181.0 0.916539 -0.399944 -48.266423 0.399944 0.916539 -41.292392 0.000000 0.000000 1.000000
76 78 152.0 0.915549 -0.402206 -49.076896 0.402206 0.915549 -38.570277 0.000000 0.000000 1.000000
76 78 89.0 -0.880824 0.473443 341.813522 -0.473443 -0.880824 753.900089 0.000000 0.000000 1.000000
77 81 270.0 -0.580352 0.814365 -33.643018 -0.814365 -0.580352 658.579364 0.000000 0.000000 1.000000
77 81 270.0 -0.600000 0.800000 -25.000000 -0.800000 -0.600000 662.000000 0.000000 0.000000 1.000000
77 81 270.0 -0.600000 0.800000 -24.800000 -0.800000 -0.600000 660.600000 0.000000 0.000000 1.000000
77 81 214.0 -0.554700 0.832050 -44.644256 -0.832050 -0.554700 653.330147 0.000000 0.000000 1.000000
77 81 154.0 -0.551622 0.834094 -48.488810 -0.834094 -0.551622 654.045308 0.000000 0.000000 1.000000
77 81 146.0 -0.521450 0.853282 -56.085581 -0.853282 -0.521450 644.336115 0.000000 0.000000 1.000000
77 87 355.0 -0.156082 -0.987744 557.688658 0.987744 -0.156082 166.392616 0.000000 0.000000 1.000000
77 87 286.0 -0.160125 -0.987097 559.110413 0.987097 -0.160125 167.345587 0.000000 0.000000 1.000000
77 87 270.0 -0.154968 -0.987920 558.823858 0.987920 -0.154968 166.824078 0.000000 0.000000 1.000000
77 87 260.0 -0.178419 -0.983955 561.099655 0.983955 -0.178419 172.845777 0.000000 0.000000 1.000000
77 87 230.0 -0.189675 -0.981847 560.974054 0.981847 -0.189675 173.887330 0.000000 0.000000 1.000000
77 87 172.0 -0.180302 -0.983611 558.783846 0.983611 -0.180302 175.835374 0.000000 0.000000 1.000000
77 87 95.0 -0.175213 -0.984531 557.994698 0.984531 -0.175213 175.094894 0.000000 0.000000 1.000000
77 87 95.0 -0.183480 -0.983023 559.552577 0.983023 -0.183480 178.272580 0.000000 0.000000 1.000000
78 79 288.0 -0.477612 0.878571 261.105010 -0.878571 -0.477612 701.398289 0.000000 0.000000 1.000000
78 79 140.0 -0.428086 0.903738 241.914504 -0.903738 -0.428086 701.053440 0.000000 0.000000 1.000000
78 89 186.0 -0.999610 -0.027908 298.989495 0.027908 -0.999610 520.124730 0.000000 0.000000 1.000000
78 89 186.0 -0.999233 -0.039170 302.113220 0.039170 -0.999233 518.238769 0.000000 0.000000 1.000000
78 89 164.0 -0.998498 -0.054796 306.794164 0.054796 -0.998498 515.250392 0.000000 0.000000 1.000000
79 80 109.0 0.634183 0.773183 -284.801018 -0.773183 0.634183 280.994637 0.000000 0.000000 1.000000
79 80 96.0 0.640184 0.768221 -282.980298 -0.768221 0.640184 275.897671 0.000000 0.000000 1.000000
79 80 96.0 0.625450 0.780264 -283.288647 -0.780264 0.625450 286.118311 0.000000 0.000000 1.000000
79 84 114.0 -0.925305 0.379223 286.503493 -0.379223 -0.925305 313.485183 0.000000 0.000000 1.000000
79 84 94.0 -0.954275 0.298930 300.990355 -0.298930 -0.954275 309.554652 0.000000 0.000000 1.000000
79 90 268.0 -0.870884 0.491489 272.688177 -0.491489 -0.870884 345.212077 0.000000 0.000000 1.000000
79 90 217.0 -0.870378 0.492385 274.340831 -0.492385 -0.870378 344.878633 0.000000 0.000000 1.000000
79 90 164.0 -0.851112 0.524985 266.362439 -0.524985 -0.851112 349.064671 0.000000 0.000000 1.000000
80 82 170.0 -0.843661 0.536875 103.459953 -0.536875 -0.843661 372.490765 0.000000 0.000000 1.000000
80 82 153.0 -0.816416 0.577465 91.776351 -0.577465 -0.816416 370.954566 0.000000 0.000000 1.000000
80 82 153.0 -0.824696 0.565577 94.876285 -0.565577 -0.824696 370.538714 0.000000 0.000000 1.000000
80 82 131.0 -0.813733 0.581238 90.898619 -0.581238 -0.813733 369.446346 0.000000 0.000000 1.000000
80 86 139.0 -0.936952 0.349458 426.536351 -0.349458 -0.936952 351.804937 0.000000 0.000000 1.000000
80 86 101.0 -0.945667 0.325136 431.153006 -0.325136 -0.945667 345.602049 0.000000 0.000000 1.000000
80 86 92.0 -0.947341 0.320228 429.532327 -0.320228 -0.947341 347.156155 0.000000 0.000000 1.000000
81 83 85.0 0.782424 -0.622746 174.598040 0.622746 0.782424 -278.346859 0.000000 0.000000 1.000000
81 88 307.0 0.891827 0.452376 -243.174817 -0.452376 0.891827 142.491544 0.000000 0.000000 1.000000
81 88 255.0 0.884414 0.466703 -242.800067 -0.466703 0.884414 148.392782 0.000000 0.000000 1.000000
81 88 159.0 0.903698 0.428171 -239.162591 -0.428171 0.903698 133.819880 0.000000 0.000000 1.000000
81 88 115.0 0.903738 0.428086 -240.049505 -0.428086 0.903738 129.659606 0.000000 0.000000 1.000000
81 88 102.0 0.908570 0.417733 -237.367180 -0.417733 0.908570 128.504034 0.000000 0.000000 1.000000
82 83 148.0 0.747409 0.664364 105.564481 -0.664364 0.747409 244.883852 0.000000 0.000000 1.000000
82 83 126.0 0.780869 0.624695 108.009248 -0.624695 0.780869 231.673251 0.000000 0.000000 1.000000
82 84 286.0 0.735641 -0.677372 185.000904 0.677372 0.735641 75.956079 0.000000 0.000000 1.000000
82 84 254.0 0.723481 -0.690344 186.379374 0.690344 0.723481 75.238997 0.000000 0.000000 1.000000
82 84 224.0 0.725953 -0.687745 185.565544 0.687745 0.725953 74.488192 0.000000 0.000000 1.000000
82 84 211.0 0.759257 -0.650791 176.037098 0.650791 0.759257 76.640909 0.000000 0.000000 1.000000
82 84 139.0 0.770555 -0.637373 171.790835 0.637373 0.770555 75.066241 0.000000 0.000000 1.000000
82 84 129.0 0.752215 -0.658917 176.097920 0.658917 0.752215 75.539190 0.000000 0.000000 1.000000
83 86 135.0 -0.443436 -0.896306 588.170762 0.896306 -0.443436 283.282199 0.000000 0.000000 1.000000
84 85 343.0 -0.234641 0.972082 227.600139 -0.972082 -0.234641 360.146838 0.000000 0.000000 1.000000
84 85 343.0 -0.244533 0.969641 230.460866 -0.969641 -0.244533 360.213358 0.000000 0.000000 1.000000
84 85 343.0 -0.256400 0.966571 232.675539 -0.966571 -0.256400 361.833902 0.000000 0.000000 1.000000
84 85 329.0 -0.236120 0.971724 228.123620 -0.971724 -0.236120 359.517284 0.000000 0.000000 1.000000
84 85 329.0 -0.232275 0.972650 227.570582 -0.972650 -0.232275 359.671751 0.000000 0.000000 1.000000
84 85 292.0 -0.219038 0.975716 223.725358 -0.975716 -0.219038 359.050482 0.000000 0.000000 1.000000
84 85 130.0 -0.190477 0.981692 216.400770 -0.981692 -0.190477 357.946739 0.000000 0.000000 1.000000
84 86 303.0 0.568636 0.822589 -245.917756 -0.822589 0.568636 389.322419 0.000000 0.000000 1.000000
84 86 286.0 0.559630 0.828742 -245.409260 -0.828742 0.559630 394.371170 0.000000 0.000000 1.000000
84 86 192.0 0.601577 0.798815 -249.647092 -0.798815 0.601577 371.651730 0.000000 0.000000 1.000000
85 88 275.0 0.677476 0.735545 -31.929943 -0.735545 0.677476 421.598593 0.000000 0.000000 1.000000
85 88 275.0 0.656781 0.754082 -28.718142 -0.754082 0.656781 428.929472 0.000000 0.000000 1.000000
85 88 275.0 0.685365 0.728200 -32.071421 -0.728200 0.685365 419.290934 0.000000 0.000000 1.000000
85 88 275.0 0.659590 0.751626 -29.141598 -0.751626 0.659590 427.167350 0.000000 0.000000 1.000000
85 88 220.0 0.647648 0.761939 -26.194522 -0.761939 0.647648 432.510817 0.000000 0.000000 1.000000
85 88 220.0 0.645352 0.763886 -25.953205 -0.763886 0.645352 433.254716 0.000000 0.000000 1.000000
85 88 168.0 0.695638 0.718393 -33.230304 -0.718393 0.695638 417.533345 0.000000 0.000000 1.000000
85 88 147.0 0.701140 0.713024 -36.015386 -0.713024 0.701140 410.648423 0.000000 0.000000 1.000000
86 90 271.0 0.533993 -0.845489 62.519109 0.845489 0.533993 -149.736948 0.000000 0.000000 1.000000
86 90 239.0 0.547249 -0.836970 58.004049 0.836970 0.547249 -150.505487 0.000000 0.000000 1.000000
86 90 221.0 0.557964 -0.829865 52.296677 0.829865 0.557964 -149.649766 0.000000 0.000000 1.000000
86 90 165.0 0.519947 -0.854199 66.969544 0.854199 0.519947 -152.329764 0.000000 0.000000 1.000000
86 90 118.0 0.573756 -0.819026 44.592229 0.819026 0.573756 -150.684302 0.000000 0.000000 1.000000
87 88 303.0 -0.270563 -0.962702 647.045256 0.962702 -0.270563 214.801889 0.000000 0.000000 1.000000
87 88 303.0 -0.303204 -0.952926 649.741904 0.952926 -0.303204 226.924650 0.000000 0.000000 1.000000
87 88 290.0 -0.263117 -0.964764 646.018930 0.964764 -0.263117 212.406600 0.000000 0.000000 1.000000
87 88 249.0 -0.263117 -0.964764 645.331440 0.964764 -0.263117 211.265116 0.000000 0.000000 1.000000
87 88 192.0 -0.319990 -0.947421 648.959252 0.947421 -0.319990 230.631507 0.000000 0.000000 1.000000
87 88 162.0 -0.242536 -0.970143 641.501187 0.970143 -0.242536 202.827500 0.000000 0.000000 1.000000
87 88 149.0 -0.229039 -0.973417 640.318746 0.973417 -0.229039 198.379046 0.000000 0.000000 1.000000
87 88 111.0 -0.345705 -0.938343 650.053998 0.938343 -0.345705 238.969172 0.000000 0.000000 1.000000
89 90 234.0 0.082844 0.996563 -141.256176 -0.996563 0.082844 213.076782 0.000000 0.000000 1.000000
89 90 234.0 0.099504 0.995037 -143.441183 -0.995037 0.099504 208.894290 0.000000 0.000000 1.000000
89 90 216.0 0.090536 0.995893 -143.453047 -0.995893 0.090536 210.986558 0.000000 0.000000 1.000000
