1 
1 0 652.199690  0 1 651.802116  0 0 1
2 
0.342020 0.939693 736.374981  -0.939693 0.342020 881.915061  0 0 1
3 
0.309017 -0.951057 1171.994457  0.951057 0.309017 598.547459  0 0 1
4 
-0.788011 0.615661 753.531644  -0.615661 -0.788011 1221.936587  0 0 1
5 
0.874620 0.484810 737.352769  -0.484810 0.874620 945.492198  0 0 1
6 
-0.754710 -0.656059 1331.211621  0.656059 -0.754710 1090.106613  0 0 1
7 
-0.642788 -0.766044 986.213067  0.766044 -0.642788 1183.024258  0 0 1
8 
-0.104528 -0.994522 1053.340823  0.994522 -0.104528 1089.030446  0 0 1
9 
0.669131 0.743145 877.984313  -0.743145 0.669131 1253.343241  0 0 1
