1 
1 0 652.353438  0 1 651.531532  0 0 1
2 
-0.998630 -0.052336 1042.247850  0.052336 -0.998630 956.532390  0 0 1
3 
0.920505 -0.390731 1021.092804  0.390731 0.920505 584.794507  0 0 1
4 
0.998630 0.052336 800.146422  -0.052336 0.998630 891.489639  0 0 1
5 
0.992546 -0.121869 654.776785  0.121869 0.992546 890.109171  0 0 1
6 
0.358368 -0.933580 1156.551127  0.933580 0.358368 848.334895  0 0 1
7 
-0.390731 0.920505 969.721252  -0.920505 -0.390731 1452.249267  0 0 1
8 
1 0 788  0 1 1085  0 0 1
9 
-0.866025 0.500000 796.830244  -0.500000 -0.866025 1438.761394  0 0 1
