4 5 236 -0.8509876353377291 0.5251862497612639 288.09539305244425 -0.5251862497612637 -0.8509876353377293 453.0137101297292 0 0 1
3 4 217.0 -0.274107 0.961699 93.358632 -0.961699 -0.274107 170.255427 0 0 1
0 3 214.0 0.386138 -0.922441 176.512188 0.922441 0.386138 160.041371 0 0 1
1 4 175 0.46522470099404245 -0.8851928530399483 44.951131332121115 0.8851928530399484 0.4652247009940426 -122.93614032167125 0 0 1
2 5 232.0 -0.894427 -0.447214 380.364846 0.447214 -0.894427 448.875224 0 0 1
4 6 231.0 0.438769 0.8986 -170.086565 -0.8986 0.438769 430.327705 0 0 1
0 1 208 -0.18998387067451739 0.9817869805230299 183.6406754468187 -0.9817869805230297 -0.18998387067451744 333.59477621720725 0 0 1
6 7 337 -0.0033180627939020644 -0.9999944952144967 281.41243840276127 0.9999944952144965 -0.0033180627939022114 169.36420015006826 0 0 1
6 8 411 -0.0904062943706621 -0.9959053443310587 349.32236397687853 0.9959053443310589 -0.09040629437066218 -149.05857465879183 0 0 1
1 2 293 -0.5182997381527605 -0.8551989029242143 356.1458386895493 0.8551989029242142 -0.5182997381527604 244.77767670308796 0 0 1
5 7 215 -0.9961356435669126 -0.08783159966967129 259.92861135637116 0.08783159966967129 -0.9961356435669125 80.63905871756192 0 0 1
3 8 281 0.2512429996231225 0.9679241785586179 184.77786319180285 -0.967924178558618 0.2512429996231225 305.54122366247555 0 0 1
