Node 0
Node 1
Node 2
Node 3
Node 4
Node 5
Node 6
Node 7
Node 8
0 1 150.0 -0.178885 0.983870 180.941363 -0.983870 -0.178885 333.317183 0.000000 0.000000 1.000000
0 1 150.0 -0.189337 0.981912 183.372006 -0.981912 -0.189337 333.617039 0.000000 0.000000 1.000000
0 1 132.0 -0.198360 0.980129 185.562616 -0.980129 -0.198360 331.249416 0.000000 0.000000 1.000000
0 1 109.0 -0.202450 0.979293 185.869589 -0.979293 -0.202450 336.064976 0.000000 0.000000 1.000000
0 1 109.0 -0.144799 0.989461 173.817319 -0.989461 -0.144799 334.043277 0.000000 0.000000 1.000000
0 3 214.0 0.386138 -0.922441 176.512188 0.922441 0.386138 160.041371 0.000000 0.000000 1.000000
0 3 194.0 0.402348 -0.915487 173.379589 0.915487 0.402348 159.070097 0.000000 0.000000 1.000000
0 3 186.0 0.371391 -0.928477 177.191256 0.928477 0.371391 160.563718 0.000000 0.000000 1.000000
0 3 184.0 0.393919 -0.919145 173.625670 0.919145 0.393919 160.301841 0.000000 0.000000 1.000000
0 3 147.0 0.422885 -0.906183 173.500349 0.906183 0.422885 159.304921 0.000000 0.000000 1.000000
1 2 216.0 -0.518156 -0.855286 355.047345 0.855286 -0.518156 244.862412 0.000000 0.000000 1.000000
1 2 197.0 -0.528302 -0.849057 354.150943 0.849057 -0.528302 248.471698 0.000000 0.000000 1.000000
1 4 165.0 0.447214 -0.894427 49.682587 0.894427 0.447214 -124.375919 0.000000 0.000000 1.000000
1 4 152.0 0.467888 -0.883788 43.444933 0.883788 0.467888 -122.046316 0.000000 0.000000 1.000000
1 4 122.0 0.507020 -0.861934 34.920442 0.861934 0.507020 -122.443770 0.000000 0.000000 1.000000
2 5 232.0 -0.894427 -0.447214 380.364846 0.447214 -0.894427 448.875224 0.000000 0.000000 1.000000
2 5 177.0 -0.899981 -0.435928 381.227922 0.435928 -0.899981 451.557917 0.000000 0.000000 1.000000
3 4 217.0 -0.274107 0.961699 93.358632 -0.961699 -0.274107 170.255427 0.000000 0.000000 1.000000
3 4 150.0 -0.294086 0.955779 96.750351 -0.955779 -0.294086 176.298195 0.000000 0.000000 1.000000
3 4 148.0 -0.304296 0.952578 97.864657 -0.952578 -0.304296 176.507855 0.000000 0.000000 1.000000
3 4 107.0 -0.202959 0.979187 86.232844 -0.979187 -0.202959 166.434843 0.000000 0.000000 1.000000
3 4 103.0 -0.231314 0.972879 87.271532 -0.972879 -0.231314 170.244273 0.000000 0.000000 1.000000
3 8 170.0 0.286442 0.958098 179.343632 -0.958098 0.286442 302.947992 0.000000 0.000000 1.000000
3 8 170.0 0.250383 0.968147 184.483314 -0.968147 0.250383 306.493559 0.000000 0.000000 1.000000
3 8 159.0 0.231621 0.972806 185.982535 -0.972806 0.231621 306.720782 0.000000 0.000000 1.000000
4 5 168.0 -0.848470 0.529244 287.627320 -0.529244 -0.848470 452.399275 0.000000 0.000000 1.000000
4 5 159.0 -0.855732 0.517419 290.883968 -0.517419 -0.855732 451.985551 0.000000 0.000000 1.000000
4 6 231.0 0.438769 0.898600 -170.086565 -0.898600 0.438769 430.327705 0.000000 0.000000 1.000000
4 6 220.0 0.406138 0.913812 -162.689593 -0.913812 0.406138 438.456456 0.000000 0.000000 1.000000
4 6 189.0 0.407538 0.913188 -164.134511 -0.913188 0.407538 439.830676 0.000000 0.000000 1.000000
4 6 189.0 0.401216 0.915984 -162.490778 -0.915984 0.401216 438.938808 0.000000 0.000000 1.000000
4 6 124.0 0.457015 0.889459 -174.466636 -0.889459 0.457015 425.849613 0.000000 0.000000 1.000000
4 6 109.0 0.449144 0.893459 -169.659237 -0.893459 0.449144 425.339523 0.000000 0.000000 1.000000
5 7 115.0 -0.995741 -0.092198 259.536953 0.092198 -0.995741 80.177071 0.000000 0.000000 1.000000
6 7 155.0 0.000000 -1.000000 283.000000 1.000000 0.000000 169.000000 0.000000 0.000000 1.000000
6 7 108.0 0.000000 -1.000000 282.000000 1.000000 0.000000 169.000000 0.000000 0.000000 1.000000
6 8 235.0 -0.089075 -0.996025 349.354872 0.996025 -0.089075 -148.984272 0.000000 0.000000 1.000000
6 8 235.0 -0.079745 -0.996815 347.645476 0.996815 -0.079745 -151.261718 0.000000 0.000000 1.000000
6 8 234.0 -0.088540 -0.996073 349.993004 0.996073 -0.088540 -149.185073 0.000000 0.000000 1.000000
6 8 228.0 -0.094108 -0.995562 349.334812 0.995562 -0.094108 -148.290673 0.000000 0.000000 1.000000
6 8 228.0 -0.102899 -0.994692 350.916304 0.994692 -0.102899 -147.730724 0.000000 0.000000 1.000000
6 8 228.0 -0.100552 -0.994932 350.053260 0.994932 -0.100552 -147.953916 0.000000 0.000000 1.000000
6 8 105.0 -0.139331 -0.990246 358.416287 0.990246 -0.139331 -143.759443 0.000000 0.000000 1.000000
