1 
1 0 652.089275  0 1 651.862743  0 0 1
2 
-0.707107 -0.707107 1133.476687  0.707107 -0.707107 766.154367  0 0 1
3 
0.694658 0.719340 872.681481  -0.719340 0.694658 787.450000  0 0 1
4 
-0.190809 0.981627 675.623739  -0.981627 -0.190809 1242.333605  0 0 1
5 
0.999848 0.017452 851.851364  -0.017452 0.999848 815.418200  0 0 1
6 
-0.139173 0.990268 947.325380  -0.990268 -0.139173 1213.864692  0 0 1
7 
0.358368 0.933580 570.434314  -0.933580 0.358368 1325.172704  0 0 1
8 
-0.974370 0.224951 1180.951740  -0.224951 -0.974370 1406.329268  0 0 1
9 
-0.601815 -0.798636 1094.528291  0.798636 -0.601815 1246.120591  0 0 1
