1 
1 0 1631.983298  0 1 1632.360060  0 0 1
2 
0.587785 -0.809017 1845.039225  0.809017 0.587785 1572.309750  0 0 1
3 
0.694658 0.719340 1750.715426  -0.719340 0.694658 1754.849241  0 0 1
4 
-0.961262 -0.275637 2177.037685  0.275637 -0.961262 1843.128868  0 0 1
5 
0.173648 0.984808 2046.072187  -0.984808 0.173648 1846.708937  0 0 1
6 
0.573576 -0.819152 2288.923594  0.819152 0.573576 1571.702236  0 0 1
7 
-0.990268 0.139173 2445.329972  -0.139173 -0.990268 1871.407136  0 0 1
8 
-0.766044 -0.642788 2652.539802  0.642788 -0.766044 1742.331244  0 0 1
9 
0.984808 0.173648 2497.651398  -0.173648 0.984808 1640.585529  0 0 1
10 
-0.453990 -0.891007 2851.842351  0.891007 -0.453990 1670.196625  0 0 1
11 
-0.342020 0.939693 2656.541372  -0.939693 -0.342020 2023.389113  0 0 1
12 
0.956305 -0.292372 2544.382423  0.292372 0.956305 1745.204606  0 0 1
13 
0.920505 0.390731 2369.855233  -0.390731 0.920505 1824.586026  0 0 1
14 
-0.819152 -0.573576 1859.109441  0.573576 -0.819152 1920.255334  0 0 1
15 
-0.898794 0.438371 2434.637917  -0.438371 -0.898794 2026.155733  0 0 1
16 
0.052336 0.998630 1722.003179  -0.998630 0.052336 1998.500712  0 0 1
17 
0.515038 -0.857167 2189.631376  0.857167 0.515038 1767.677461  0 0 1
18 
-0.777146 -0.629320 2415.998901  0.629320 -0.777146 1910.236993  0 0 1
19 
-0.866025 0.500000 1957.531708  -0.500000 -0.866025 2051.916642  0 0 1
20 
-1 0 2133.227783  0 -1 2001.550049  0 0 1
21 
-0.656059 0.754710 2493.796964  -0.754710 -0.656059 2192.984996  0 0 1
22 
0.642788 0.766044 2433.771382  -0.766044 0.642788 2047.661460  0 0 1
23 
0.453990 -0.891007 2320.196779  0.891007 0.453990 1888.034634  0 0 1
24 
0.275637 0.961262 2265.879119  -0.961262 0.275637 2113.062674  0 0 1
25 
-0.974370 0.224951 2777.988635  -0.224951 -0.974370 2177.470381  0 0 1
26 
-0.601815 -0.798636 2326.268703  0.798636 -0.601815 2014.384028  0 0 1
27 
-0.601815 -0.798636 2085.838816  0.798636 -0.601815 2021.572874  0 0 1
28 
0.898794 -0.438371 1994.353832  0.438371 0.898794 1899.623316  0 0 1
29 
-0.798636 0.601815 1723.440102  -0.601815 -0.798636 2226.370328  0 0 1
30 
0.829038 0.559193 1640.269907  -0.559193 0.829038 2023.046667  0 0 1
31 
0.406737 0.913545 2007.398459  -0.913545 0.406737 2297.125687  0 0 1
32 
0.484810 -0.874620 2433.971899  0.874620 0.484810 2037.986942  0 0 1
33 
0.906308 -0.422618 1999.741969  0.422618 0.906308 2037.203870  0 0 1
34 
-0.777146 -0.629320 2460.943535  0.629320 -0.777146 2234.717933  0 0 1
35 
0.788011 -0.615661 2486.243353  0.615661 0.788011 2045.110433  0 0 1
36 
0.573576 -0.819152 2614.888446  0.819152 0.573576 2049.058788  0 0 1
37 
-0.838671 0.544639 2745.763811  -0.544639 -0.838671 2383.118345  0 0 1
38 
-0.453990 -0.891007 2084.293146  0.891007 -0.453990 2167.824853  0 0 1
39 
-0.788011 0.615661 1826.493793  -0.615661 -0.788011 2404.260585  0 0 1
40 
-0.559193 0.829038 1683.891916  -0.829038 -0.559193 2401.688706  0 0 1
41 
-0.970296 0.241922 2773.775550  -0.241922 -0.970296 2505.208041  0 0 1
42 
-0.224951 0.974370 2560.229524  -0.974370 -0.224951 2496.537983  0 0 1
43 
0.829038 -0.559193 2489.604589  0.559193 0.829038 2232.335521  0 0 1
44 
0.819152 0.573576 2226.104385  -0.573576 0.819152 2367.237328  0 0 1
45 
0.939693 0.342020 1684.360332  -0.342020 0.939693 2333.533676  0 0 1
46 
-0.484810 -0.874620 2061.322968  0.874620 -0.484810 2352.944735  0 0 1
47 
-0.544639 -0.838671 2413.912222  0.838671 -0.544639 2352.483607  0 0 1
48 
-0.848048 -0.529919 1848.624976  0.529919 -0.848048 2435.929135  0 0 1
49 
0.453990 0.891007 1901.793299  -0.891007 0.453990 2439.994774  0 0 1
50 
0.981627 0.190809 2075.840815  -0.190809 0.981627 2312.960605  0 0 1
51 
-0.956305 -0.292372 2855.184714  0.292372 -0.956305 2641.520575  0 0 1
52 
-0.190809 0.981627 2556.149963  -0.981627 -0.190809 2667.986625  0 0 1
53 
-0.325568 0.945519 2313.925484  -0.945519 -0.325568 2706.132099  0 0 1
54 
0.224951 -0.974370 2581.037556  0.974370 0.224951 2408.696827  0 0 1
55 
-0.965926 -0.258819 2292.956735  0.258819 -0.965926 2652.622773  0 0 1
56 
0.874620 -0.484810 1778.380288  0.484810 0.874620 2387.478844  0 0 1
57 
-0.798636 -0.601815 2096.939675  0.601815 -0.798636 2580.251895  0 0 1
58 
-0.390731 -0.920505 2207.603250  0.920505 -0.390731 2474.174463  0 0 1
59 
0.891007 0.453990 2125.646127  -0.453990 0.891007 2491.387664  0 0 1
60 
-0.484810 -0.874620 1853.465667  0.874620 -0.484810 2503.269121  0 0 1
61 
0.927184 -0.374607 2569.976421  0.374607 0.927184 2578.855923  0 0 1
62 
0.087156 0.996195 2605.136625  -0.996195 0.087156 2814.150325  0 0 1
63 
0.615661 -0.788011 2423.357368  0.788011 0.615661 2537.566237  0 0 1
64 
0.981627 -0.190809 2459.948661  0.190809 0.981627 2590.449252  0 0 1
65 
0.069756 0.997564 2197.760217  -0.997564 0.069756 2784.542531  0 0 1
66 
0.069756 -0.997564 1770.697907  0.997564 0.069756 2614.129981  0 0 1
67 
-0.866025 -0.500000 2048.538381  0.500000 -0.866025 2747.477824  0 0 1
68 
0.325568 -0.945519 1866.166398  0.945519 0.325568 2588.843352  0 0 1
69 
0.559193 -0.829038 2073.546517  0.829038 0.559193 2559.023038  0 0 1
70 
0.906308 -0.422618 2122.866058  0.422618 0.906308 2577.737412  0 0 1
71 
-0.819152 0.573576 2220.645041  -0.573576 -0.819152 3066.756038  0 0 1
72 
-0.515038 0.857167 1999.014771  -0.857167 -0.515038 3082.441452  0 0 1
73 
0.190809 0.981627 2162.818799  -0.981627 0.190809 3003.497688  0 0 1
74 
-0.913545 -0.406737 2584.707743  0.406737 -0.913545 2986.400455  0 0 1
75 
-0.500000 -0.866025 2704.622626  0.866025 -0.500000 2835.137665  0 0 1
76 
-0.342020 -0.939693 2053.063168  0.939693 -0.342020 2786.182697  0 0 1
77 
-0.121869 0.992546 2562.470617  -0.992546 -0.121869 3039.933364  0 0 1
78 
0.121869 -0.992546 2784.978174  0.992546 0.121869 2752.799752  0 0 1
79 
-0.974370 0.224951 1759.413062  -0.224951 -0.974370 3019.863741  0 0 1
80 
-0.681998 -0.731354 1973.820168  0.731354 -0.681998 2880.170065  0 0 1
81 
-0.707107 -0.707107 1855.091722  0.707107 -0.707107 3060.984929  0 0 1
82 
-0.992546 0.121869 2144.289955  -0.121869 -0.992546 3183.975980  0 0 1
83 
-0.292372 0.956305 2126.324879  -0.956305 -0.292372 3212.062553  0 0 1
84 
0.529919 0.848048 1650.209387  -0.848048 0.529919 3101.232647  0 0 1
85 
0.342020 0.939693 1772.681541  -0.939693 0.342020 3136.222830  0 0 1
86 
0.438371 -0.898794 2307.034286  0.898794 0.438371 2947.313677  0 0 1
87 
0.719340 0.694658 2522.878013  -0.694658 0.719340 3088.083483  0 0 1
88 
0.601815 -0.798636 2423.290622  0.798636 0.601815 2896.489835  0 0 1
89 
-0.939693 -0.342020 2655.893926  0.342020 -0.939693 3160.385757  0 0 1
90 
0.087156 -0.996195 2647.684783  0.996195 0.087156 2983.643591  0 0 1
91 
-0.965926 0.258819 2136.840328  -0.258819 -0.965926 3373.982784  0 0 1
92 
0.500000 0.866025 1651.287709  -0.866025 0.500000 3268.137963  0 0 1
93 
0.987688 -0.156434 1638.281609  0.156434 0.987688 3102.951160  0 0 1
94 
-0.224951 0.974370 2126.262815  -0.974370 -0.224951 3353.634879  0 0 1
95 
-0.987688 0.156434 1965.689026  -0.156434 -0.987688 3339.364083  0 0 1
96 
-0.990268 0.139173 2322.786533  -0.139173 -0.990268 3332.995169  0 0 1
97 
0.642788 0.766044 2214.951469  -0.766044 0.642788 3251.864377  0 0 1
98 
-0.939693 -0.342020 2650.494523  0.342020 -0.939693 3296.947456  0 0 1
99 
0.809017 0.587785 2484.971429  -0.587785 0.809017 3214.662946  0 0 1
100 
-0.156434 -0.987688 2812.762670  0.987688 -0.156434 3167.065277  0 0 1
