1 
1 0 651.668864  0 1 652.437700  0 0 1
2 
0.987688 0.156434 756.637612  -0.156434 0.987688 664.906796  0 0 1
3 
0.913545 0.406737 898.268661  -0.406737 0.913545 697.431079  0 0 1
4 
0.559193 0.829038 855.302814  -0.829038 0.559193 1057.512726  0 0 1
5 
0.438371 0.898794 704.736022  -0.898794 0.438371 1104.271281  0 0 1
6 
0.034899 -0.999391 859.910425  0.999391 0.034899 851.799053  0 0 1
7 
-0.766044 0.642788 805.878684  -0.642788 -0.766044 1481.238485  0 0 1
8 
-0.998630 -0.052336 1096.398682  0.052336 -0.998630 1360.690772  0 0 1
9 
0.156434 0.987688 1009.119940  -0.987688 0.156434 1355.115364  0 0 1
