0	28	0.7821704745292664	0
0.513242 -0.858244 -6.096051
0.858244 0.513242 57.992016
0 0 1
1	20	0.8725034594535828	0
0.961526 0.274714 160.684184
-0.274714 0.961526 66.151822
0 0 1
1	27	0.20440544188022614	0
0.962639 0.270788 16.350754
-0.270788 0.962639 177.826137
0 0 1
2	7	0.36166343092918396	0
-0.992025 0.12604 215.346999
-0.12604 -0.992025 245.137436
0 0 1
2	26	0.16439253091812134	0
-0.997326 0.073083 248.177706
-0.073083 -0.997326 238.980933
0 0 1
7	21	0.43479111790657043	0
0.997941 0.064132 -34.2952
-0.064132 0.997941 137.874785
0 0 1
8	10	0.15451885759830475	0
-0.951512 0.307612 332.659817
-0.307612 -0.951512 343.467987
0 0 1
23	29	0.10432804375886917	0
-0.975429 -0.220316 377.292657
0.220316 -0.975429 -2.397945
0 0 1
25	30	0.21789786219596863	0
0.792767 0.609524 34.380963
-0.609524 0.792767 -9.799911
0 0 1
