1 
1 0 652.025648  0 1 652.362645  0 0 1
2 
0.358368 0.933580 730.481040  -0.933580 0.358368 892.190548  0 0 1
3 
-0.984808 0.173648 1179.173109  -0.173648 -0.984808 986.052508  0 0 1
4 
-0.920505 -0.390731 956.733570  0.390731 -0.920505 1098.464905  0 0 1
5 
0.970296 -0.241922 1022.690036  0.241922 0.970296 837.659008  0 0 1
6 
0.996195 -0.087156 843.913259  0.087156 0.996195 886.188085  0 0 1
7 
0.275637 0.961262 916.396507  -0.961262 0.275637 1334.254844  0 0 1
8 
0.994522 -0.104528 868.992337  0.104528 0.994522 1064.825023  0 0 1
9 
0.258819 0.965926 593.526513  -0.965926 0.258819 1342.580215  0 0 1
