1 
1 0 652.460135  0 1 651.988103  0 0 1
2 
0.309017 0.951057 756.810549  -0.951057 0.309017 859.373624  0 0 1
3 
0.390731 0.920505 908.092207  -0.920505 0.390731 868.607391  0 0 1
4 
0.469472 0.882948 549.557515  -0.882948 0.469472 1084.572109  0 0 1
5 
0.974370 -0.224951 1007.197481  0.224951 0.974370 793.720197  0 0 1
6 
0.933580 -0.358368 855.495809  0.358368 0.933580 812.670682  0 0 1
7 
-0.933580 -0.358368 919.425767  0.358368 -0.933580 1326.913139  0 0 1
8 
-0.052336 -0.998630 1206.361916  0.998630 -0.052336 1123.441122  0 0 1
9 
-0.190809 0.981627 808.781710  -0.981627 -0.190809 1386.511473  0 0 1
