Node 0
Node 1
Node 2
Node 3
Node 4
Node 5
Node 6
Node 7
Node 8
Node 9
Node 10
Node 11
Node 12
Node 13
Node 14
Node 15
Node 16
Node 17
Node 18
Node 19
Node 20
Node 21
Node 22
Node 23
Node 24
Node 25
Node 26
Node 27
Node 28
Node 29
Node 30
Node 31
Node 32
Node 33
Node 34
Node 35
0 1 286 -0.637568 0.770394 308.689455 -0.770394 -0.637568 470.854407 0.000000 0.000000 1.000000 line
0 1 340 -0.628287 0.777982 303.448460 -0.777982 -0.628287 471.264283 0.000000 0.000000 1.000000 line
0 1 340 -0.630154 0.776470 304.367790 -0.776470 -0.630154 471.340019 0.000000 0.000000 1.000000 line
0 1 256 -0.648466 0.761243 312.086641 -0.761243 -0.648466 469.548178 0.000000 0.000000 1.000000 line
4 5 203 -0.996376 0.085056 570.375744 -0.085056 -0.996376 307.512913 0.000000 0.000000 1.000000 line
0 1 165 -0.600000 0.800000 292.400000 -0.800000 -0.600000 472.200000 0.000000 0.000000 1.000000 line
0 9 101 -0.912509 -0.409056 583.048636 0.409056 -0.912509 381.778139 0.000000 0.000000 1.000000 line
1 17 107 0.834862 0.550459 -295.266055 -0.550459 0.834862 370.779817 0.000000 0.000000 1.000000 line
0 1 340 -0.622641 0.782508 301.231048 -0.782508 -0.622641 471.322795 0.000000 0.000000 1.000000 line
4 5 227 -0.996270 0.086291 569.098486 -0.086291 -0.996270 306.398311 0.000000 0.000000 1.000000 line
0 1 340 -0.633238 0.773957 305.050617 -0.773957 -0.633238 469.902247 0.000000 0.000000 1.000000 line
4 5 104 -0.999253 0.038645 575.579966 -0.038645 -0.999253 294.531133 0.000000 0.000000 1.000000 line
0 1 308 -0.640184 0.768221 307.022074 -0.768221 -0.640184 469.776634 0.000000 0.000000 1.000000 line
3 32 103 -0.955157 0.296099 452.917121 -0.296099 -0.955157 561.868332 0.000000 0.000000 1.000000 line
2 6 102 -0.752997 -0.658024 395.942061 0.658024 -0.752997 455.977948 0.000000 0.000000 1.000000 line
2 10 117 -0.293591 0.955931 -184.507274 -0.955931 -0.293591 454.800930 0.000000 0.000000 1.000000 line
3 32 101 0.828338 -0.560229 412.921671 0.560229 0.828338 -27.076173 0.000000 0.000000 1.000000 line
2 10 388 -0.253818 0.967252 -190.750325 -0.967252 -0.253818 444.833620 0.000000 0.000000 1.000000 line
0 1 124 -0.608901 0.793247 299.648254 -0.793247 -0.608901 473.848922 0.000000 0.000000 1.000000 line
4 5 177 -0.994757 0.102265 568.583488 -0.102265 -0.994757 310.165087 0.000000 0.000000 1.000000 line
2 10 199 -0.231353 0.972870 -195.126110 -0.972870 -0.231353 439.151685 0.000000 0.000000 1.000000 line
4 5 117 -0.994165 0.107871 567.650817 -0.107871 -0.994165 309.874343 0.000000 0.000000 1.000000 line
2 4 109 -0.316228 -0.948683 502.937087 0.948683 -0.316228 312.995161 0.000000 0.000000 1.000000 line
2 10 370 -0.263117 0.964764 -189.140794 -0.964764 -0.263117 445.741347 0.000000 0.000000 1.000000 line
2 14 108 0.997731 0.067332 -429.689942 -0.067332 0.997731 198.014083 0.000000 0.000000 1.000000 line
2 10 169 -0.223144 0.974786 -199.626762 -0.974786 -0.223144 437.295021 0.000000 0.000000 1.000000 line
2 10 141 -0.212883 0.977078 -203.075610 -0.977078 -0.212883 435.299517 0.000000 0.000000 1.000000 line
2 20 120 0.599022 0.800733 -430.370686 -0.800733 0.599022 206.057378 0.000000 0.000000 1.000000 line
2 10 324 -0.234641 0.972082 -197.185070 -0.972082 -0.234641 440.023915 0.000000 0.000000 1.000000 line
1 7 119 0.903738 -0.428086 -102.690921 0.428086 0.903738 -238.608403 0.000000 0.000000 1.000000 line
3 11 142 0.998358 -0.057283 141.474803 0.057283 0.998358 -195.193591 0.000000 0.000000 1.000000 line
3 11 157 0.997880 -0.065079 144.420544 0.065079 0.997880 -196.248609 0.000000 0.000000 1.000000 line
3 11 221 0.999056 -0.043437 138.849827 0.043437 0.999056 -195.327780 0.000000 0.000000 1.000000 line
3 11 221 0.999080 -0.042897 138.342291 0.042897 0.999080 -195.773578 0.000000 0.000000 1.000000 line
3 32 116 -0.874157 0.485643 15.650940 -0.485643 -0.874157 401.046307 0.000000 0.000000 1.000000 line
3 11 221 0.999322 -0.036817 136.794792 0.036817 0.999322 -195.245591 0.000000 0.000000 1.000000 line
3 11 168 0.999379 -0.035235 137.352756 0.035235 0.999379 -194.221171 0.000000 0.000000 1.000000 line
2 10 160 -0.300598 0.953751 -175.570704 -0.953751 -0.300598 453.747088 0.000000 0.000000 1.000000 line
1 5 108 0.999952 0.009836 -87.467763 -0.009836 0.999952 244.385861 0.000000 0.000000 1.000000 line
4 13 116 -0.998460 -0.055470 627.387114 0.055470 -0.998460 743.029723 0.000000 0.000000 1.000000 line
4 9 218 -0.998568 0.053495 535.160074 -0.053495 -0.998568 697.761757 0.000000 0.000000 1.000000 line
2 10 124 -0.207090 0.978322 -208.468893 -0.978322 -0.207090 433.686315 0.000000 0.000000 1.000000 line
1 7 187 0.915411 -0.402521 -116.278075 0.402521 0.915411 -234.890080 0.000000 0.000000 1.000000 line
2 10 158 -0.211240 0.977434 -207.373284 -0.977434 -0.211240 434.599523 0.000000 0.000000 1.000000 line
4 9 218 -0.998562 0.053614 535.397455 -0.053614 -0.998562 697.497479 0.000000 0.000000 1.000000 line
1 13 103 -0.063032 0.998011 -146.568605 -0.998011 -0.063032 777.469969 0.000000 0.000000 1.000000 line
1 7 156 0.916157 -0.400819 -118.121100 0.400819 0.916157 -234.655126 0.000000 0.000000 1.000000 line
2 10 376 -0.250962 0.967997 -192.726385 -0.967997 -0.250962 444.145589 0.000000 0.000000 1.000000 line
1 2 106 0.423384 -0.905950 398.748378 0.905950 0.423384 -281.407686 0.000000 0.000000 1.000000 line
4 9 218 -0.997824 0.065935 531.190598 -0.065935 -0.997824 700.018010 0.000000 0.000000 1.000000 line
2 3 231 -0.396481 0.918043 87.220163 -0.918043 -0.396481 671.867202 0.000000 0.000000 1.000000 line
2 3 289 -0.379825 0.925058 79.644726 -0.925058 -0.379825 668.097027 0.000000 0.000000 1.000000 line
4 31 140 0.157115 0.987580 168.699638 -0.987580 0.157115 568.896420 0.000000 0.000000 1.000000 line
4 9 139 -0.999635 0.027017 544.338282 -0.027017 -0.999635 688.563910 0.000000 0.000000 1.000000 line
4 13 106 -0.986585 -0.163248 667.610633 0.163248 -0.986585 698.710931 0.000000 0.000000 1.000000 line
4 9 145 -0.997054 0.076696 529.285939 -0.076696 -0.997054 703.861106 0.000000 0.000000 1.000000 line
2 3 191 -0.382352 0.924017 76.973673 -0.924017 -0.382352 669.406973 0.000000 0.000000 1.000000 line
4 9 113 -0.999483 0.032162 541.451511 -0.032162 -0.999483 690.374010 0.000000 0.000000 1.000000 line
1 7 216 0.936167 -0.351556 -132.996020 0.351556 0.936167 -222.711610 0.000000 0.000000 1.000000 line
1 7 147 0.907959 -0.419058 -109.103014 0.419058 0.907959 -242.463642 0.000000 0.000000 1.000000 line
3 4 398 -0.625325 0.780364 -81.766585 -0.780364 -0.625325 460.162072 0.000000 0.000000 1.000000 line
1 7 132 0.463651 0.886018 -155.369427 -0.886018 0.463651 44.145135 0.000000 0.000000 1.000000 line
2 3 231 -0.382352 0.924017 81.804265 -0.924017 -0.382352 669.490381 0.000000 0.000000 1.000000 line
1 34 174 -0.580374 -0.814350 658.129677 0.814350 -0.580374 446.157695 0.000000 0.000000 1.000000 line
2 7 118 0.953073 0.302741 -370.790214 -0.302741 0.953073 78.075594 0.000000 0.000000 1.000000 line
3 4 305 -0.616882 0.787056 -83.686132 -0.787056 -0.616882 457.157960 0.000000 0.000000 1.000000 line
1 2 160 0.750825 -0.660501 -2.231458 0.660501 0.750825 147.164902 0.000000 0.000000 1.000000 line
2 3 165 -0.404506 0.914535 63.477266 -0.914535 -0.404506 674.284622 0.000000 0.000000 1.000000 line
2 3 121 0.304776 -0.952424 272.832646 0.952424 0.304776 165.059458 0.000000 0.000000 1.000000 line
2 21 105 -0.996546 0.083045 62.740645 -0.083045 -0.996546 377.672063 0.000000 0.000000 1.000000 line
2 21 103 -0.997459 -0.071247 101.262298 0.071247 -0.997459 465.906561 0.000000 0.000000 1.000000 line
4 35 105 -0.955624 -0.294591 222.362131 0.294591 -0.955624 502.695706 0.000000 0.000000 1.000000 line
0 8 143 -0.093209 -0.995647 264.857126 0.995647 -0.093209 300.712445 0.000000 0.000000 1.000000 line
3 4 374 -0.632930 0.774209 -79.098150 -0.774209 -0.632930 460.562028 0.000000 0.000000 1.000000 line
0 8 143 -0.146549 -0.989203 267.572556 0.989203 -0.146549 307.138942 0.000000 0.000000 1.000000 line
0 8 163 -0.074933 -0.997189 262.786779 0.997189 -0.074933 296.091995 0.000000 0.000000 1.000000 line
5 33 111 0.859855 -0.510539 -77.432425 0.510539 0.859855 -400.262964 0.000000 0.000000 1.000000 line
2 3 192 -0.367057 0.930199 72.864374 -0.930199 -0.367057 669.868662 0.000000 0.000000 1.000000 line
2 3 209 -0.402739 0.915315 87.237982 -0.915315 -0.402739 670.677875 0.000000 0.000000 1.000000 line
0 8 139 -0.076696 -0.997054 263.710206 0.997054 -0.076696 295.815340 0.000000 0.000000 1.000000 line
0 8 163 -0.117710 -0.993048 266.271974 0.993048 -0.117710 303.372480 0.000000 0.000000 1.000000 line
1 2 239 0.723110 -0.690732 6.345110 0.690732 0.723110 141.086149 0.000000 0.000000 1.000000 line
2 9 118 0.569210 0.822192 -10.339629 -0.822192 0.569210 -69.041861 0.000000 0.000000 1.000000 line
1 2 101 0.696885 -0.717183 11.929297 0.717183 0.696885 138.334795 0.000000 0.000000 1.000000 line
2 4 149 0.647455 -0.762103 307.528750 0.762103 0.647455 -433.112229 0.000000 0.000000 1.000000 line
4 35 118 -0.285477 0.958386 -83.157340 -0.958386 -0.285477 220.821496 0.000000 0.000000 1.000000 line
2 4 149 0.695885 -0.718153 276.364848 0.718153 0.695885 -430.990390 0.000000 0.000000 1.000000 line
6 12 124 -0.845489 -0.533993 794.400894 0.533993 -0.845489 -93.578616 0.000000 0.000000 1.000000 line
6 9 234 0.136982 -0.990574 574.879422 0.990574 0.136982 116.134110 0.000000 0.000000 1.000000 line
2 15 129 0.236352 0.971668 -493.571270 -0.971668 0.236352 245.896689 0.000000 0.000000 1.000000 line
2 15 119 0.171194 0.985237 -488.271549 -0.985237 0.171194 319.278004 0.000000 0.000000 1.000000 line
3 4 209 -0.613941 0.789352 -87.457919 -0.789352 -0.613941 455.055475 0.000000 0.000000 1.000000 line
6 9 163 0.124035 -0.992278 577.944218 0.992278 0.124035 119.170142 0.000000 0.000000 1.000000 line
2 31 114 0.921635 0.388057 -211.788192 -0.388057 0.921635 -173.780179 0.000000 0.000000 1.000000 line
6 9 128 0.182089 -0.983282 568.601847 0.983282 0.182089 99.814000 0.000000 0.000000 1.000000 line
6 9 197 0.144307 -0.989533 574.880139 0.989533 0.144307 113.217707 0.000000 0.000000 1.000000 line
2 13 103 -0.939507 0.342529 527.804093 -0.342529 -0.939507 750.399328 0.000000 0.000000 1.000000 line
5 34 176 -0.761859 -0.647743 587.128733 0.647743 -0.761859 516.989149 0.000000 0.000000 1.000000 line
6 9 177 0.155963 -0.987763 570.854486 0.987763 0.155963 110.526948 0.000000 0.000000 1.000000 line
3 4 374 -0.626191 0.779669 -81.726240 -0.779669 -0.626191 458.241215 0.000000 0.000000 1.000000 line
1 32 124 -0.893829 -0.448409 240.959962 0.448409 -0.893829 501.654722 0.000000 0.000000 1.000000 line
9 11 155 0.588172 0.808736 172.502811 -0.808736 0.588172 110.889610 0.000000 0.000000 1.000000 line
7 10 105 0.332820 0.942990 196.611582 -0.942990 0.332820 469.424728 0.000000 0.000000 1.000000 line
9 11 285 0.619196 0.785237 169.399748 -0.785237 0.619196 106.979418 0.000000 0.000000 1.000000 line
6 25 101 -0.485643 -0.874157 572.621715 0.874157 -0.485643 239.671159 0.000000 0.000000 1.000000 line
8 17 104 -0.324324 0.945946 409.216216 -0.945946 -0.324324 382.297297 0.000000 0.000000 1.000000 line
9 11 155 0.568004 0.823026 171.529419 -0.823026 0.568004 112.762999 0.000000 0.000000 1.000000 line
3 13 101 0.881836 -0.471556 405.529055 0.471556 0.881836 -56.564387 0.000000 0.000000 1.000000 line
9 11 285 0.623655 0.781700 170.224188 -0.781700 0.623655 106.495975 0.000000 0.000000 1.000000 line
8 17 190 0.999109 0.042216 295.646356 -0.042216 0.999109 -22.309961 0.000000 0.000000 1.000000 line
2 13 113 0.727442 -0.686169 26.598547 0.686169 0.727442 -486.371199 0.000000 0.000000 1.000000 line
9 11 110 0.638840 0.769340 173.194393 -0.769340 0.638840 102.684553 0.000000 0.000000 1.000000 line
8 17 141 0.996457 0.084107 291.847846 -0.084107 0.996457 -21.008024 0.000000 0.000000 1.000000 line
6 35 116 0.770345 0.637627 -179.950867 -0.637627 0.770345 355.171553 0.000000 0.000000 1.000000 line
9 11 248 0.609394 0.792868 170.248241 -0.792868 0.609394 110.102520 0.000000 0.000000 1.000000 line
5 6 139 0.107221 0.994235 -175.489833 -0.994235 0.107221 168.408181 0.000000 0.000000 1.000000 line
5 6 139 0.110432 0.993884 -175.151872 -0.993884 0.110432 167.102104 0.000000 0.000000 1.000000 line
6 35 112 -0.860564 -0.509343 626.494873 0.509343 -0.860564 106.984695 0.000000 0.000000 1.000000 line
5 6 139 0.089912 0.995950 -173.576107 -0.995950 0.089912 173.576211 0.000000 0.000000 1.000000 line
9 27 101 -0.916157 -0.400819 605.972043 0.400819 -0.916157 210.692485 0.000000 0.000000 1.000000 line
11 24 117 -0.491141 0.871080 88.879754 -0.871080 -0.491141 195.505076 0.000000 0.000000 1.000000 line
11 14 111 -0.508941 -0.860801 461.350544 0.860801 -0.508941 -312.510037 0.000000 0.000000 1.000000 line
7 20 105 0.707107 -0.707107 178.651497 0.707107 0.707107 97.543850 0.000000 0.000000 1.000000 line
4 32 143 0.569854 -0.821746 108.080987 0.821746 0.569854 -204.948481 0.000000 0.000000 1.000000 line
8 26 103 -0.265929 0.963993 -206.937297 -0.963993 -0.265929 176.827339 0.000000 0.000000 1.000000 line
8 17 190 0.999342 0.036280 297.031600 -0.036280 0.999342 -23.358375 0.000000 0.000000 1.000000 line
7 20 127 -0.549332 0.835604 155.431593 -0.835604 -0.549332 766.003741 0.000000 0.000000 1.000000 line
8 17 166 0.999289 0.037709 296.927414 -0.037709 0.999289 -23.461620 0.000000 0.000000 1.000000 line
8 17 190 0.998003 0.063165 292.516101 -0.063165 0.998003 -21.833292 0.000000 0.000000 1.000000 line
11 24 121 0.469155 0.883116 40.317594 -0.883116 0.469155 141.716678 0.000000 0.000000 1.000000 line
9 31 112 0.854269 -0.519832 -1.995329 0.519832 0.854269 -308.261002 0.000000 0.000000 1.000000 line
7 20 102 -0.866201 0.499695 133.519936 -0.499695 -0.866201 710.983618 0.000000 0.000000 1.000000 line
8 26 101 -0.983870 -0.178885 303.536492 0.178885 -0.983870 35.585047 0.000000 0.000000 1.000000 line
11 28 107 0.300506 -0.953780 535.149610 0.953780 0.300506 -219.954534 0.000000 0.000000 1.000000 line
7 10 258 0.103754 0.994603 -79.071956 -0.994603 0.103754 644.187256 0.000000 0.000000 1.000000 line
8 19 110 0.980581 -0.196116 329.665064 0.196116 0.980581 -106.177277 0.000000 0.000000 1.000000 line
7 10 238 0.116889 0.993145 -84.371960 -0.993145 0.116889 640.533518 0.000000 0.000000 1.000000 line
7 10 146 0.132164 0.991228 -89.945572 -0.991228 0.132164 636.965436 0.000000 0.000000 1.000000 line
7 8 157 -0.905151 0.425091 367.503614 -0.425091 -0.905151 183.939838 0.000000 0.000000 1.000000 line
12 23 127 0.331199 -0.943561 31.279584 0.943561 0.331199 51.324274 0.000000 0.000000 1.000000 line
12 23 153 0.324324 -0.945946 32.702703 0.945946 0.324324 49.216216 0.000000 0.000000 1.000000 line
12 23 145 0.342328 -0.939581 28.809869 0.939581 0.342328 48.621377 0.000000 0.000000 1.000000 line
7 8 142 -0.924454 0.381292 375.649529 -0.381292 -0.924454 172.061992 0.000000 0.000000 1.000000 line
8 19 122 -0.014924 -0.999889 608.740117 0.999889 -0.014924 -64.199912 0.000000 0.000000 1.000000 line
7 10 116 0.149253 0.988799 -95.543116 -0.988799 0.149253 634.439652 0.000000 0.000000 1.000000 line
11 22 106 -0.776562 -0.630041 502.683457 0.630041 -0.776562 189.118669 0.000000 0.000000 1.000000 line
7 8 301 -0.910311 0.413925 370.155609 -0.413925 -0.910311 178.656282 0.000000 0.000000 1.000000 line
10 24 142 -0.457600 -0.889158 208.484737 0.889158 -0.457600 -118.736475 0.000000 0.000000 1.000000 line
7 8 301 -0.912742 0.408536 369.638961 -0.408536 -0.912742 178.784711 0.000000 0.000000 1.000000 line
7 8 301 -0.910906 0.412615 369.579819 -0.412615 -0.910906 179.619789 0.000000 0.000000 1.000000 line
7 8 157 -0.906050 0.423170 372.340055 -0.423170 -0.906050 180.859770 0.000000 0.000000 1.000000 line
7 16 104 0.439867 -0.898063 422.707928 0.898063 0.439867 143.047260 0.000000 0.000000 1.000000 line
7 8 236 -0.907267 0.420556 371.333504 -0.420556 -0.907267 179.703012 0.000000 0.000000 1.000000 line
9 13 111 0.312988 0.949757 123.600174 -0.949757 0.312988 298.440913 0.000000 0.000000 1.000000 line
9 22 115 0.984475 -0.175526 202.260694 0.175526 0.984475 -127.833934 0.000000 0.000000 1.000000 line
7 8 157 -0.898474 0.439027 371.387565 -0.439027 -0.898474 180.552338 0.000000 0.000000 1.000000 line
7 16 104 0.937994 0.346650 -135.756274 -0.346650 0.937994 352.865598 0.000000 0.000000 1.000000 line
7 10 124 0.141421 0.989949 -92.447554 -0.989949 0.141421 638.599689 0.000000 0.000000 1.000000 line
7 10 258 0.100407 0.994946 -77.430316 -0.994946 0.100407 645.053229 0.000000 0.000000 1.000000 line
7 16 104 -0.626848 0.779141 177.697899 -0.779141 -0.626848 743.531450 0.000000 0.000000 1.000000 line
7 16 119 -0.912364 -0.409380 483.101750 0.409380 -0.912364 616.530643 0.000000 0.000000 1.000000 line
7 20 117 -0.730291 -0.683136 264.349174 0.683136 -0.730291 165.947959 0.000000 0.000000 1.000000 line
12 35 104 -0.114624 -0.993409 424.247849 0.993409 -0.114624 -214.535345 0.000000 0.000000 1.000000 line
12 33 106 0.297690 -0.954662 487.782781 0.954662 0.297690 -445.546800 0.000000 0.000000 1.000000 line
12 35 111 -0.010273 0.999947 108.245800 -0.999947 -0.010273 108.686153 0.000000 0.000000 1.000000 line
13 25 106 -0.801883 -0.597481 867.746352 0.597481 -0.801883 340.020195 0.000000 0.000000 1.000000 line
12 13 121 0.913812 -0.406138 149.542914 0.406138 0.913812 -433.799331 0.000000 0.000000 1.000000 line
7 15 112 -0.866622 0.498964 213.055257 -0.498964 -0.866622 850.807331 0.000000 0.000000 1.000000 line
10 11 165 0.996270 0.086291 -176.064049 -0.086291 0.996270 -10.963222 0.000000 0.000000 1.000000 line
10 15 230 -0.867786 0.496937 327.714387 -0.496937 -0.867786 208.434076 0.000000 0.000000 1.000000 line
10 15 356 -0.872143 0.489251 329.221209 -0.489251 -0.872143 206.333225 0.000000 0.000000 1.000000 line
10 15 356 -0.870250 0.492611 328.105529 -0.492611 -0.870250 206.387268 0.000000 0.000000 1.000000 line
12 25 117 0.906721 0.421731 199.468705 -0.421731 0.906721 -146.914289 0.000000 0.000000 1.000000 line
11 25 123 0.970781 0.239968 87.165068 -0.239968 0.970781 40.550141 0.000000 0.000000 1.000000 line
10 15 110 -0.842696 0.538389 318.917541 -0.538389 -0.842696 213.844023 0.000000 0.000000 1.000000 line
13 27 107 -0.510377 0.859951 383.468562 -0.859951 -0.510377 630.136097 0.000000 0.000000 1.000000 line
8 18 101 -0.579074 0.815275 181.135788 -0.815275 -0.579074 145.586852 0.000000 0.000000 1.000000 line
7 19 110 0.571064 -0.820905 445.383704 0.820905 0.571064 129.150395 0.000000 0.000000 1.000000 line
14 22 119 0.624695 0.780869 125.139550 -0.780869 0.624695 337.450971 0.000000 0.000000 1.000000 line
10 15 110 -0.841548 0.540183 318.849492 -0.540183 -0.841548 213.401683 0.000000 0.000000 1.000000 line
8 18 128 -0.553506 0.832845 390.941552 -0.832845 -0.553506 340.946362 0.000000 0.000000 1.000000 line
12 13 263 0.887755 -0.460317 181.040237 0.460317 0.887755 -430.149331 0.000000 0.000000 1.000000 line
7 19 102 -0.644597 -0.764522 620.942598 0.764522 -0.644597 319.867904 0.000000 0.000000 1.000000 line
7 19 106 -0.480833 0.876812 291.734677 -0.876812 -0.480833 587.146151 0.000000 0.000000 1.000000 line
10 15 356 -0.872143 0.489251 328.759112 -0.489251 -0.872143 205.387309 0.000000 0.000000 1.000000 line
7 15 112 -0.672673 -0.739940 519.158626 0.739940 -0.672673 494.506646 0.000000 0.000000 1.000000 line
12 13 111 0.920629 -0.390438 141.956277 0.390438 0.920629 -427.629293 0.000000 0.000000 1.000000 line
12 13 152 0.915808 -0.401617 101.803114 0.401617 0.915808 -409.893138 0.000000 0.000000 1.000000 line
12 13 165 0.879292 -0.476283 191.015848 0.476283 0.879292 -434.843503 0.000000 0.000000 1.000000 line
12 13 115 0.980581 -0.196116 -158.142865 0.196116 0.980581 -320.245921 0.000000 0.000000 1.000000 line
12 24 113 0.956112 -0.293002 130.798063 0.293002 0.956112 -279.543652 0.000000 0.000000 1.000000 line
12 13 549 0.893328 -0.449404 174.509879 0.449404 0.893328 -431.742486 0.000000 0.000000 1.000000 line
8 18 105 -0.519321 0.854579 385.973783 -0.854579 -0.519321 367.228372 0.000000 0.000000 1.000000 line
12 13 139 0.259244 0.965812 -32.545153 -0.965812 0.259244 -19.071897 0.000000 0.000000 1.000000 line
15 20 235 0.965788 -0.259332 140.303773 0.259332 0.965788 320.772576 0.000000 0.000000 1.000000 line
12 13 141 0.919145 -0.393919 146.313319 0.393919 0.919145 -421.137837 0.000000 0.000000 1.000000 line
7 16 110 0.911468 0.411371 -301.233533 -0.411371 0.911468 -96.430240 0.000000 0.000000 1.000000 line
9 13 136 0.008196 -0.999966 266.952299 0.999966 0.008196 -275.653465 0.000000 0.000000 1.000000 line
12 34 101 0.023431 -0.999725 641.600678 0.999725 0.023431 -169.632876 0.000000 0.000000 1.000000 line
7 16 118 0.213974 -0.976839 43.425417 0.976839 0.213974 -182.089702 0.000000 0.000000 1.000000 line
12 13 101 0.861207 -0.508254 205.694105 0.508254 0.861207 -444.822225 0.000000 0.000000 1.000000 line
15 20 115 0.980581 -0.196116 131.557677 0.196116 0.980581 332.689576 0.000000 0.000000 1.000000 line
9 28 111 0.442549 0.896744 -303.754955 -0.896744 0.442549 108.969713 0.000000 0.000000 1.000000 line
12 13 134 0.887755 -0.460317 203.834014 0.460317 0.887755 -440.617606 0.000000 0.000000 1.000000 line
9 24 106 -0.988685 -0.150007 360.310564 0.150007 -0.988685 151.233205 0.000000 0.000000 1.000000 line
10 15 138 -0.857493 0.514496 323.785428 -0.514496 -0.857493 207.100055 0.000000 0.000000 1.000000 line
12 13 125 0.915549 -0.402206 147.259703 0.402206 0.915549 -421.066010 0.000000 0.000000 1.000000 line
9 13 246 -0.014704 -0.999892 278.633637 0.999892 -0.014704 -270.719756 0.000000 0.000000 1.000000 line
15 20 428 0.961462 -0.274939 142.867162 0.274939 0.961462 316.184222 0.000000 0.000000 1.000000 line
9 13 159 -0.068240 -0.997669 298.762047 0.997669 -0.068240 -259.710594 0.000000 0.000000 1.000000 line
15 20 229 0.954817 -0.297195 147.718948 0.297195 0.954817 312.246081 0.000000 0.000000 1.000000 line
10 15 109 -0.922475 0.386058 410.298669 -0.386058 -0.922475 187.031072 0.000000 0.000000 1.000000 line
14 21 157 0.997054 0.076696 -207.892034 -0.076696 0.997054 101.369606 0.000000 0.000000 1.000000 line
10 16 101 0.439553 -0.898217 231.579395 0.898217 0.439553 78.013347 0.000000 0.000000 1.000000 line
9 13 175 -0.049819 -0.998758 294.114293 0.998758 -0.049819 -266.368566 0.000000 0.000000 1.000000 line
7 26 108 0.819232 0.573462 -284.594201 -0.573462 0.819232 -36.793189 0.000000 0.000000 1.000000 line
17 29 127 -0.768221 0.640184 563.436150 -0.640184 -0.768221 389.527475 0.000000 0.000000 1.000000 line
12 13 112 -0.551689 -0.834050 644.718190 0.834050 -0.551689 -200.404475 0.000000 0.000000 1.000000 line
17 18 182 0.880471 0.474100 262.233911 -0.474100 0.880471 64.011777 0.000000 0.000000 1.000000 line
10 15 361 -0.868817 0.495133 328.812397 -0.495133 -0.868817 205.448020 0.000000 0.000000 1.000000 line
17 18 111 0.912509 0.409056 263.359204 -0.409056 0.912509 57.306994 0.000000 0.000000 1.000000 line
17 19 184 -0.964764 0.263117 195.714573 -0.263117 -0.964764 524.707959 0.000000 0.000000 1.000000 line
15 16 319 0.447214 0.894427 -361.803765 -0.894427 0.447214 470.186918 0.000000 0.000000 1.000000 line
15 20 354 0.961110 -0.276166 145.652378 0.276166 0.961110 315.313590 0.000000 0.000000 1.000000 line
12 13 262 0.905521 -0.424301 161.858154 0.424301 0.905521 -425.389803 0.000000 0.000000 1.000000 line
9 13 109 0.990657 0.136376 -252.000440 -0.136376 0.990657 -193.185203 0.000000 0.000000 1.000000 line
15 20 385 0.959952 -0.280164 145.910746 0.280164 0.959952 315.337593 0.000000 0.000000 1.000000 line
17 18 119 0.932703 0.360645 261.574918 -0.360645 0.932703 75.567092 0.000000 0.000000 1.000000 line
19 20 243 0.954543 -0.298073 278.354952 0.298073 0.954543 -185.614665 0.000000 0.000000 1.000000 line
17 18 189 0.871528 0.490346 258.632416 -0.490346 0.871528 65.217770 0.000000 0.000000 1.000000 line
15 16 268 0.470588 0.882353 -362.294118 -0.882353 0.470588 459.176471 0.000000 0.000000 1.000000 line
10 15 127 -0.928055 0.372443 303.886583 -0.372443 -0.928055 196.221478 0.000000 0.000000 1.000000 line
12 13 152 0.886445 -0.462834 180.491707 0.462834 0.886445 -438.696086 0.000000 0.000000 1.000000 line
17 18 250 0.883333 0.468746 259.666235 -0.468746 0.883333 64.581142 0.000000 0.000000 1.000000 line
9 13 119 -0.067263 -0.997735 295.766280 0.997735 -0.067263 -263.765493 0.000000 0.000000 1.000000 line
17 18 131 0.868243 0.496139 255.132733 -0.496139 0.868243 65.965265 0.000000 0.000000 1.000000 line
15 20 241 0.965363 -0.260909 141.713681 0.260909 0.965363 315.519093 0.000000 0.000000 1.000000 line
16 29 118 0.961524 0.274721 -268.621111 -0.274721 0.961524 111.402814 0.000000 0.000000 1.000000 line
9 13 119 -0.065188 -0.997873 293.996376 0.997873 -0.065188 -263.525178 0.000000 0.000000 1.000000 line
19 20 215 0.964498 -0.264089 268.299339 0.264089 0.964498 -186.732049 0.000000 0.000000 1.000000 line
19 20 151 0.937622 -0.347657 294.094138 0.347657 0.937622 -185.161319 0.000000 0.000000 1.000000 line
18 19 106 0.586775 0.809750 -221.189253 -0.809750 0.586775 35.357910 0.000000 0.000000 1.000000 line
15 16 188 0.432860 0.901461 -359.112632 -0.901461 0.432860 475.540666 0.000000 0.000000 1.000000 line
17 19 103 -0.978381 0.206812 39.171119 -0.206812 -0.978381 348.572115 0.000000 0.000000 1.000000 line
19 20 195 0.949757 -0.312988 283.521000 0.312988 0.949757 -186.424282 0.000000 0.000000 1.000000 line
10 15 120 -0.847191 0.531289 372.076865 -0.531289 -0.847191 216.377493 0.000000 0.000000 1.000000 line
10 15 346 -0.876927 0.480623 332.967805 -0.480623 -0.876927 205.752159 0.000000 0.000000 1.000000 line
18 26 108 -0.528441 -0.848970 180.484961 0.848970 -0.528441 -25.637299 0.000000 0.000000 1.000000 line
16 19 134 -0.316228 0.948683 209.693451 -0.948683 -0.316228 657.985701 0.000000 0.000000 1.000000 line
10 15 223 -0.883788 0.467888 333.601015 -0.467888 -0.883788 205.476370 0.000000 0.000000 1.000000 line
17 19 103 -0.982102 0.188348 42.462525 -0.188348 -0.982102 349.835965 0.000000 0.000000 1.000000 line
18 28 156 0.383157 0.923683 -107.233912 -0.923683 0.383157 3.839243 0.000000 0.000000 1.000000 line
11 13 106 0.968026 0.250851 -263.804530 -0.250851 0.968026 -249.225047 0.000000 0.000000 1.000000 line
21 31 113 -0.518978 0.854788 273.461272 -0.854788 -0.518978 533.598307 0.000000 0.000000 1.000000 line
13 34 114 -0.630373 0.776293 349.768050 -0.776293 -0.630373 650.004460 0.000000 0.000000 1.000000 line
18 28 151 0.795432 0.606043 -21.588884 -0.606043 0.795432 -133.971276 0.000000 0.000000 1.000000 line
15 19 101 0.480273 -0.877119 79.931715 0.877119 0.480273 333.818346 0.000000 0.000000 1.000000 line
10 15 168 -0.865426 0.501036 327.475059 -0.501036 -0.865426 204.135916 0.000000 0.000000 1.000000 line
16 29 101 0.928477 0.371391 -216.990411 -0.371391 0.928477 71.113253 0.000000 0.000000 1.000000 line
13 24 102 0.069807 0.997561 240.634356 -0.997561 0.069807 736.430858 0.000000 0.000000 1.000000 line
14 25 103 -0.392877 0.919591 -111.364784 -0.919591 -0.392877 566.575147 0.000000 0.000000 1.000000 line
10 15 106 -0.888975 0.457957 334.495374 -0.457957 -0.888975 206.316745 0.000000 0.000000 1.000000 line
13 22 168 -0.976187 0.216930 124.261871 -0.216930 -0.976187 635.303838 0.000000 0.000000 1.000000 line
10 17 101 0.905521 -0.424301 399.167222 0.424301 0.905521 110.029185 0.000000 0.000000 1.000000 line
19 26 108 0.519080 -0.854726 558.879751 0.854726 0.519080 -82.701897 0.000000 0.000000 1.000000 line
22 30 137 -0.868243 -0.496139 483.309321 0.496139 -0.868243 -86.108095 0.000000 0.000000 1.000000 line
22 30 167 -0.866274 -0.499569 491.229241 0.499569 -0.866274 -81.840705 0.000000 0.000000 1.000000 line
13 22 168 -0.977802 0.209529 125.263159 -0.209529 -0.977802 635.035274 0.000000 0.000000 1.000000 line
22 24 121 -0.894427 -0.447214 610.483411 0.447214 -0.894427 -19.265321 0.000000 0.000000 1.000000 line
13 22 168 -0.979414 0.201864 126.761317 -0.201864 -0.979414 635.707659 0.000000 0.000000 1.000000 line
18 19 257 0.654414 0.756136 54.319200 -0.756136 0.654414 -7.660031 0.000000 0.000000 1.000000 line
13 14 390 0.923563 0.383447 -178.459704 -0.383447 0.923563 77.841058 0.000000 0.000000 1.000000 line
21 27 103 0.176538 0.984294 -149.794000 -0.984294 0.176538 447.406440 0.000000 0.000000 1.000000 line
18 31 215 0.960501 0.278276 62.449098 -0.278276 0.960501 -149.155808 0.000000 0.000000 1.000000 line
22 24 217 -0.902134 -0.431455 611.366667 0.431455 -0.902134 -10.018075 0.000000 0.000000 1.000000 line
22 24 132 -0.930408 -0.366525 616.896406 0.366525 -0.930408 16.187601 0.000000 0.000000 1.000000 line
14 25 101 -0.681214 -0.732084 818.543432 0.732084 -0.681214 -164.902696 0.000000 0.000000 1.000000 line
23 30 106 -0.999731 -0.023196 592.830845 0.023196 -0.999731 204.157445 0.000000 0.000000 1.000000 line
18 19 210 0.624695 0.780869 52.156646 -0.780869 0.624695 -2.462186 0.000000 0.000000 1.000000 line
18 19 305 0.642514 0.766274 54.316777 -0.766274 0.642514 -4.972426 0.000000 0.000000 1.000000 line
21 22 258 -0.759257 0.650791 221.903585 -0.650791 -0.759257 544.834919 0.000000 0.000000 1.000000 line
18 19 230 0.657943 0.753068 56.608560 -0.753068 0.657943 -9.071980 0.000000 0.000000 1.000000 line
18 26 260 0.774443 0.632644 -85.370234 -0.632644 0.774443 -169.669467 0.000000 0.000000 1.000000 line
21 22 176 -0.766129 0.642686 224.009096 -0.642686 -0.766129 545.599033 0.000000 0.000000 1.000000 line
13 24 133 0.069739 -0.997565 517.542648 0.997565 0.069739 319.468980 0.000000 0.000000 1.000000 line
19 26 103 0.985887 0.167415 39.210833 -0.167415 0.985887 253.983642 0.000000 0.000000 1.000000 line
16 17 323 -0.759257 -0.650791 322.301081 0.650791 -0.759257 49.555755 0.000000 0.000000 1.000000 line
21 22 106 -0.775712 0.631087 228.148393 -0.631087 -0.775712 545.240681 0.000000 0.000000 1.000000 line
13 14 127 0.906379 0.422465 -182.161866 -0.422465 0.906379 93.287452 0.000000 0.000000 1.000000 line
16 17 250 -0.742355 -0.670007 321.042334 0.670007 -0.742355 45.809839 0.000000 0.000000 1.000000 line
21 22 173 -0.763386 0.645942 225.836827 -0.645942 -0.763386 544.740496 0.000000 0.000000 1.000000 line
18 26 266 -0.960501 -0.278276 464.189923 0.278276 -0.960501 62.405790 0.000000 0.000000 1.000000 line
17 19 102 0.997518 -0.070413 170.199905 0.070413 0.997518 -261.858394 0.000000 0.000000 1.000000 line
13 14 247 0.914239 0.405174 -180.936376 -0.405174 0.914239 87.872270 0.000000 0.000000 1.000000 line
18 19 182 0.672673 0.739940 58.201168 -0.739940 0.672673 -12.959177 0.000000 0.000000 1.000000 line
13 14 315 0.917857 0.396911 -180.033446 -0.396911 0.917857 83.640059 0.000000 0.000000 1.000000 line
18 19 305 0.638755 0.769410 53.400291 -0.769410 0.638755 -3.890104 0.000000 0.000000 1.000000 line
21 24 330 -0.996779 -0.080201 497.151347 0.080201 -0.996779 474.560255 0.000000 0.000000 1.000000 line
23 24 114 -0.378633 0.925547 38.990585 -0.925547 -0.378633 634.188793 0.000000 0.000000 1.000000 line
21 22 243 -0.754473 0.656331 219.497536 -0.656331 -0.754473 544.991631 0.000000 0.000000 1.000000 line
24 27 121 0.468746 -0.883333 224.400050 0.883333 0.468746 -214.743194 0.000000 0.000000 1.000000 line
19 26 225 0.974333 0.225111 38.878493 -0.225111 0.974333 268.467037 0.000000 0.000000 1.000000 line
19 20 102 -0.976796 0.214172 63.780276 -0.214172 -0.976796 553.040182 0.000000 0.000000 1.000000 line
21 22 205 -0.745241 0.666795 216.380986 -0.666795 -0.745241 546.627385 0.000000 0.000000 1.000000 line
16 17 120 -0.790550 -0.612398 323.688716 0.612398 -0.790550 53.452304 0.000000 0.000000 1.000000 line
7 19 136 0.599667 0.800250 58.065532 -0.800250 0.599667 -6.236320 0.000000 0.000000 1.000000 line
20 26 109 -0.011810 0.999930 146.897304 -0.999930 -0.011810 659.796821 0.000000 0.000000 1.000000 line
18 19 102 0.689437 0.724345 61.392878 -0.724345 0.689437 -19.260452 0.000000 0.000000 1.000000 line
20 28 124 0.613941 0.789352 60.805658 -0.789352 0.613941 482.285585 0.000000 0.000000 1.000000 line
21 22 184 -0.769289 0.638901 226.901319 -0.638901 -0.769289 542.587351 0.000000 0.000000 1.000000 line
18 26 113 -0.413803 -0.910366 639.108933 0.910366 -0.413803 -34.647899 0.000000 0.000000 1.000000 line
16 19 117 -0.970410 -0.241463 137.777174 0.241463 -0.970410 481.253184 0.000000 0.000000 1.000000 line
22 27 204 0.965372 0.260879 10.856428 -0.260879 0.965372 -303.748040 0.000000 0.000000 1.000000 line
18 19 110 0.699163 0.714963 63.685443 -0.714963 0.699163 -23.135551 0.000000 0.000000 1.000000 line
24 27 244 0.428086 -0.903738 243.171113 0.903738 0.428086 -206.713706 0.000000 0.000000 1.000000 line
14 15 285 -0.081916 -0.996639 486.726489 0.996639 -0.081916 -308.310297 0.000000 0.000000 1.000000 line
18 19 106 0.829072 -0.559142 270.896046 0.559142 0.829072 -213.707274 0.000000 0.000000 1.000000 line
21 27 174 0.141421 -0.989949 49.096908 0.989949 0.141421 12.939722 0.000000 0.000000 1.000000 line
21 22 102 0.557690 0.830050 -239.075121 -0.830050 0.557690 297.576539 0.000000 0.000000 1.000000 line
19 26 247 0.972746 0.231875 39.752542 -0.231875 0.972746 270.140789 0.000000 0.000000 1.000000 line
24 27 162 0.469613 -0.882872 226.691075 0.882872 0.469613 -214.169394 0.000000 0.000000 1.000000 line
21 27 103 0.129339 -0.991600 49.824166 0.991600 0.129339 12.809706 0.000000 0.000000 1.000000 line
10 15 102 0.933346 -0.358979 423.256887 0.358979 0.933346 37.054347 0.000000 0.000000 1.000000 line
22 23 108 0.911371 -0.411587 165.735189 0.411587 0.911371 145.132073 0.000000 0.000000 1.000000 line
14 15 109 -0.000000 -1.000000 453.000000 1.000000 -0.000000 -338.500000 0.000000 0.000000 1.000000 line
13 14 194 0.929682 0.368364 -180.361215 -0.368364 0.929682 68.837514 0.000000 0.000000 1.000000 line
24 27 256 0.425424 -0.904994 242.949110 0.904994 0.425424 -206.655808 0.000000 0.000000 1.000000 line
14 15 350 -0.072655 -0.997357 482.259263 0.997357 -0.072655 -312.354998 0.000000 0.000000 1.000000 line
18 29 124 -0.737154 0.675725 -48.016138 -0.675725 -0.737154 318.571226 0.000000 0.000000 1.000000 line
14 15 287 -0.051215 -0.998688 473.398849 0.998688 -0.051215 -319.603439 0.000000 0.000000 1.000000 line
14 15 253 -0.047068 -0.998892 472.002868 0.998892 -0.047068 -320.747645 0.000000 0.000000 1.000000 line
19 26 140 0.961524 0.274721 39.941856 -0.274721 0.961524 277.444792 0.000000 0.000000 1.000000 line
14 15 162 -0.031235 -0.999512 465.432930 0.999512 -0.031235 -325.409517 0.000000 0.000000 1.000000 line
20 28 210 0.616882 0.787056 60.418414 -0.787056 0.616882 479.201859 0.000000 0.000000 1.000000 line
14 15 350 -0.068621 -0.997643 480.134586 0.997643 -0.068621 -314.033651 0.000000 0.000000 1.000000 line
14 15 147 -0.028026 -0.999607 463.534900 0.999607 -0.028026 -324.484534 0.000000 0.000000 1.000000 line
14 15 165 -0.097387 -0.995247 489.996869 0.995247 -0.097387 -305.717449 0.000000 0.000000 1.000000 line
14 15 350 -0.060891 -0.998144 477.706907 0.998144 -0.060891 -315.041248 0.000000 0.000000 1.000000 line
14 15 331 -0.076696 -0.997054 483.941655 0.997054 -0.076696 -312.556132 0.000000 0.000000 1.000000 line
19 26 113 0.961764 0.273880 39.990121 -0.273880 0.961764 277.022080 0.000000 0.000000 1.000000 line
24 25 201 -0.832050 -0.554700 611.020978 0.554700 -0.832050 367.521790 0.000000 0.000000 1.000000 line
24 27 103 -0.743294 0.668965 479.504030 -0.668965 -0.743294 213.542324 0.000000 0.000000 1.000000 line
24 25 223 -0.830050 -0.557690 611.437418 0.557690 -0.830050 366.276469 0.000000 0.000000 1.000000 line
19 26 142 0.960907 0.276871 40.665112 -0.276871 0.960907 275.381084 0.000000 0.000000 1.000000 line
24 25 364 -0.833630 -0.552323 609.761762 0.552323 -0.833630 367.411155 0.000000 0.000000 1.000000 line
24 25 417 -0.841652 -0.540020 608.169959 0.540020 -0.841652 370.294894 0.000000 0.000000 1.000000 line
30 32 267 0.134447 -0.990921 342.161455 0.990921 0.134447 -193.823419 0.000000 0.000000 1.000000 line
9 14 122 0.985049 0.172273 -187.986044 -0.172273 0.985049 -49.054192 0.000000 0.000000 1.000000 line
24 25 336 -0.830430 -0.557124 609.229367 0.557124 -0.830430 364.441058 0.000000 0.000000 1.000000 line
26 28 176 0.938343 0.345705 145.335492 -0.345705 0.938343 52.849554 0.000000 0.000000 1.000000 line
24 25 417 -0.840184 -0.542301 608.486417 0.542301 -0.840184 370.042088 0.000000 0.000000 1.000000 line
26 28 108 0.934595 0.355714 144.685960 -0.355714 0.934595 53.852676 0.000000 0.000000 1.000000 line
25 30 112 -0.926092 0.377297 703.994920 -0.377297 -0.926092 435.996149 0.000000 0.000000 1.000000 line
24 25 156 -0.866622 -0.498964 602.834924 0.498964 -0.866622 388.614651 0.000000 0.000000 1.000000 line
30 32 149 0.158733 -0.987321 337.544370 0.987321 0.158733 -200.539099 0.000000 0.000000 1.000000 line
25 30 107 -0.938522 0.345221 714.682238 -0.345221 -0.938522 427.547727 0.000000 0.000000 1.000000 line
30 32 205 0.123088 -0.992396 345.386352 0.992396 0.123088 -191.816523 0.000000 0.000000 1.000000 line
25 30 125 -0.911899 0.410414 693.824562 -0.410414 -0.911899 450.213165 0.000000 0.000000 1.000000 line
19 26 123 -0.027017 0.999635 82.978638 -0.999635 -0.027017 552.520281 0.000000 0.000000 1.000000 line
24 25 183 -0.859020 -0.511941 604.627291 0.511941 -0.859020 383.169467 0.000000 0.000000 1.000000 line
30 32 248 0.126673 -0.991945 344.920105 0.991945 0.126673 -192.960543 0.000000 0.000000 1.000000 line
15 27 111 0.964764 0.263117 315.812201 -0.263117 0.964764 49.001460 0.000000 0.000000 1.000000 line
30 32 230 0.124035 -0.992278 344.384153 0.992278 0.124035 -193.321880 0.000000 0.000000 1.000000 line
24 25 407 -0.836048 -0.548656 608.616888 0.548656 -0.836048 367.212521 0.000000 0.000000 1.000000 line
26 28 151 0.944950 0.327216 146.800317 -0.327216 0.944950 47.555516 0.000000 0.000000 1.000000 line
24 25 201 -0.848731 -0.528825 606.684019 0.528825 -0.848731 377.207178 0.000000 0.000000 1.000000 line
17 26 104 -0.086630 0.996241 -45.512665 -0.996241 -0.086630 105.381742 0.000000 0.000000 1.000000 line
30 32 141 0.166651 -0.986016 335.376604 0.986016 0.166651 -197.412095 0.000000 0.000000 1.000000 line
16 18 111 -0.914095 0.405501 597.324360 -0.405501 -0.914095 313.472110 0.000000 0.000000 1.000000 line
19 26 247 0.970143 0.242536 40.668344 -0.242536 0.970143 271.751951 0.000000 0.000000 1.000000 line
32 35 178 -0.994635 0.103442 71.495304 -0.103442 -0.994635 452.340792 0.000000 0.000000 1.000000 line
27 35 146 -0.993266 0.115855 510.046826 -0.115855 -0.993266 394.302145 0.000000 0.000000 1.000000 line
32 35 319 -0.996962 0.077888 75.048674 -0.077888 -0.996962 452.822581 0.000000 0.000000 1.000000 line
32 33 117 -0.947815 -0.318820 743.646573 0.318820 -0.947815 345.081248 0.000000 0.000000 1.000000 line
32 35 155 -0.998305 0.058197 77.569656 -0.058197 -0.998305 451.302766 0.000000 0.000000 1.000000 line
33 35 234 -0.896394 0.443258 602.470920 -0.443258 -0.896394 554.648565 0.000000 0.000000 1.000000 line
33 35 160 -0.887283 0.461226 594.559243 -0.461226 -0.887283 558.810023 0.000000 0.000000 1.000000 line
32 35 155 -0.998842 0.048103 79.604692 -0.048103 -0.998842 450.800763 0.000000 0.000000 1.000000 line
33 35 276 -0.898953 0.438045 603.566453 -0.438045 -0.898953 555.089411 0.000000 0.000000 1.000000 line
23 25 127 0.000000 -1.000000 250.000000 1.000000 0.000000 101.000000 0.000000 0.000000 1.000000 line
26 28 127 0.945831 0.324660 148.159930 -0.324660 0.945831 46.927660 0.000000 0.000000 1.000000 line
32 35 319 -0.996976 0.077708 75.415465 -0.077708 -0.996976 453.602010 0.000000 0.000000 1.000000 line
19 26 162 0.966235 0.257663 40.379943 -0.257663 0.966235 272.482054 0.000000 0.000000 1.000000 line
24 33 116 -0.372193 0.928155 249.647236 -0.928155 -0.372193 723.806910 0.000000 0.000000 1.000000 line
33 35 276 -0.901618 0.432533 605.129268 -0.432533 -0.901618 554.362721 0.000000 0.000000 1.000000 line
24 25 137 -0.805651 0.592390 12.070121 -0.592390 -0.805651 532.406285 0.000000 0.000000 1.000000 line
33 35 276 -0.898600 0.438769 603.412540 -0.438769 -0.898600 555.177443 0.000000 0.000000 1.000000 line
32 35 170 -0.997958 0.063869 78.378792 -0.063869 -0.997958 454.316218 0.000000 0.000000 1.000000 line
31 34 129 0.429506 0.903064 -111.669601 -0.903064 0.429506 397.515755 0.000000 0.000000 1.000000 line
32 35 130 -0.994172 0.107802 67.096129 -0.107802 -0.994172 454.424595 0.000000 0.000000 1.000000 line
27 28 102 0.948683 0.316228 -455.239016 -0.316228 0.948683 54.093301 0.000000 0.000000 1.000000 line
24 25 124 -0.562965 0.826481 1.618524 -0.826481 -0.562965 676.585115 0.000000 0.000000 1.000000 line
31 34 161 0.478527 0.878073 -112.665399 -0.878073 0.478527 375.819363 0.000000 0.000000 1.000000 line
27 28 102 0.970143 0.242536 -429.784154 -0.242536 0.970143 18.565879 0.000000 0.000000 1.000000 line
24 25 122 -0.852601 0.522562 51.407792 -0.522562 -0.852601 556.745419 0.000000 0.000000 1.000000 line
23 25 177 0.000000 -1.000000 251.000000 1.000000 0.000000 100.000000 0.000000 0.000000 1.000000 line
31 34 294 0.444596 0.895731 -111.255524 -0.895731 0.444596 390.661812 0.000000 0.000000 1.000000 line
27 28 102 0.972387 0.233373 -427.143766 -0.233373 0.972387 13.684486 0.000000 0.000000 1.000000 line
33 35 276 -0.898861 0.438235 603.607159 -0.438235 -0.898861 555.687776 0.000000 0.000000 1.000000 line
24 25 126 -0.543823 0.839200 -4.311264 -0.839200 -0.543823 674.729573 0.000000 0.000000 1.000000 line
27 28 173 0.964085 0.265594 -438.358274 -0.265594 0.964085 29.016634 0.000000 0.000000 1.000000 line
31 34 145 0.489251 0.872143 -113.235696 -0.872143 0.489251 372.607265 0.000000 0.000000 1.000000 line
19 26 143 0.975818 0.218583 41.271817 -0.218583 0.975818 270.662999 0.000000 0.000000 1.000000 line
25 32 153 0.967372 -0.253359 158.572708 0.253359 0.967372 214.075673 0.000000 0.000000 1.000000 line
27 35 281 -0.979762 0.200166 256.660126 -0.200166 -0.979762 749.928600 0.000000 0.000000 1.000000 line
23 25 172 0.000000 -1.000000 252.000000 1.000000 0.000000 99.000000 0.000000 0.000000 1.000000 line
23 25 117 -0.876976 0.480535 0.450512 -0.480535 -0.876976 396.915146 0.000000 0.000000 1.000000 line
27 35 158 -0.987818 0.155615 270.521308 -0.155615 -0.987818 747.407351 0.000000 0.000000 1.000000 line
18 29 108 -0.883116 -0.469155 611.708173 0.469155 -0.883116 33.884026 0.000000 0.000000 1.000000 line
31 34 346 0.457015 0.889459 -112.949946 -0.889459 0.457015 385.667721 0.000000 0.000000 1.000000 line
27 28 196 0.960000 0.280000 -441.480000 -0.280000 0.960000 37.640000 0.000000 0.000000 1.000000 line
21 28 110 -0.487645 0.873042 -205.789434 -0.873042 -0.487645 524.083412 0.000000 0.000000 1.000000 line
27 35 107 -0.961753 0.273917 228.342335 -0.273917 -0.961753 763.005014 0.000000 0.000000 1.000000 line
10 15 117 -0.600568 -0.799573 522.498869 0.799573 -0.600568 436.882693 0.000000 0.000000 1.000000 line
28 33 151 1.000000 0.000000 -119.000000 -0.000000 1.000000 320.000000 0.000000 0.000000 1.000000 line
27 35 107 -0.963993 0.265929 231.950852 -0.265929 -0.963993 762.819984 0.000000 0.000000 1.000000 line
26 31 139 0.530580 -0.847635 228.509448 0.847635 0.530580 242.606447 0.000000 0.000000 1.000000 line
28 33 155 0.997684 -0.068024 -108.445962 0.068024 0.997684 292.239194 0.000000 0.000000 1.000000 line
24 32 106 0.955195 0.295976 66.684125 -0.295976 0.955195 283.445221 0.000000 0.000000 1.000000 line
28 33 155 0.997189 -0.074933 -107.242917 0.074933 0.997189 290.618961 0.000000 0.000000 1.000000 line
26 31 165 0.535509 -0.844530 229.474088 0.844530 0.535509 241.410749 0.000000 0.000000 1.000000 line
28 33 151 0.999954 0.009615 -119.529469 -0.009615 0.999954 322.865437 0.000000 0.000000 1.000000 line
26 31 111 0.588172 -0.808736 220.912261 0.808736 0.588172 237.617688 0.000000 0.000000 1.000000 line
28 33 134 0.997987 -0.063413 -113.110537 0.063413 0.997987 293.176741 0.000000 0.000000 1.000000 line
18 29 123 -0.677681 0.735356 486.686099 -0.735356 -0.677681 529.054987 0.000000 0.000000 1.000000 line
28 33 168 0.997170 -0.075183 -109.945620 0.075183 0.997170 291.825757 0.000000 0.000000 1.000000 line
24 32 178 0.338719 -0.940887 75.224700 0.940887 0.338719 131.467741 0.000000 0.000000 1.000000 line
28 33 105 1.000000 0.000000 -119.000000 -0.000000 1.000000 315.000000 0.000000 0.000000 1.000000 line
18 29 108 -0.786809 -0.617197 629.947784 0.617197 -0.786809 337.024241 0.000000 0.000000 1.000000 line
28 33 362 0.999447 -0.033257 -115.312918 0.033257 0.999447 304.947525 0.000000 0.000000 1.000000 line
26 31 144 0.514496 -0.857493 233.022261 0.857493 0.514496 244.402602 0.000000 0.000000 1.000000 line
24 32 224 0.312988 -0.949757 80.365861 0.949757 0.312988 130.657056 0.000000 0.000000 1.000000 line
28 33 312 0.999722 -0.023578 -115.357395 0.023578 0.999722 307.687701 0.000000 0.000000 1.000000 line
26 31 154 0.532350 -0.846524 229.477726 0.846524 0.532350 242.742408 0.000000 0.000000 1.000000 line
24 32 178 0.341743 -0.939793 76.008031 0.939793 0.341743 132.179786 0.000000 0.000000 1.000000 line
31 33 195 0.270746 0.962651 64.307867 -0.962651 0.270746 144.609888 0.000000 0.000000 1.000000 line
28 33 104 0.997906 -0.064679 -114.563042 0.064679 0.997906 298.778773 0.000000 0.000000 1.000000 line
24 32 158 0.335200 -0.942147 77.722970 0.942147 0.335200 132.989295 0.000000 0.000000 1.000000 line
24 32 131 0.347566 -0.937656 76.270089 0.937656 0.347566 132.996271 0.000000 0.000000 1.000000 line
31 33 298 0.255113 0.966911 65.874765 -0.966911 0.255113 145.409063 0.000000 0.000000 1.000000 line
26 31 132 0.537190 -0.843461 232.068530 0.843461 0.537190 242.151450 0.000000 0.000000 1.000000 line
24 32 142 0.293190 -0.956054 81.360261 0.956054 0.293190 132.254701 0.000000 0.000000 1.000000 line
31 33 298 0.270018 0.962855 64.405076 -0.962855 0.270018 143.307626 0.000000 0.000000 1.000000 line
19 26 107 -0.949364 -0.314178 108.406970 0.314178 -0.949364 296.073832 0.000000 0.000000 1.000000 line
31 33 134 0.227414 0.973798 66.685504 -0.973798 0.227414 151.022804 0.000000 0.000000 1.000000 line
31 33 298 0.253818 0.967252 66.086673 -0.967252 0.253818 146.208698 0.000000 0.000000 1.000000 line
26 31 195 0.529999 -0.847998 231.560657 0.847998 0.529999 243.345279 0.000000 0.000000 1.000000 line
31 33 298 0.251882 0.967758 63.500626 -0.967758 0.251882 145.650081 0.000000 0.000000 1.000000 line
31 33 285 0.249878 0.968277 64.320612 -0.968277 0.249878 147.597604 0.000000 0.000000 1.000000 line
31 33 114 0.229039 0.973417 63.672203 -0.973417 0.229039 154.016289 0.000000 0.000000 1.000000 line
31 33 236 0.272948 0.962029 66.436672 -0.962029 0.272948 141.078626 0.000000 0.000000 1.000000 line
31 33 298 0.255673 0.966763 65.633178 -0.966763 0.255673 146.244286 0.000000 0.000000 1.000000 line
31 33 181 0.270746 0.962651 66.611995 -0.962651 0.270746 141.193783 0.000000 0.000000 1.000000 line
18 29 123 -0.672673 0.739940 486.032166 -0.739940 -0.672673 531.323768 0.000000 0.000000 1.000000 line
16 20 129 -0.072655 -0.997357 705.147661 0.997357 -0.072655 -237.086901 0.000000 0.000000 1.000000 line
19 29 104 -0.986239 0.165323 262.928934 -0.165323 -0.986239 565.003041 0.000000 0.000000 1.000000 line
19 29 128 0.942420 -0.334432 -253.590244 0.334432 0.942420 -43.229844 0.000000 0.000000 1.000000 line
19 29 102 -0.409056 -0.912509 290.015294 0.912509 -0.409056 -215.135381 0.000000 0.000000 1.000000 line
16 20 105 -0.374463 0.927242 -135.461245 -0.927242 -0.374463 361.860059 0.000000 0.000000 1.000000 line
26 29 221 0.368048 0.929807 -262.542184 -0.929807 0.368048 349.844821 0.000000 0.000000 1.000000 line
26 29 356 0.351123 0.936329 -262.499863 -0.936329 0.351123 354.556625 0.000000 0.000000 1.000000 line
26 29 356 0.349382 0.936980 -261.679646 -0.936980 0.349382 354.408636 0.000000 0.000000 1.000000 line
26 29 356 0.356985 0.934110 -262.551886 -0.934110 0.356985 352.265836 0.000000 0.000000 1.000000 line
26 29 151 0.396251 0.918142 -271.179434 -0.918142 0.396251 339.383822 0.000000 0.000000 1.000000 line
26 29 204 0.336772 0.941586 -257.642660 -0.941586 0.336772 359.142246 0.000000 0.000000 1.000000 line
26 29 118 0.393919 0.919145 -271.797480 -0.919145 0.393919 340.104831 0.000000 0.000000 1.000000 line
26 29 356 0.358979 0.933346 -262.983300 -0.933346 0.358979 351.677570 0.000000 0.000000 1.000000 line
