0	1	0.22795851528644562	2
-0.633238 0.773957 305.050617
-0.773957 -0.633238 469.902247
0 0 1
0	8	0.9780704379081726	0
-0.14667842653407423 -0.9891838169923163 267.15284617038935
0.9891838169923162 -0.14667842653407429 307.6057078250695
0 0 1
1	2	0.1859731823205948	2
0.72311 -0.690732 6.34511
0.690732 0.72311 141.086149
0 0 1
2	3	0.8791701197624207	0
-0.38368548927236196 0.9234640835001808 80.36839891906783
-0.9234640835001809 -0.38368548927236157 670.0864335662118
0 0 1
2	10	0.1802978217601776	2
-0.253818 0.967252 -190.750325
-0.967252 -0.253818 444.83362
0 0 1
3	4	0.17978477478027344	2
-0.6244763825751554 0.7810432611109629 -81.45928940039975
-0.7810432611109629 -0.6244763825751554 458.7347603001664
0 0 1
4	5	0.12495050579309464	2
-0.9962934385617824 0.08601996198406457 568.6662724485627
-0.08601996198406466 -0.9962934385617823 305.6050073967258
0 0 1
4	9	0.08309274166822433	2
-0.9985820141511659 0.053232759301030455 535.6581926065915
-0.05323275930103024 -0.9985820141511661 697.2158500000476
0 0 1
5	6	0.1590566337108612	2
0.10303717207639002 0.9946772940187687 -175.55220578359092
-0.9946772940187687 0.10303717207638988 169.6436145040551
0 0 1
6	9	4.3984320654999465e-05	2
0.14301872798451473 -0.9897200168652198 574.0502513770888
0.9897200168652198 0.14301872798451465 114.45440634889572
0 0 1
6	12	0.6626761555671692	0
-0.8442491377778424 -0.5359510859503591 794.4897122571745
0.5359510859503591 -0.8442491377778423 -94.59270752207766
0 0 1
7	8	7.523622480221093e-05	2
-0.912742 0.408536 369.638961
-0.408536 -0.912742 178.784711
0 0 1
7	10	0.9999805688858032	0
0.141421 0.989949 -92.447554
-0.989949 0.141421 638.599689
0 0 1
8	17	0.9997974038124084	0
0.9990904499407828 0.042646770559140484 296.2595788505766
-0.0426467705591405 0.9990904499407827 -22.51459333794579
0 0 1
9	11	0.05724400281906128	2
0.609394 0.792868 170.248241
-0.792868 0.609394 110.10252
0 0 1
9	13	0.31068363785743713	2
-0.014704 -0.999892 278.633637
0.999892 -0.014704 -270.719756
0 0 1
10	11	0.9999498128890991	0
0.9957625548188083 0.09196186166949662 -176.64821131202606
-0.09196186166949662 0.9957625548188083 -10.252586184166729
0 0 1
10	15	9.76539304247126e-05	2
-0.868817 0.495133 328.812397
-0.495133 -0.868817 205.44802
0 0 1
12	13	0.9751013517379761	0
0.893328 -0.449404 174.509879
0.449404 0.893328 -431.742486
0 0 1
12	23	0.8878582119941711	0
0.33755394862709726 -0.9413066699600379 29.455983600103977
0.9413066699600376 0.33755394862709737 49.58723004466672
0 0 1
13	14	0.010328191332519054	2
0.923563 0.383447 -178.459704
-0.383447 0.923563 77.841058
0 0 1
13	22	0.2175958901643753	2
-0.9775545846175935 0.2106802960367302 124.88517527234217
-0.2106802960367303 -0.9775545846175934 634.5829123291738
0 0 1
14	15	0.027982166036963463	2
-0.07237522113826539 -0.9973773417514492 482.22095353905013
0.9973773417514491 -0.07237522113826524 -312.4337034450815
0 0 1
14	21	0.999983549118042	0
0.997054 0.076696 -207.892034
-0.076696 0.997054 101.369606
0 0 1
15	16	0.999990701675415	0
0.447214 0.894427 -361.803765
-0.894427 0.447214 470.186918
0 0 1
15	20	6.582866626558825e-05	2
0.961462 -0.274939 142.867162
0.274939 0.961462 316.184222
0 0 1
16	17	0.0007251735660247505	2
-0.759025314758472 -0.6510612024117256 322.65562239230945
0.6510612024117255 -0.7590253147584719 48.988967873406686
0 0 1
17	18	0.998557984828949	0
0.883333 0.468746 259.666235
-0.468746 0.883333 64.581142
0 0 1
18	19	8.656302270537708e-06	2
0.638755 0.76941 53.400291
-0.76941 0.638755 -3.890104
0 0 1
18	29	0.999992847442627	0
-0.6698438511036419 0.7425019862839711 483.3291348166836
-0.7425019862839712 -0.6698438511036419 532.2522462235536
0 0 1
19	20	0.0072013926692306995	2
0.954543 -0.298073 278.354952
0.298073 0.954543 -185.614665
0 0 1
19	26	0.16355636715888977	2
0.972537877930849 0.23274636867363033 40.96622654979981
-0.23274636867363005 0.9725378779308488 269.8668524974271
0 0 1
20	28	0.16130173206329346	2
0.6183438625438391 0.7859080205179011 59.41820641396849
-0.7859080205179012 0.6183438625438391 479.2905097671305
0 0 1
21	22	0.40019357204437256	2
-0.766129 0.642686 224.009096
-0.642686 -0.766129 545.599033
0 0 1
22	24	0.001706459210254252	2
-0.9033055509608076 -0.4289967978719562 611.1947812445798
0.42899679787195627 -0.9033055509608074 -9.140658691471302
0 0 1
23	25	0.9927423000335693	0
0.00039700159043079715 -0.999999921194865 252.58363270965532
0.9999999211948649 0.00039700159043048295 99.26387292950504
0 0 1
24	25	3.9767393900547177e-05	2
-0.840184 -0.542301 608.486417
0.542301 -0.840184 370.042088
0 0 1
24	27	0.9918043613433838	0
0.469613 -0.882872 226.691075
0.882872 0.469613 -214.169394
0 0 1
25	30	0.010259556584060192	2
-0.9249866297147322 0.37999888621150024 703.2058330671209
-0.3799988862115003 -0.9249866297147321 437.6458185564963
0 0 1
26	28	0.9996742010116577	0
0.9379949146264168 0.3466483417081086 145.20431610491002
-0.34664834170810876 0.9379949146264166 51.14763577241158
0 0 1
26	29	6.78870637784712e-05	2
0.3575099613010904 0.9339092085933691 -262.6750657298338
-0.9339092085933692 0.35750996130109036 352.1610308035581
0 0 1
26	31	0.0013462156057357788	2
0.5354437974996606 -0.8445709972193829 229.3134068850036
0.8445709972193828 0.5354437974996605 241.87247638175015
0 0 1
27	28	0.8258542418479919	0
0.96 0.28 -441.48
-0.28 0.96 37.64
0 0 1
27	35	0.00035178838879801333	2
-0.987818 0.155615 270.521308
-0.155615 -0.987818 747.407351
0 0 1
28	33	0.0031789198983460665	2
0.999447 -0.033257 -115.312918
0.033257 0.999447 304.947525
0 0 1
30	32	0.08925221860408783	2
0.134447 -0.990921 342.161455
0.990921 0.134447 -193.823419
0 0 1
31	33	0.3486270010471344	2
0.255113 0.966911 65.874765
-0.966911 0.255113 145.409063
0 0 1
31	34	0.11479370296001434	2
0.457015 0.889459 -112.949946
-0.889459 0.457015 385.667721
0 0 1
32	35	0.4162174463272095	2
-0.9965695927253809 0.08275702202935983 74.04783868475303
-0.08275702202935982 -0.996569592725381 452.0525900342728
0 0 1
33	35	0.9608006477355957	0
-0.887283 0.461226 594.559243
-0.461226 -0.887283 558.810023
0 0 1
