Node 0
Node 1
Node 2
Node 3
Node 4
Node 5
Node 6
Node 7
Node 8
Node 9
Node 10
Node 11
Node 12
Node 13
Node 14
Node 15
Node 16
Node 17
Node 18
Node 19
Node 20
Node 21
Node 22
Node 23
Node 24
Node 25
Node 26
Node 27
Node 28
Node 29
Node 30
Node 31
Node 32
Node 33
Node 34
Node 35
0 1 340.0 -0.628287 0.777982 303.448460 -0.777982 -0.628287 471.264283 0.000000 0.000000 1.000000
0 1 340.0 -0.630154 0.776470 304.367790 -0.776470 -0.630154 471.340019 0.000000 0.000000 1.000000
0 1 340.0 -0.622641 0.782508 301.231048 -0.782508 -0.622641 471.322795 0.000000 0.000000 1.000000
0 1 340.0 -0.633238 0.773957 305.050617 -0.773957 -0.633238 469.902247 0.000000 0.000000 1.000000
0 1 308.0 -0.640184 0.768221 307.022074 -0.768221 -0.640184 469.776634 0.000000 0.000000 1.000000
0 1 286.0 -0.637568 0.770394 308.689455 -0.770394 -0.637568 470.854407 0.000000 0.000000 1.000000
0 1 256.0 -0.648466 0.761243 312.086641 -0.761243 -0.648466 469.548178 0.000000 0.000000 1.000000
0 1 165.0 -0.600000 0.800000 292.400000 -0.800000 -0.600000 472.200000 0.000000 0.000000 1.000000
0 1 124.0 -0.608901 0.793247 299.648254 -0.793247 -0.608901 473.848922 0.000000 0.000000 1.000000
0 8 163.0 -0.074933 -0.997189 262.786779 0.997189 -0.074933 296.091995 0.000000 0.000000 1.000000
0 8 143.0 -0.093209 -0.995647 264.857126 0.995647 -0.093209 300.712445 0.000000 0.000000 1.000000
0 8 143.0 -0.146549 -0.989203 267.572556 0.989203 -0.146549 307.138942 0.000000 0.000000 1.000000
0 8 139.0 -0.076696 -0.997054 263.710206 0.997054 -0.076696 295.815340 0.000000 0.000000 1.000000
1 2 239.0 0.723110 -0.690732 6.345110 0.690732 0.723110 141.086149 0.000000 0.000000 1.000000
1 2 160.0 0.750825 -0.660501 -2.231458 0.660501 0.750825 147.164902 0.000000 0.000000 1.000000
1 2 101.0 0.696885 -0.717183 11.929297 0.717183 0.696885 138.334795 0.000000 0.000000 1.000000
2 3 289.0 -0.379825 0.925058 79.644726 -0.925058 -0.379825 668.097027 0.000000 0.000000 1.000000
2 3 231.0 -0.396481 0.918043 87.220163 -0.918043 -0.396481 671.867202 0.000000 0.000000 1.000000
2 3 231.0 -0.382352 0.924017 81.804265 -0.924017 -0.382352 669.490381 0.000000 0.000000 1.000000
2 3 209.0 -0.402739 0.915315 87.237982 -0.915315 -0.402739 670.677875 0.000000 0.000000 1.000000
2 3 192.0 -0.367057 0.930199 72.864374 -0.930199 -0.367057 669.868662 0.000000 0.000000 1.000000
2 3 191.0 -0.382352 0.924017 76.973673 -0.924017 -0.382352 669.406973 0.000000 0.000000 1.000000
2 3 165.0 -0.404506 0.914535 63.477266 -0.914535 -0.404506 674.284622 0.000000 0.000000 1.000000
2 10 388.0 -0.253818 0.967252 -190.750325 -0.967252 -0.253818 444.833620 0.000000 0.000000 1.000000
2 10 376.0 -0.250962 0.967997 -192.726385 -0.967997 -0.250962 444.145589 0.000000 0.000000 1.000000
2 10 370.0 -0.263117 0.964764 -189.140794 -0.964764 -0.263117 445.741347 0.000000 0.000000 1.000000
2 10 324.0 -0.234641 0.972082 -197.185070 -0.972082 -0.234641 440.023915 0.000000 0.000000 1.000000
2 10 199.0 -0.231353 0.972870 -195.126110 -0.972870 -0.231353 439.151685 0.000000 0.000000 1.000000
2 10 169.0 -0.223144 0.974786 -199.626762 -0.974786 -0.223144 437.295021 0.000000 0.000000 1.000000
2 10 160.0 -0.300598 0.953751 -175.570704 -0.953751 -0.300598 453.747088 0.000000 0.000000 1.000000
2 10 158.0 -0.211240 0.977434 -207.373284 -0.977434 -0.211240 434.599523 0.000000 0.000000 1.000000
2 10 141.0 -0.212883 0.977078 -203.075610 -0.977078 -0.212883 435.299517 0.000000 0.000000 1.000000
2 10 124.0 -0.207090 0.978322 -208.468893 -0.978322 -0.207090 433.686315 0.000000 0.000000 1.000000
2 10 117.0 -0.293591 0.955931 -184.507274 -0.955931 -0.293591 454.800930 0.000000 0.000000 1.000000
3 4 398.0 -0.625325 0.780364 -81.766585 -0.780364 -0.625325 460.162072 0.000000 0.000000 1.000000
3 4 374.0 -0.632930 0.774209 -79.098150 -0.774209 -0.632930 460.562028 0.000000 0.000000 1.000000
3 4 374.0 -0.626191 0.779669 -81.726240 -0.779669 -0.626191 458.241215 0.000000 0.000000 1.000000
3 4 305.0 -0.616882 0.787056 -83.686132 -0.787056 -0.616882 457.157960 0.000000 0.000000 1.000000
3 4 209.0 -0.613941 0.789352 -87.457919 -0.789352 -0.613941 455.055475 0.000000 0.000000 1.000000
4 5 227.0 -0.996270 0.086291 569.098486 -0.086291 -0.996270 306.398311 0.000000 0.000000 1.000000
4 5 203.0 -0.996376 0.085056 570.375744 -0.085056 -0.996376 307.512913 0.000000 0.000000 1.000000
4 5 177.0 -0.994757 0.102265 568.583488 -0.102265 -0.994757 310.165087 0.000000 0.000000 1.000000
4 5 117.0 -0.994165 0.107871 567.650817 -0.107871 -0.994165 309.874343 0.000000 0.000000 1.000000
4 5 104.0 -0.999253 0.038645 575.579966 -0.038645 -0.999253 294.531133 0.000000 0.000000 1.000000
4 9 218.0 -0.998568 0.053495 535.160074 -0.053495 -0.998568 697.761757 0.000000 0.000000 1.000000
4 9 218.0 -0.998562 0.053614 535.397455 -0.053614 -0.998562 697.497479 0.000000 0.000000 1.000000
4 9 218.0 -0.997824 0.065935 531.190598 -0.065935 -0.997824 700.018010 0.000000 0.000000 1.000000
4 9 145.0 -0.997054 0.076696 529.285939 -0.076696 -0.997054 703.861106 0.000000 0.000000 1.000000
4 9 139.0 -0.999635 0.027017 544.338282 -0.027017 -0.999635 688.563910 0.000000 0.000000 1.000000
4 9 113.0 -0.999483 0.032162 541.451511 -0.032162 -0.999483 690.374010 0.000000 0.000000 1.000000
5 6 139.0 0.107221 0.994235 -175.489833 -0.994235 0.107221 168.408181 0.000000 0.000000 1.000000
5 6 139.0 0.110432 0.993884 -175.151872 -0.993884 0.110432 167.102104 0.000000 0.000000 1.000000
5 6 139.0 0.089912 0.995950 -173.576107 -0.995950 0.089912 173.576211 0.000000 0.000000 1.000000
6 9 234.0 0.136982 -0.990574 574.879422 0.990574 0.136982 116.134110 0.000000 0.000000 1.000000
6 9 197.0 0.144307 -0.989533 574.880139 0.989533 0.144307 113.217707 0.000000 0.000000 1.000000
6 9 177.0 0.155963 -0.987763 570.854486 0.987763 0.155963 110.526948 0.000000 0.000000 1.000000
6 9 163.0 0.124035 -0.992278 577.944218 0.992278 0.124035 119.170142 0.000000 0.000000 1.000000
6 12 124.0 -0.845489 -0.533993 794.400894 0.533993 -0.845489 -93.578616 0.000000 0.000000 1.000000
7 8 301.0 -0.910311 0.413925 370.155609 -0.413925 -0.910311 178.656282 0.000000 0.000000 1.000000
7 8 301.0 -0.912742 0.408536 369.638961 -0.408536 -0.912742 178.784711 0.000000 0.000000 1.000000
7 8 301.0 -0.910906 0.412615 369.579819 -0.412615 -0.910906 179.619789 0.000000 0.000000 1.000000
7 8 236.0 -0.907267 0.420556 371.333504 -0.420556 -0.907267 179.703012 0.000000 0.000000 1.000000
7 8 157.0 -0.905151 0.425091 367.503614 -0.425091 -0.905151 183.939838 0.000000 0.000000 1.000000
7 8 157.0 -0.906050 0.423170 372.340055 -0.423170 -0.906050 180.859770 0.000000 0.000000 1.000000
7 8 157.0 -0.898474 0.439027 371.387565 -0.439027 -0.898474 180.552338 0.000000 0.000000 1.000000
7 8 142.0 -0.924454 0.381292 375.649529 -0.381292 -0.924454 172.061992 0.000000 0.000000 1.000000
7 10 124.0 0.141421 0.989949 -92.447554 -0.989949 0.141421 638.599689 0.000000 0.000000 1.000000
8 17 190.0 0.999109 0.042216 295.646356 -0.042216 0.999109 -22.309961 0.000000 0.000000 1.000000
8 17 190.0 0.999342 0.036280 297.031600 -0.036280 0.999342 -23.358375 0.000000 0.000000 1.000000
8 17 190.0 0.998003 0.063165 292.516101 -0.063165 0.998003 -21.833292 0.000000 0.000000 1.000000
8 17 166.0 0.999289 0.037709 296.927414 -0.037709 0.999289 -23.461620 0.000000 0.000000 1.000000
8 17 141.0 0.996457 0.084107 291.847846 -0.084107 0.996457 -21.008024 0.000000 0.000000 1.000000
9 11 248.0 0.609394 0.792868 170.248241 -0.792868 0.609394 110.102520 0.000000 0.000000 1.000000
9 11 155.0 0.588172 0.808736 172.502811 -0.808736 0.588172 110.889610 0.000000 0.000000 1.000000
9 11 155.0 0.568004 0.823026 171.529419 -0.823026 0.568004 112.762999 0.000000 0.000000 1.000000
9 11 110.0 0.638840 0.769340 173.194393 -0.769340 0.638840 102.684553 0.000000 0.000000 1.000000
9 13 246.0 -0.014704 -0.999892 278.633637 0.999892 -0.014704 -270.719756 0.000000 0.000000 1.000000
9 13 175.0 -0.049819 -0.998758 294.114293 0.998758 -0.049819 -266.368566 0.000000 0.000000 1.000000
9 13 159.0 -0.068240 -0.997669 298.762047 0.997669 -0.068240 -259.710594 0.000000 0.000000 1.000000
9 13 136.0 0.008196 -0.999966 266.952299 0.999966 0.008196 -275.653465 0.000000 0.000000 1.000000
9 13 119.0 -0.067263 -0.997735 295.766280 0.997735 -0.067263 -263.765493 0.000000 0.000000 1.000000
9 13 119.0 -0.065188 -0.997873 293.996376 0.997873 -0.065188 -263.525178 0.000000 0.000000 1.000000
10 11 165.0 0.996270 0.086291 -176.064049 -0.086291 0.996270 -10.963222 0.000000 0.000000 1.000000
10 15 361.0 -0.868817 0.495133 328.812397 -0.495133 -0.868817 205.448020 0.000000 0.000000 1.000000
10 15 356.0 -0.872143 0.489251 329.221209 -0.489251 -0.872143 206.333225 0.000000 0.000000 1.000000
10 15 356.0 -0.870250 0.492611 328.105529 -0.492611 -0.870250 206.387268 0.000000 0.000000 1.000000
10 15 356.0 -0.872143 0.489251 328.759112 -0.489251 -0.872143 205.387309 0.000000 0.000000 1.000000
10 15 346.0 -0.876927 0.480623 332.967805 -0.480623 -0.876927 205.752159 0.000000 0.000000 1.000000
10 15 230.0 -0.867786 0.496937 327.714387 -0.496937 -0.867786 208.434076 0.000000 0.000000 1.000000
10 15 223.0 -0.883788 0.467888 333.601015 -0.467888 -0.883788 205.476370 0.000000 0.000000 1.000000
10 15 168.0 -0.865426 0.501036 327.475059 -0.501036 -0.865426 204.135916 0.000000 0.000000 1.000000
10 15 138.0 -0.857493 0.514496 323.785428 -0.514496 -0.857493 207.100055 0.000000 0.000000 1.000000
10 15 117.0 -0.600568 -0.799573 522.498869 0.799573 -0.600568 436.882693 0.000000 0.000000 1.000000
10 15 110.0 -0.842696 0.538389 318.917541 -0.538389 -0.842696 213.844023 0.000000 0.000000 1.000000
10 15 110.0 -0.841548 0.540183 318.849492 -0.540183 -0.841548 213.401683 0.000000 0.000000 1.000000
10 15 106.0 -0.888975 0.457957 334.495374 -0.457957 -0.888975 206.316745 0.000000 0.000000 1.000000
12 13 549.0 0.893328 -0.449404 174.509879 0.449404 0.893328 -431.742486 0.000000 0.000000 1.000000
12 13 263.0 0.887755 -0.460317 181.040237 0.460317 0.887755 -430.149331 0.000000 0.000000 1.000000
12 13 262.0 0.905521 -0.424301 161.858154 0.424301 0.905521 -425.389803 0.000000 0.000000 1.000000
12 13 165.0 0.879292 -0.476283 191.015848 0.476283 0.879292 -434.843503 0.000000 0.000000 1.000000
12 13 152.0 0.886445 -0.462834 180.491707 0.462834 0.886445 -438.696086 0.000000 0.000000 1.000000
12 13 141.0 0.919145 -0.393919 146.313319 0.393919 0.919145 -421.137837 0.000000 0.000000 1.000000
12 13 134.0 0.887755 -0.460317 203.834014 0.460317 0.887755 -440.617606 0.000000 0.000000 1.000000
12 13 125.0 0.915549 -0.402206 147.259703 0.402206 0.915549 -421.066010 0.000000 0.000000 1.000000
12 13 121.0 0.913812 -0.406138 149.542914 0.406138 0.913812 -433.799331 0.000000 0.000000 1.000000
12 13 111.0 0.920629 -0.390438 141.956277 0.390438 0.920629 -427.629293 0.000000 0.000000 1.000000
12 23 153.0 0.324324 -0.945946 32.702703 0.945946 0.324324 49.216216 0.000000 0.000000 1.000000
12 23 145.0 0.342328 -0.939581 28.809869 0.939581 0.342328 48.621377 0.000000 0.000000 1.000000
12 23 127.0 0.331199 -0.943561 31.279584 0.943561 0.331199 51.324274 0.000000 0.000000 1.000000
13 14 390.0 0.923563 0.383447 -178.459704 -0.383447 0.923563 77.841058 0.000000 0.000000 1.000000
13 14 315.0 0.917857 0.396911 -180.033446 -0.396911 0.917857 83.640059 0.000000 0.000000 1.000000
13 14 247.0 0.914239 0.405174 -180.936376 -0.405174 0.914239 87.872270 0.000000 0.000000 1.000000
13 14 194.0 0.929682 0.368364 -180.361215 -0.368364 0.929682 68.837514 0.000000 0.000000 1.000000
13 14 127.0 0.906379 0.422465 -182.161866 -0.422465 0.906379 93.287452 0.000000 0.000000 1.000000
13 22 168.0 -0.976187 0.216930 124.261871 -0.216930 -0.976187 635.303838 0.000000 0.000000 1.000000
13 22 168.0 -0.977802 0.209529 125.263159 -0.209529 -0.977802 635.035274 0.000000 0.000000 1.000000
13 22 168.0 -0.979414 0.201864 126.761317 -0.201864 -0.979414 635.707659 0.000000 0.000000 1.000000
14 15 350.0 -0.072655 -0.997357 482.259263 0.997357 -0.072655 -312.354998 0.000000 0.000000 1.000000
14 15 350.0 -0.068621 -0.997643 480.134586 0.997643 -0.068621 -314.033651 0.000000 0.000000 1.000000
14 15 350.0 -0.060891 -0.998144 477.706907 0.998144 -0.060891 -315.041248 0.000000 0.000000 1.000000
14 15 331.0 -0.076696 -0.997054 483.941655 0.997054 -0.076696 -312.556132 0.000000 0.000000 1.000000
14 15 287.0 -0.051215 -0.998688 473.398849 0.998688 -0.051215 -319.603439 0.000000 0.000000 1.000000
14 15 285.0 -0.081916 -0.996639 486.726489 0.996639 -0.081916 -308.310297 0.000000 0.000000 1.000000
14 15 253.0 -0.047068 -0.998892 472.002868 0.998892 -0.047068 -320.747645 0.000000 0.000000 1.000000
14 15 165.0 -0.097387 -0.995247 489.996869 0.995247 -0.097387 -305.717449 0.000000 0.000000 1.000000
14 15 162.0 -0.031235 -0.999512 465.432930 0.999512 -0.031235 -325.409517 0.000000 0.000000 1.000000
14 15 147.0 -0.028026 -0.999607 463.534900 0.999607 -0.028026 -324.484534 0.000000 0.000000 1.000000
14 21 157.0 0.997054 0.076696 -207.892034 -0.076696 0.997054 101.369606 0.000000 0.000000 1.000000
15 16 319.0 0.447214 0.894427 -361.803765 -0.894427 0.447214 470.186918 0.000000 0.000000 1.000000
15 16 268.0 0.470588 0.882353 -362.294118 -0.882353 0.470588 459.176471 0.000000 0.000000 1.000000
15 16 188.0 0.432860 0.901461 -359.112632 -0.901461 0.432860 475.540666 0.000000 0.000000 1.000000
15 20 428.0 0.961462 -0.274939 142.867162 0.274939 0.961462 316.184222 0.000000 0.000000 1.000000
15 20 385.0 0.959952 -0.280164 145.910746 0.280164 0.959952 315.337593 0.000000 0.000000 1.000000
15 20 354.0 0.961110 -0.276166 145.652378 0.276166 0.961110 315.313590 0.000000 0.000000 1.000000
15 20 241.0 0.965363 -0.260909 141.713681 0.260909 0.965363 315.519093 0.000000 0.000000 1.000000
15 20 235.0 0.965788 -0.259332 140.303773 0.259332 0.965788 320.772576 0.000000 0.000000 1.000000
15 20 229.0 0.954817 -0.297195 147.718948 0.297195 0.954817 312.246081 0.000000 0.000000 1.000000
16 17 323.0 -0.759257 -0.650791 322.301081 0.650791 -0.759257 49.555755 0.000000 0.000000 1.000000
16 17 250.0 -0.742355 -0.670007 321.042334 0.670007 -0.742355 45.809839 0.000000 0.000000 1.000000
16 17 120.0 -0.790550 -0.612398 323.688716 0.612398 -0.790550 53.452304 0.000000 0.000000 1.000000
17 18 250.0 0.883333 0.468746 259.666235 -0.468746 0.883333 64.581142 0.000000 0.000000 1.000000
17 18 182.0 0.880471 0.474100 262.233911 -0.474100 0.880471 64.011777 0.000000 0.000000 1.000000
18 19 305.0 0.642514 0.766274 54.316777 -0.766274 0.642514 -4.972426 0.000000 0.000000 1.000000
18 19 305.0 0.638755 0.769410 53.400291 -0.769410 0.638755 -3.890104 0.000000 0.000000 1.000000
18 19 257.0 0.654414 0.756136 54.319200 -0.756136 0.654414 -7.660031 0.000000 0.000000 1.000000
18 19 230.0 0.657943 0.753068 56.608560 -0.753068 0.657943 -9.071980 0.000000 0.000000 1.000000
18 19 210.0 0.624695 0.780869 52.156646 -0.780869 0.624695 -2.462186 0.000000 0.000000 1.000000
18 19 182.0 0.672673 0.739940 58.201168 -0.739940 0.672673 -12.959177 0.000000 0.000000 1.000000
18 19 102.0 0.689437 0.724345 61.392878 -0.724345 0.689437 -19.260452 0.000000 0.000000 1.000000
18 29 123.0 -0.677681 0.735356 486.686099 -0.735356 -0.677681 529.054987 0.000000 0.000000 1.000000
18 29 123.0 -0.672673 0.739940 486.032166 -0.739940 -0.672673 531.323768 0.000000 0.000000 1.000000
19 20 243.0 0.954543 -0.298073 278.354952 0.298073 0.954543 -185.614665 0.000000 0.000000 1.000000
19 20 215.0 0.964498 -0.264089 268.299339 0.264089 0.964498 -186.732049 0.000000 0.000000 1.000000
19 20 195.0 0.949757 -0.312988 283.521000 0.312988 0.949757 -186.424282 0.000000 0.000000 1.000000
19 20 151.0 0.937622 -0.347657 294.094138 0.347657 0.937622 -185.161319 0.000000 0.000000 1.000000
19 26 247.0 0.972746 0.231875 39.752542 -0.231875 0.972746 270.140789 0.000000 0.000000 1.000000
19 26 247.0 0.970143 0.242536 40.668344 -0.242536 0.970143 271.751951 0.000000 0.000000 1.000000
19 26 225.0 0.974333 0.225111 38.878493 -0.225111 0.974333 268.467037 0.000000 0.000000 1.000000
19 26 162.0 0.966235 0.257663 40.379943 -0.257663 0.966235 272.482054 0.000000 0.000000 1.000000
19 26 143.0 0.975818 0.218583 41.271817 -0.218583 0.975818 270.662999 0.000000 0.000000 1.000000
19 26 142.0 0.960907 0.276871 40.665112 -0.276871 0.960907 275.381084 0.000000 0.000000 1.000000
19 26 140.0 0.961524 0.274721 39.941856 -0.274721 0.961524 277.444792 0.000000 0.000000 1.000000
19 26 113.0 0.961764 0.273880 39.990121 -0.273880 0.961764 277.022080 0.000000 0.000000 1.000000
20 28 210.0 0.616882 0.787056 60.418414 -0.787056 0.616882 479.201859 0.000000 0.000000 1.000000
20 28 124.0 0.613941 0.789352 60.805658 -0.789352 0.613941 482.285585 0.000000 0.000000 1.000000
21 22 176.0 -0.766129 0.642686 224.009096 -0.642686 -0.766129 545.599033 0.000000 0.000000 1.000000
21 22 106.0 -0.775712 0.631087 228.148393 -0.631087 -0.775712 545.240681 0.000000 0.000000 1.000000
22 24 217.0 -0.902134 -0.431455 611.366667 0.431455 -0.902134 -10.018075 0.000000 0.000000 1.000000
22 24 132.0 -0.930408 -0.366525 616.896406 0.366525 -0.930408 16.187601 0.000000 0.000000 1.000000
22 24 121.0 -0.894427 -0.447214 610.483411 0.447214 -0.894427 -19.265321 0.000000 0.000000 1.000000
23 25 177.0 0.000000 -1.000000 251.000000 1.000000 0.000000 100.000000 0.000000 0.000000 1.000000
23 25 172.0 0.000000 -1.000000 252.000000 1.000000 0.000000 99.000000 0.000000 0.000000 1.000000
23 25 127.0 0.000000 -1.000000 250.000000 1.000000 0.000000 101.000000 0.000000 0.000000 1.000000
24 25 417.0 -0.841652 -0.540020 608.169959 0.540020 -0.841652 370.294894 0.000000 0.000000 1.000000
24 25 417.0 -0.840184 -0.542301 608.486417 0.542301 -0.840184 370.042088 0.000000 0.000000 1.000000
24 25 407.0 -0.836048 -0.548656 608.616888 0.548656 -0.836048 367.212521 0.000000 0.000000 1.000000
24 25 364.0 -0.833630 -0.552323 609.761762 0.552323 -0.833630 367.411155 0.000000 0.000000 1.000000
24 25 336.0 -0.830430 -0.557124 609.229367 0.557124 -0.830430 364.441058 0.000000 0.000000 1.000000
24 25 223.0 -0.830050 -0.557690 611.437418 0.557690 -0.830050 366.276469 0.000000 0.000000 1.000000
24 25 201.0 -0.832050 -0.554700 611.020978 0.554700 -0.832050 367.521790 0.000000 0.000000 1.000000
24 25 201.0 -0.848731 -0.528825 606.684019 0.528825 -0.848731 377.207178 0.000000 0.000000 1.000000
24 25 183.0 -0.859020 -0.511941 604.627291 0.511941 -0.859020 383.169467 0.000000 0.000000 1.000000
24 25 156.0 -0.866622 -0.498964 602.834924 0.498964 -0.866622 388.614651 0.000000 0.000000 1.000000
24 27 162.0 0.469613 -0.882872 226.691075 0.882872 0.469613 -214.169394 0.000000 0.000000 1.000000
24 27 121.0 0.468746 -0.883333 224.400050 0.883333 0.468746 -214.743194 0.000000 0.000000 1.000000
25 30 125.0 -0.911899 0.410414 693.824562 -0.410414 -0.911899 450.213165 0.000000 0.000000 1.000000
25 30 112.0 -0.926092 0.377297 703.994920 -0.377297 -0.926092 435.996149 0.000000 0.000000 1.000000
25 30 107.0 -0.938522 0.345221 714.682238 -0.345221 -0.938522 427.547727 0.000000 0.000000 1.000000
26 28 176.0 0.938343 0.345705 145.335492 -0.345705 0.938343 52.849554 0.000000 0.000000 1.000000
26 28 151.0 0.944950 0.327216 146.800317 -0.327216 0.944950 47.555516 0.000000 0.000000 1.000000
26 28 127.0 0.945831 0.324660 148.159930 -0.324660 0.945831 46.927660 0.000000 0.000000 1.000000
26 28 108.0 0.934595 0.355714 144.685960 -0.355714 0.934595 53.852676 0.000000 0.000000 1.000000
26 29 356.0 0.351123 0.936329 -262.499863 -0.936329 0.351123 354.556625 0.000000 0.000000 1.000000
26 29 356.0 0.349382 0.936980 -261.679646 -0.936980 0.349382 354.408636 0.000000 0.000000 1.000000
26 29 356.0 0.356985 0.934110 -262.551886 -0.934110 0.356985 352.265836 0.000000 0.000000 1.000000
26 29 356.0 0.358979 0.933346 -262.983300 -0.933346 0.358979 351.677570 0.000000 0.000000 1.000000
26 29 221.0 0.368048 0.929807 -262.542184 -0.929807 0.368048 349.844821 0.000000 0.000000 1.000000
26 29 204.0 0.336772 0.941586 -257.642660 -0.941586 0.336772 359.142246 0.000000 0.000000 1.000000
26 29 151.0 0.396251 0.918142 -271.179434 -0.918142 0.396251 339.383822 0.000000 0.000000 1.000000
26 29 118.0 0.393919 0.919145 -271.797480 -0.919145 0.393919 340.104831 0.000000 0.000000 1.000000
26 31 195.0 0.529999 -0.847998 231.560657 0.847998 0.529999 243.345279 0.000000 0.000000 1.000000
26 31 165.0 0.535509 -0.844530 229.474088 0.844530 0.535509 241.410749 0.000000 0.000000 1.000000
26 31 154.0 0.532350 -0.846524 229.477726 0.846524 0.532350 242.742408 0.000000 0.000000 1.000000
26 31 144.0 0.514496 -0.857493 233.022261 0.857493 0.514496 244.402602 0.000000 0.000000 1.000000
26 31 139.0 0.530580 -0.847635 228.509448 0.847635 0.530580 242.606447 0.000000 0.000000 1.000000
26 31 132.0 0.537190 -0.843461 232.068530 0.843461 0.537190 242.151450 0.000000 0.000000 1.000000
26 31 111.0 0.588172 -0.808736 220.912261 0.808736 0.588172 237.617688 0.000000 0.000000 1.000000
27 28 196.0 0.960000 0.280000 -441.480000 -0.280000 0.960000 37.640000 0.000000 0.000000 1.000000
27 28 173.0 0.964085 0.265594 -438.358274 -0.265594 0.964085 29.016634 0.000000 0.000000 1.000000
27 28 102.0 0.948683 0.316228 -455.239016 -0.316228 0.948683 54.093301 0.000000 0.000000 1.000000
27 28 102.0 0.970143 0.242536 -429.784154 -0.242536 0.970143 18.565879 0.000000 0.000000 1.000000
27 28 102.0 0.972387 0.233373 -427.143766 -0.233373 0.972387 13.684486 0.000000 0.000000 1.000000
27 35 158.0 -0.987818 0.155615 270.521308 -0.155615 -0.987818 747.407351 0.000000 0.000000 1.000000
27 35 107.0 -0.963993 0.265929 231.950852 -0.265929 -0.963993 762.819984 0.000000 0.000000 1.000000
28 33 362.0 0.999447 -0.033257 -115.312918 0.033257 0.999447 304.947525 0.000000 0.000000 1.000000
28 33 312.0 0.999722 -0.023578 -115.357395 0.023578 0.999722 307.687701 0.000000 0.000000 1.000000
28 33 168.0 0.997170 -0.075183 -109.945620 0.075183 0.997170 291.825757 0.000000 0.000000 1.000000
28 33 155.0 0.997684 -0.068024 -108.445962 0.068024 0.997684 292.239194 0.000000 0.000000 1.000000
28 33 155.0 0.997189 -0.074933 -107.242917 0.074933 0.997189 290.618961 0.000000 0.000000 1.000000
28 33 151.0 1.000000 0.000000 -119.000000 -0.000000 1.000000 320.000000 0.000000 0.000000 1.000000
28 33 151.0 0.999954 0.009615 -119.529469 -0.009615 0.999954 322.865437 0.000000 0.000000 1.000000
28 33 134.0 0.997987 -0.063413 -113.110537 0.063413 0.997987 293.176741 0.000000 0.000000 1.000000
28 33 105.0 1.000000 0.000000 -119.000000 -0.000000 1.000000 315.000000 0.000000 0.000000 1.000000
28 33 104.0 0.997906 -0.064679 -114.563042 0.064679 0.997906 298.778773 0.000000 0.000000 1.000000
30 32 267.0 0.134447 -0.990921 342.161455 0.990921 0.134447 -193.823419 0.000000 0.000000 1.000000
30 32 149.0 0.158733 -0.987321 337.544370 0.987321 0.158733 -200.539099 0.000000 0.000000 1.000000
30 32 141.0 0.166651 -0.986016 335.376604 0.986016 0.166651 -197.412095 0.000000 0.000000 1.000000
31 33 298.0 0.255113 0.966911 65.874765 -0.966911 0.255113 145.409063 0.000000 0.000000 1.000000
31 33 298.0 0.270018 0.962855 64.405076 -0.962855 0.270018 143.307626 0.000000 0.000000 1.000000
31 33 298.0 0.253818 0.967252 66.086673 -0.967252 0.253818 146.208698 0.000000 0.000000 1.000000
31 33 298.0 0.251882 0.967758 63.500626 -0.967758 0.251882 145.650081 0.000000 0.000000 1.000000
31 33 298.0 0.255673 0.966763 65.633178 -0.966763 0.255673 146.244286 0.000000 0.000000 1.000000
31 33 285.0 0.249878 0.968277 64.320612 -0.968277 0.249878 147.597604 0.000000 0.000000 1.000000
31 33 236.0 0.272948 0.962029 66.436672 -0.962029 0.272948 141.078626 0.000000 0.000000 1.000000
31 33 195.0 0.270746 0.962651 64.307867 -0.962651 0.270746 144.609888 0.000000 0.000000 1.000000
31 33 181.0 0.270746 0.962651 66.611995 -0.962651 0.270746 141.193783 0.000000 0.000000 1.000000
31 33 134.0 0.227414 0.973798 66.685504 -0.973798 0.227414 151.022804 0.000000 0.000000 1.000000
31 34 346.0 0.457015 0.889459 -112.949946 -0.889459 0.457015 385.667721 0.000000 0.000000 1.000000
31 34 294.0 0.444596 0.895731 -111.255524 -0.895731 0.444596 390.661812 0.000000 0.000000 1.000000
31 34 161.0 0.478527 0.878073 -112.665399 -0.878073 0.478527 375.819363 0.000000 0.000000 1.000000
31 34 145.0 0.489251 0.872143 -113.235696 -0.872143 0.489251 372.607265 0.000000 0.000000 1.000000
31 34 129.0 0.429506 0.903064 -111.669601 -0.903064 0.429506 397.515755 0.000000 0.000000 1.000000
32 35 319.0 -0.996962 0.077888 75.048674 -0.077888 -0.996962 452.822581 0.000000 0.000000 1.000000
32 35 319.0 -0.996976 0.077708 75.415465 -0.077708 -0.996976 453.602010 0.000000 0.000000 1.000000
32 35 178.0 -0.994635 0.103442 71.495304 -0.103442 -0.994635 452.340792 0.000000 0.000000 1.000000
32 35 170.0 -0.997958 0.063869 78.378792 -0.063869 -0.997958 454.316218 0.000000 0.000000 1.000000
32 35 155.0 -0.998305 0.058197 77.569656 -0.058197 -0.998305 451.302766 0.000000 0.000000 1.000000
32 35 155.0 -0.998842 0.048103 79.604692 -0.048103 -0.998842 450.800763 0.000000 0.000000 1.000000
32 35 130.0 -0.994172 0.107802 67.096129 -0.107802 -0.994172 454.424595 0.000000 0.000000 1.000000
33 35 160.0 -0.887283 0.461226 594.559243 -0.461226 -0.887283 558.810023 0.000000 0.000000 1.000000
