1 
1 0 1632.475892  0 1 1631.600565  0 0 1
2 
0.241922 0.970296 1703.134687  -0.970296 0.241922 1817.289337  0 0 1
3 
0.438371 -0.898794 1976.209511  0.898794 0.438371 1580.170174  0 0 1
4 
-0.829038 0.559193 2074.457060  -0.559193 -0.829038 1914.039657  0 0 1
5 
-0.469472 -0.882948 2314.371814  0.882948 -0.469472 1683.252448  0 0 1
6 
0.882948 0.469472 2105.889905  -0.469472 0.882948 1686.178475  0 0 1
7 
1 0 2295  0 1 1632  0 0 1
8 
-0.656059 -0.754710 2678.481988  0.754710 -0.656059 1736.859339  0 0 1
9 
-0.857167 -0.515038 2769.074821  0.515038 -0.857167 1798.075257  0 0 1
10 
-0.358368 0.933580 2655.419556  -0.933580 -0.358368 1917.399732  0 0 1
11 
-0.358368 -0.933580 2081.850083  0.933580 -0.358368 1845.721543  0 0 1
12 
-0.913545 0.406737 1763.651569  -0.406737 -0.913545 2056.961569  0 0 1
13 
-0.838671 -0.544639 1987.384405  0.544639 -0.838671 1948.727792  0 0 1
14 
0.766044 0.642788 2194.714585  -0.642788 0.766044 1908.814394  0 0 1
15 
0.515038 -0.857167 2065.351904  0.857167 0.515038 1760.430030  0 0 1
16 
0.874620 -0.484810 2227.907566  0.484810 0.874620 1763.767200  0 0 1
17 
-0.777146 -0.629320 2676.778041  0.629320 -0.777146 1967.235375  0 0 1
18 
-0.017452 -0.999848 2237.018206  0.999848 -0.017452 1817.941018  0 0 1
19 
0.920505 0.390731 2564.082027  -0.390731 0.920505 1863.456083  0 0 1
20 
-0.358368 -0.933580 2746.827032  0.933580 -0.358368 1863.299713  0 0 1
21 
0.984808 -0.173648 1637.876106  0.173648 0.984808 1948.983972  0 0 1
22 
0.998630 0.052336 1733.167467  -0.052336 0.998630 1978.719485  0 0 1
23 
-0.857167 -0.515038 2091.205462  0.515038 -0.857167 2136.249386  0 0 1
24 
-0.996195 -0.087156 2341.366723  0.087156 -0.996195 2169.309714  0 0 1
25 
-0.559193 -0.829038 2507.983212  0.829038 -0.559193 2055.009632  0 0 1
26 
0.927184 0.374607 1924.086431  -0.374607 0.927184 2024.187781  0 0 1
27 
0.992546 0.121869 2049.573306  -0.121869 0.992546 2004.038088  0 0 1
28 
0.017452 0.999848 2406.320223  -0.999848 0.017452 2146.662177  0 0 1
29 
-0.342020 -0.939693 2821.030112  0.939693 -0.342020 2051.767763  0 0 1
30 
-0.034899 0.999391 2535.948246  -0.999391 -0.034899 2152.487150  0 0 1
31 
-0.754710 0.656059 2620.171404  -0.656059 -0.754710 2386.076768  0 0 1
32 
-0.891007 0.453990 2549.982624  -0.453990 -0.891007 2365.860851  0 0 1
33 
0.173648 -0.984808 2452.754113  0.984808 0.173648 2091.618481  0 0 1
34 
-0.809017 -0.587785 2881.461865  0.587785 -0.809017 2246.666688  0 0 1
35 
0.615661 0.788011 2108.722946  -0.788011 0.615661 2261.597034  0 0 1
36 
-0.629320 -0.777146 1858.616779  0.777146 -0.629320 2207.980733  0 0 1
37 
0.529919 -0.848048 2186.655216  0.848048 0.529919 2077.880487  0 0 1
38 
-0.087156 -0.996195 1920.913013  0.996195 -0.087156 2150.731527  0 0 1
39 
-0.275637 0.961262 2008.026171  -0.961262 -0.275637 2357.090854  0 0 1
40 
-0.992546 0.121869 2035.366790  -0.121869 -0.992546 2351.554903  0 0 1
41 
-0.374607 0.927184 2313.344996  -0.927184 -0.374607 2615.086530  0 0 1
42 
-0.809017 -0.587785 2702.040701  0.587785 -0.809017 2469.820974  0 0 1
43 
0.829038 -0.559193 1680.704783  0.559193 0.829038 2235.576086  0 0 1
44 
-0.913545 -0.406737 2893.324685  0.406737 -0.913545 2527.543172  0 0 1
45 
-0.358368 -0.933580 2769.993313  0.933580 -0.358368 2329.760771  0 0 1
46 
-0.951057 0.309017 1898.476821  -0.309017 -0.951057 2565.430500  0 0 1
47 
0.927184 -0.374607 2088.352502  0.374607 0.927184 2249.120073  0 0 1
48 
0.500000 -0.866025 1989.205244  0.866025 0.500000 2228.895469  0 0 1
49 
0.275637 -0.961262 2325.766270  0.961262 0.275637 2271.133226  0 0 1
50 
0.275637 -0.961262 2094.936125  0.961262 0.275637 2279.579811  0 0 1
51 
0.515038 -0.857167 1717.919925  0.857167 0.515038 2416.044036  0 0 1
52 
-0.990268 -0.139173 1941.263606  0.139173 -0.990268 2638.376552  0 0 1
53 
0.258819 0.965926 1844.212208  -0.965926 0.258819 2627.265835  0 0 1
54 
0.990268 -0.139173 2013.183646  0.139173 0.990268 2491.472835  0 0 1
55 
0.882948 0.469472 2237.002700  -0.469472 0.882948 2537.679905  0 0 1
56 
-0.743145 0.669131 2149.856207  -0.669131 -0.743145 2702.332773  0 0 1
57 
0.104528 0.994522 2182.396129  -0.994522 0.104528 2622.150523  0 0 1
58 
-0.669131 0.743145 2506.937792  -0.743145 -0.669131 2687.761464  0 0 1
59 
0.891007 0.453990 2505.751951  -0.453990 0.891007 2553.480266  0 0 1
60 
0.707107 -0.707107 2714.866494  0.707107 0.707107 2474.685139  0 0 1
61 
0.857167 0.515038 2151.916880  -0.515038 0.857167 2649.960108  0 0 1
62 
0.629320 0.777146 2073.644960  -0.777146 0.629320 2743.616924  0 0 1
63 
-0.241922 -0.970296 2289.076090  0.970296 -0.241922 2604.646642  0 0 1
64 
0.731354 0.681998 2329.379274  -0.681998 0.731354 2705.246477  0 0 1
65 
-0.121869 0.992546 2011.962197  -0.992546 -0.121869 2853.343289  0 0 1
66 
0.920505 0.390731 1654.594067  -0.390731 0.920505 2633.378511  0 0 1
67 
0.920505 -0.390731 2563.445080  0.390731 0.920505 2550.076605  0 0 1
68 
0.984808 -0.173648 1894.901522  0.173648 0.984808 2572.037361  0 0 1
69 
0.629320 0.777146 2545.608704  -0.777146 0.629320 2736.403745  0 0 1
70 
0.766044 0.642788 1539.772042  -0.642788 0.766044 2707.833441  0 0 1
71 
-0.325568 0.945519 1763.486276  -0.945519 -0.325568 3055.670718  0 0 1
72 
-0.809017 0.587785 1988.975784  -0.587785 -0.809017 3070.012609  0 0 1
73 
0.898794 -0.438371 2308.977599  0.438371 0.898794 2718.031273  0 0 1
74 
-0.104528 0.994522 2431.281519  -0.994522 -0.104528 3041.969270  0 0 1
75 
0.920505 -0.390731 1655.490949  0.390731 0.920505 2752.365506  0 0 1
76 
-0.438371 -0.898794 2802.614218  0.898794 -0.438371 2858.433176  0 0 1
77 
0.453990 -0.891007 2276.978697  0.891007 0.453990 2774.580606  0 0 1
78 
-0.034899 -0.999391 2798.183489  0.999391 -0.034899 2804.252261  0 0 1
79 
0.342020 -0.939693 2090.710240  0.939693 0.342020 2781.128995  0 0 1
80 
-0.731354 -0.681998 2314.041899  0.681998 -0.731354 2912.236780  0 0 1
81 
0.052336 0.998630 1622.324268  -0.998630 0.052336 3153.691948  0 0 1
82 
0.874620 0.484810 1984.940490  -0.484810 0.874620 3014.544523  0 0 1
83 
0.681998 -0.731354 1976.821456  0.731354 0.681998 2894.732513  0 0 1
84 
-0.933580 0.358368 2082.184589  -0.358368 -0.933580 3174.016420  0 0 1
85 
-0.933580 -0.358368 2349.458560  0.358368 -0.933580 3135.033389  0 0 1
86 
-0.656059 0.754710 1832.884408  -0.754710 -0.656059 3215.981273  0 0 1
87 
0.529919 -0.848048 2403.021847  0.848048 0.529919 2883.554551  0 0 1
88 
0.933580 0.358368 2365.409629  -0.358368 0.933580 3000.751240  0 0 1
89 
-0.121869 0.992546 2532.658560  -0.992546 -0.121869 3208.711130  0 0 1
90 
0.766044 -0.642788 2730.605102  0.642788 0.766044 2956.376245  0 0 1
91 
0.500000 0.866025 1670.273099  -0.866025 0.500000 3272.853615  0 0 1
92 
0.927184 -0.374607 1662.852995  0.374607 0.927184 3055.653194  0 0 1
93 
0.390731 -0.920505 2018.011126  0.920505 0.390731 3060.936653  0 0 1
94 
-0.406737 0.913545 2092.131868  -0.913545 -0.406737 3383.430113  0 0 1
95 
-0.951057 -0.309017 2148.485584  0.309017 -0.951057 3301.221728  0 0 1
96 
-0.992546 -0.121869 2321.482490  0.121869 -0.992546 3316.577833  0 0 1
97 
-0.309017 0.951057 2270.654782  -0.951057 -0.309017 3379.261425  0 0 1
98 
0.258819 0.965926 2383.176510  -0.965926 0.258819 3307.897340  0 0 1
99 
-0.374607 0.927184 2561.429292  -0.927184 -0.374607 3387.527428  0 0 1
100 
0.601815 -0.798636 2751.547640  0.798636 0.601815 3114.001534  0 0 1
