Node 0
Node 1
Node 2
Node 3
Node 4
Node 5
Node 6
Node 7
Node 8
Node 9
Node 10
Node 11
1 8 55 -0.588172 -0.808736 1050.102936 0.808736 -0.588172 617.424263 0.000000 0.000000 1.000000 line
0 5 59 -0.999463 0.032769 1526.016186 -0.032769 -0.999463 255.602499 0.000000 0.000000 1.000000 line
1 8 55 -0.553296 -0.832985 1059.492444 0.832985 -0.553296 577.723632 0.000000 0.000000 1.000000 line
0 10 61 -0.567102 -0.823648 862.224230 0.823648 -0.567102 -808.809254 0.000000 0.000000 1.000000 line
4 9 51 0.978791 -0.204863 690.494922 0.204863 0.978791 -340.813576 0.000000 0.000000 1.000000 line
2 8 94 -0.068835 0.997628 34.444910 -0.997628 -0.068835 922.992127 0.000000 0.000000 1.000000 line
0 5 52 -0.870978 -0.491321 1531.176880 0.491321 -0.870978 -586.817985 0.000000 0.000000 1.000000 line
2 10 125 -0.982070 -0.188518 2271.116325 0.188518 -0.982070 112.786962 0.000000 0.000000 1.000000 line
2 8 61 -0.084800 0.996398 43.345733 -0.996398 -0.084800 936.126093 0.000000 0.000000 1.000000 line
1 2 54 -0.872400 0.488792 917.326365 -0.488792 -0.872400 920.257819 0.000000 0.000000 1.000000 line
1 8 56 -0.977293 -0.211891 544.637284 0.211891 -0.977293 1114.847923 0.000000 0.000000 1.000000 line
2 8 81 -0.393919 0.919145 210.029637 -0.919145 -0.393919 1204.211601 0.000000 0.000000 1.000000 line
2 7 76 -0.991228 -0.132164 2262.856795 0.132164 -0.991228 1324.139035 0.000000 0.000000 1.000000 line
1 2 60 -0.731486 0.681857 652.237204 -0.681857 -0.731486 1005.027103 0.000000 0.000000 1.000000 line
0 10 66 -0.977385 0.211466 1114.724978 -0.211466 -0.977385 407.464762 0.000000 0.000000 1.000000 line
2 9 61 -0.996241 -0.086630 1925.741324 0.086630 -0.996241 1136.729805 0.000000 0.000000 1.000000 line
0 8 52 0.163248 -0.986585 991.541574 0.986585 0.163248 -476.256127 0.000000 0.000000 1.000000 line
1 3 53 0.850707 -0.525640 27.474312 0.525640 0.850707 -491.641949 0.000000 0.000000 1.000000 line
2 6 51 0.975282 -0.220962 257.385913 0.220962 0.975282 -447.960929 0.000000 0.000000 1.000000 line
2 5 54 -0.990804 -0.135308 2453.416044 0.135308 -0.990804 722.998928 0.000000 0.000000 1.000000 line
3 5 51 0.486115 -0.873895 133.552200 0.873895 0.486115 -584.126411 0.000000 0.000000 1.000000 line
1 3 87 0.993097 -0.117295 -361.272231 0.117295 0.993097 -377.690286 0.000000 0.000000 1.000000 line
2 6 56 0.894427 -0.447214 470.471075 0.447214 0.894427 -574.399857 0.000000 0.000000 1.000000 line
0 10 51 -0.953583 -0.301131 1227.999244 0.301131 -0.953583 -166.854622 0.000000 0.000000 1.000000 line
1 3 53 0.922288 -0.386502 -108.534286 0.386502 0.922288 -467.431724 0.000000 0.000000 1.000000 line
1 5 58 -0.919323 0.393504 1478.396331 -0.393504 -0.919323 1106.866363 0.000000 0.000000 1.000000 line
1 8 51 0.026410 -0.999651 1223.230936 0.999651 0.026410 36.099717 0.000000 0.000000 1.000000 line
5 7 65 -0.373968 0.927441 1114.592537 -0.927441 -0.373968 1909.032213 0.000000 0.000000 1.000000 line
1 2 60 -0.709177 0.705030 632.227655 -0.705030 -0.709177 1021.696060 0.000000 0.000000 1.000000 line
1 3 87 0.998769 -0.049608 -412.230699 0.049608 0.998769 -344.344008 0.000000 0.000000 1.000000 line
1 5 59 -0.720572 0.693380 1120.286518 -0.693380 -0.720572 1527.205358 0.000000 0.000000 1.000000 line
1 2 148 0.477710 0.878517 -446.870322 -0.878517 0.477710 907.420559 0.000000 0.000000 1.000000 line
1 3 58 0.750010 -0.661426 124.022686 0.661426 0.750010 -554.213729 0.000000 0.000000 1.000000 line
2 9 59 -0.996398 -0.084800 1921.407577 0.084800 -0.996398 1140.101485 0.000000 0.000000 1.000000 line
1 2 89 0.875674 0.482903 -707.847581 -0.482903 0.875674 394.035511 0.000000 0.000000 1.000000 line
1 5 54 0.530916 -0.847424 -295.798426 0.847424 0.530916 -1107.327800 0.000000 0.000000 1.000000 line
4 11 93 -0.991091 0.133183 2147.211489 -0.133183 -0.991091 902.313439 0.000000 0.000000 1.000000 line
5 8 52 0.994122 -0.108261 1077.510444 0.108261 0.994122 -643.079686 0.000000 0.000000 1.000000 line
1 4 60 -0.972174 0.234259 1368.163237 -0.234259 -0.972174 1298.750159 0.000000 0.000000 1.000000 line
3 7 53 -0.817905 -0.575354 2091.717464 0.575354 -0.817905 923.564842 0.000000 0.000000 1.000000 line
3 9 70 0.591036 -0.806645 690.647772 0.806645 0.591036 -282.347106 0.000000 0.000000 1.000000 line
4 11 93 0.174883 0.984589 1250.935971 -0.984589 0.174883 1236.345779 0.000000 0.000000 1.000000 line
1 3 59 0.990043 -0.140764 -342.657234 0.140764 0.990043 -391.616433 0.000000 0.000000 1.000000 line
3 4 58 0.992411 0.122969 -609.895576 -0.122969 0.992411 104.234262 0.000000 0.000000 1.000000 line
1 5 58 -0.825307 0.564684 1317.414120 -0.564684 -0.825307 1355.366805 0.000000 0.000000 1.000000 line
2 10 75 0.316228 0.948683 21.124036 -0.948683 0.316228 1557.184083 0.000000 0.000000 1.000000 line
1 3 58 0.727829 -0.685758 154.537509 0.685758 0.727829 -554.082310 0.000000 0.000000 1.000000 line
1 5 59 -0.654425 0.756127 1012.155616 -0.756127 -0.654425 1611.855930 0.000000 0.000000 1.000000 line
2 6 52 -0.940156 -0.340744 1639.998742 0.340744 -0.940156 1170.145289 0.000000 0.000000 1.000000 line
2 7 59 -0.982371 -0.186944 2211.949535 0.186944 -0.982371 1301.965107 0.000000 0.000000 1.000000 line
4 7 58 -0.988453 -0.151529 2478.032907 0.151529 -0.988453 1219.842637 0.000000 0.000000 1.000000 line
3 11 54 -0.997164 0.075258 982.924104 -0.075258 -0.997164 1145.682246 0.000000 0.000000 1.000000 line
0 2 56 -0.763835 0.645411 788.149521 -0.645411 -0.763835 626.316234 0.000000 0.000000 1.000000 line
3 4 58 0.068186 0.997673 7.349988 -0.997673 0.068186 1988.624021 0.000000 0.000000 1.000000 line
1 5 54 0.593150 0.805092 -917.584642 -0.805092 0.593150 1316.725788 0.000000 0.000000 1.000000 line
0 4 59 -0.837798 -0.545981 1515.170904 0.545981 -0.837798 -170.650010 0.000000 0.000000 1.000000 line
1 9 54 0.808736 -0.588172 -236.081524 0.588172 0.808736 -766.212895 0.000000 0.000000 1.000000 line
2 3 64 -0.883033 -0.469312 1799.627506 0.469312 -0.883033 831.340618 0.000000 0.000000 1.000000 line
4 9 76 0.105270 -0.994444 1940.718688 0.994444 0.105270 -32.319525 0.000000 0.000000 1.000000 line
5 6 68 -0.889775 -0.456399 2572.100885 0.456399 -0.889775 1006.056249 0.000000 0.000000 1.000000 line
3 5 118 0.999853 0.017124 -979.035242 -0.017124 0.999853 623.311481 0.000000 0.000000 1.000000 line
2 6 52 -0.975662 0.219278 1077.891042 -0.219278 -0.975662 1394.706447 0.000000 0.000000 1.000000 line
2 3 62 -0.992085 0.125568 1493.488004 -0.125568 -0.992085 1255.458974 0.000000 0.000000 1.000000 line
4 8 58 -0.535509 -0.844530 2316.690979 0.844530 -0.535509 727.619962 0.000000 0.000000 1.000000 line
2 6 91 -0.121852 0.992548 -186.945688 -0.992548 -0.121852 1070.464361 0.000000 0.000000 1.000000 line
1 8 53 -0.994172 0.107802 622.953733 -0.107802 -0.994172 1456.446435 0.000000 0.000000 1.000000 line
2 8 51 0.948164 0.317782 80.180346 -0.317782 0.948164 -328.350719 0.000000 0.000000 1.000000 line
3 4 64 -0.369033 0.929416 654.672081 -0.929416 -0.369033 2007.227062 0.000000 0.000000 1.000000 line
2 3 59 -0.963704 -0.266972 1566.334688 0.266972 -0.963704 1070.623310 0.000000 0.000000 1.000000 line
2 10 51 0.948772 0.315963 -555.562980 -0.315963 0.948772 462.790388 0.000000 0.000000 1.000000 line
5 7 60 -0.976900 -0.213697 2629.562202 0.213697 -0.976900 1148.760525 0.000000 0.000000 1.000000 line
1 2 67 0.554044 0.832487 -493.381040 -0.832487 0.554044 836.687832 0.000000 0.000000 1.000000 line
0 9 58 1.000000 0.000000 -658.500000 -0.000000 1.000000 -705.000000 0.000000 0.000000 1.000000 line
0 4 54 -0.837539 -0.546377 1712.726934 0.546377 -0.837539 -270.594107 0.000000 0.000000 1.000000 line
0 1 66 0.999426 0.033875 258.959109 -0.033875 0.999426 -220.314139 0.000000 0.000000 1.000000 line
1 7 53 0.985654 0.168776 -1135.492422 -0.168776 0.985654 -420.485522 0.000000 0.000000 1.000000 line
2 4 60 0.845489 0.533993 -486.329287 -0.533993 0.845489 705.540356 0.000000 0.000000 1.000000 line
0 1 66 0.035537 -0.999368 1069.542913 0.999368 0.035537 86.715456 0.000000 0.000000 1.000000 line
1 4 60 -0.992940 -0.118617 1527.965762 0.118617 -0.992940 804.909098 0.000000 0.000000 1.000000 line
3 7 113 0.737568 0.675273 -719.418698 -0.675273 0.737568 810.597594 0.000000 0.000000 1.000000 line
1 4 56 -0.961257 0.275655 1191.880754 -0.275655 -0.961257 1282.002568 0.000000 0.000000 1.000000 line
3 7 55 0.998868 -0.047565 -622.865416 0.047565 0.998868 -139.083784 0.000000 0.000000 1.000000 line
0 6 70 0.996062 -0.088664 -132.230917 0.088664 0.996062 -606.772652 0.000000 0.000000 1.000000 line
2 3 73 -0.963704 -0.266972 1707.374107 0.266972 -0.963704 1006.647673 0.000000 0.000000 1.000000 line
4 7 78 0.517419 -0.855732 1633.981133 0.855732 0.517419 -949.227745 0.000000 0.000000 1.000000 line
0 5 52 -0.087450 0.996169 373.934828 -0.996169 -0.087450 1876.252317 0.000000 0.000000 1.000000 line
1 3 51 0.051974 0.998648 -309.777008 -0.998648 0.051974 822.016461 0.000000 0.000000 1.000000 line
4 9 107 0.974391 0.224860 139.079106 -0.224860 0.974391 309.648876 0.000000 0.000000 1.000000 line
1 9 54 0.753499 -0.657449 -87.119676 0.657449 0.753499 -775.846321 0.000000 0.000000 1.000000 line
0 6 71 0.968758 -0.248007 27.345119 0.248007 0.968758 -740.279475 0.000000 0.000000 1.000000 line
3 5 62 0.141421 -0.989949 612.928881 0.989949 0.141421 -656.501073 0.000000 0.000000 1.000000 line
0 1 71 -0.244519 0.969644 -1.393251 -0.969644 -0.244519 539.649779 0.000000 0.000000 1.000000 line
1 7 51 0.881697 0.471817 -1349.928438 -0.471817 0.881697 9.018596 0.000000 0.000000 1.000000 line
1 6 54 0.658723 0.752385 -927.323212 -0.752385 0.658723 236.260109 0.000000 0.000000 1.000000 line
0 6 71 0.017262 -0.999851 1344.615120 0.999851 0.017262 -358.065459 0.000000 0.000000 1.000000 line
3 11 73 0.994505 0.104685 -21.334568 -0.104685 0.994505 655.995811 0.000000 0.000000 1.000000 line
2 6 60 -0.965094 -0.261903 1556.414297 0.261903 -0.965094 682.925399 0.000000 0.000000 1.000000 line
0 9 69 0.966471 0.256775 -559.821065 -0.256775 0.966471 -290.307963 0.000000 0.000000 1.000000 line
0 6 72 -0.001060 -0.999999 1364.822523 0.999999 -0.001060 -494.436919 0.000000 0.000000 1.000000 line
4 7 85 -0.999127 -0.041785 2413.084647 0.041785 -0.999127 1348.451292 0.000000 0.000000 1.000000 line
1 8 57 0.227292 0.973827 -504.439491 -0.973827 0.227292 799.601914 0.000000 0.000000 1.000000 line
4 11 51 0.947019 0.321179 516.269721 -0.321179 0.947019 680.440000 0.000000 0.000000 1.000000 line
5 8 57 -0.948683 -0.316228 1841.977483 0.316228 -0.948683 800.360550 0.000000 0.000000 1.000000 line
4 7 59 0.222889 -0.974844 2092.382889 0.974844 0.222889 -810.935037 0.000000 0.000000 1.000000 line
1 9 55 0.851840 -0.523802 -254.195471 0.523802 0.851840 -716.328164 0.000000 0.000000 1.000000 line
0 2 52 0.263117 -0.964764 630.115867 0.964764 0.263117 -623.275130 0.000000 0.000000 1.000000 line
0 9 51 -0.196116 -0.980581 1252.172099 0.980581 -0.196116 -280.704683 0.000000 0.000000 1.000000 line
2 10 91 -0.178422 0.983954 459.431481 -0.983954 -0.178422 1407.802666 0.000000 0.000000 1.000000 line
4 9 51 -0.915146 -0.403123 2224.621449 0.403123 -0.915146 1032.981454 0.000000 0.000000 1.000000 line
4 11 70 0.966009 0.258509 507.574658 -0.258509 0.966009 554.336673 0.000000 0.000000 1.000000 line
2 3 59 -0.963144 -0.268986 1567.797432 0.268986 -0.963144 1069.120490 0.000000 0.000000 1.000000 line
1 4 60 -0.999991 -0.004255 1471.864583 0.004255 -0.999991 961.858824 0.000000 0.000000 1.000000 line
2 8 51 0.970042 -0.242938 570.754691 0.242938 0.970042 -707.990971 0.000000 0.000000 1.000000 line
2 10 94 0.992858 0.119306 -562.974640 -0.119306 0.992858 60.051103 0.000000 0.000000 1.000000 line
3 4 103 -0.993340 0.115217 2067.720616 -0.115217 -0.993340 1542.103840 0.000000 0.000000 1.000000 line
1 11 145 -0.998479 0.055142 1005.447255 -0.055142 -0.998479 741.078767 0.000000 0.000000 1.000000 line
1 2 54 0.990578 0.136950 -422.371284 -0.136950 0.990578 228.038735 0.000000 0.000000 1.000000 line
4 11 88 0.993936 0.109963 528.169405 -0.109963 0.993936 486.950563 0.000000 0.000000 1.000000 line
3 10 102 0.975648 -0.219341 -260.378241 0.219341 0.975648 155.798733 0.000000 0.000000 1.000000 line
3 4 102 -0.162627 -0.986688 1687.383414 0.986688 -0.162627 -607.501048 0.000000 0.000000 1.000000 line
1 2 52 0.908381 -0.418144 -164.085784 0.418144 0.908381 -286.705801 0.000000 0.000000 1.000000 line
1 5 52 1.000000 0.000462 -1031.166752 -0.000462 1.000000 92.131338 0.000000 0.000000 1.000000 line
5 10 99 0.916157 0.400819 253.315438 -0.400819 0.916157 788.148034 0.000000 0.000000 1.000000 line
2 11 60 -0.857493 -0.514496 1640.721372 0.514496 -0.857493 498.070235 0.000000 0.000000 1.000000 line
3 7 67 0.196721 -0.980459 1097.510897 0.980459 0.196721 -360.193188 0.000000 0.000000 1.000000 line
5 6 53 -0.996461 0.084055 1866.902278 -0.084055 -0.996461 1370.718776 0.000000 0.000000 1.000000 line
2 5 53 -0.855570 -0.517686 2143.321014 0.517686 -0.855570 -600.430009 0.000000 0.000000 1.000000 line
1 4 56 0.725869 0.687833 -1240.859035 -0.687833 0.725869 757.836787 0.000000 0.000000 1.000000 line
1 11 101 -0.973087 -0.230438 1063.071906 0.230438 -0.973087 734.233261 0.000000 0.000000 1.000000 line
1 10 52 -0.902861 0.429934 1021.490308 -0.429934 -0.902861 965.276671 0.000000 0.000000 1.000000 line
5 6 153 0.999640 -0.026815 573.483898 0.026815 0.999640 -659.784870 0.000000 0.000000 1.000000 line
2 11 74 -0.961742 -0.273958 1492.235599 0.273958 -0.961742 728.395439 0.000000 0.000000 1.000000 line
1 9 53 0.386995 0.922082 -718.443061 -0.922082 0.386995 885.523027 0.000000 0.000000 1.000000 line
0 2 52 0.750359 -0.661031 80.537375 0.661031 0.750359 -449.629535 0.000000 0.000000 1.000000 line
3 7 56 -0.985452 0.169957 1460.205341 -0.169957 -0.985452 1955.880826 0.000000 0.000000 1.000000 line
0 1 53 -0.211131 0.977458 -7.950088 -0.977458 -0.211131 524.265302 0.000000 0.000000 1.000000 line
2 3 60 -0.924454 -0.381292 1763.895425 0.381292 -0.924454 905.876877 0.000000 0.000000 1.000000 line
5 8 54 -0.141421 -0.989949 2448.462427 0.989949 -0.141421 -128.133820 0.000000 0.000000 1.000000 line
1 2 52 0.939722 -0.341939 -227.250746 0.341939 0.939722 -93.148694 0.000000 0.000000 1.000000 line
0 4 55 -0.967970 0.251067 1505.706059 -0.251067 -0.967970 967.699903 0.000000 0.000000 1.000000 line
2 11 60 -0.890630 -0.454729 1636.768894 0.454729 -0.890630 544.965174 0.000000 0.000000 1.000000 line
3 9 57 -0.952926 0.303204 1203.865144 -0.303204 -0.952926 1708.151098 0.000000 0.000000 1.000000 line
0 10 70 -0.993884 -0.110432 1626.895271 0.110432 -0.993884 134.552158 0.000000 0.000000 1.000000 line
2 7 53 -0.061110 0.998131 -237.178041 -0.998131 -0.061110 1611.229206 0.000000 0.000000 1.000000 line
1 2 53 0.963874 -0.266359 -242.363322 0.266359 0.963874 121.751072 0.000000 0.000000 1.000000 line
3 9 55 -0.785186 0.619260 834.695106 -0.619260 -0.785186 1881.099055 0.000000 0.000000 1.000000 line
4 5 70 -0.958875 -0.283827 3004.696897 0.283827 -0.958875 253.309426 0.000000 0.000000 1.000000 line
0 10 75 -0.983870 -0.178885 1634.868128 0.178885 -0.983870 120.488364 0.000000 0.000000 1.000000 line
2 8 56 0.163248 -0.986585 1609.541574 0.986585 0.163248 -430.256127 0.000000 0.000000 1.000000 line
0 9 51 -0.270746 -0.962651 1297.153117 0.962651 -0.270746 -210.310587 0.000000 0.000000 1.000000 line
0 10 76 0.994692 0.102899 -669.041735 -0.102899 0.994692 134.687009 0.000000 0.000000 1.000000 line
4 10 110 0.994423 -0.105469 495.679554 0.105469 0.994423 356.163786 0.000000 0.000000 1.000000 line
0 9 65 -0.404164 -0.914687 1366.654133 0.914687 -0.404164 -92.166904 0.000000 0.000000 1.000000 line
3 9 61 -0.732032 0.681270 785.088306 -0.681270 -0.732032 1916.694584 0.000000 0.000000 1.000000 line
5 6 79 -0.017391 0.999849 594.048600 -0.999849 -0.017391 729.030745 0.000000 0.000000 1.000000 line
0 10 59 -0.998460 0.055470 1580.640898 -0.055470 -0.998460 843.173188 0.000000 0.000000 1.000000 line
5 8 54 -0.180875 -0.983506 2459.672113 0.983506 -0.180875 -90.612366 0.000000 0.000000 1.000000 line
0 10 52 0.627457 0.778651 -406.883394 -0.778651 0.627457 1127.921796 0.000000 0.000000 1.000000 line
5 9 53 0.045113 -0.998982 1933.203265 0.998982 0.045113 -413.190190 0.000000 0.000000 1.000000 line
2 11 58 -0.700570 -0.713584 1502.249379 0.713584 -0.700570 448.341211 0.000000 0.000000 1.000000 line
1 10 152 0.024493 -0.999700 652.759241 0.999700 0.024493 -803.326201 0.000000 0.000000 1.000000 line
5 10 51 0.993913 -0.110168 168.993477 0.110168 0.993913 -190.674172 0.000000 0.000000 1.000000 line
0 10 54 0.196116 0.980581 29.191880 -0.980581 0.196116 1336.861199 0.000000 0.000000 1.000000 line
5 6 58 -0.055470 0.998460 689.770273 -0.998460 -0.055470 753.639402 0.000000 0.000000 1.000000 line
4 10 110 -0.057755 -0.998331 1727.103472 0.998331 -0.057755 -212.699487 0.000000 0.000000 1.000000 line
0 10 51 0.415494 0.909596 -187.359371 -0.909596 0.415494 1215.859206 0.000000 0.000000 1.000000 line
4 6 54 -0.995662 -0.093041 1929.656357 0.093041 -0.995662 1647.935800 0.000000 0.000000 1.000000 line
4 10 82 -0.025633 0.999671 1197.676958 -0.999671 -0.025633 2073.221561 0.000000 0.000000 1.000000 line
1 4 52 0.984015 -0.178087 -765.680748 0.178087 0.984015 -417.332496 0.000000 0.000000 1.000000 line
2 6 62 -0.940887 -0.338719 1982.636725 0.338719 -0.940887 556.740179 0.000000 0.000000 1.000000 line
4 10 83 -0.051114 -0.998693 1537.544698 0.998693 -0.051114 -205.526380 0.000000 0.000000 1.000000 line
0 4 56 -0.996376 -0.085056 1620.204239 0.085056 -0.996376 498.818736 0.000000 0.000000 1.000000 line
0 8 57 -0.942990 0.332820 414.272795 -0.332820 -0.942990 1278.945662 0.000000 0.000000 1.000000 line
4 6 114 0.968147 0.250383 242.359371 -0.250383 0.968147 120.716524 0.000000 0.000000 1.000000 line
1 4 55 0.984400 -0.175948 -773.233605 0.175948 0.984400 -499.758636 0.000000 0.000000 1.000000 line
0 8 89 0.439210 0.898384 -495.377100 -0.898384 0.439210 255.015858 0.000000 0.000000 1.000000 line
4 5 111 -0.982339 -0.187108 3129.954997 0.187108 -0.982339 745.253401 0.000000 0.000000 1.000000 line
1 4 108 -0.996927 -0.078330 1865.845119 0.078330 -0.996927 1034.271188 0.000000 0.000000 1.000000 line
3 9 151 -0.999234 -0.039145 1480.743177 0.039145 -0.999234 1427.477609 0.000000 0.000000 1.000000 line
1 2 64 -0.985314 0.170750 1173.274701 -0.170750 -0.985314 1361.056650 0.000000 0.000000 1.000000 line
4 7 52 0.997131 -0.075698 520.613319 0.075698 0.997131 -497.225424 0.000000 0.000000 1.000000 line
0 7 60 0.970143 -0.242536 -685.950943 0.242536 0.970143 -1244.737388 0.000000 0.000000 1.000000 line
3 9 57 -0.949049 0.315128 1192.452491 -0.315128 -0.949049 1715.724019 0.000000 0.000000 1.000000 line
0 8 80 -0.244519 0.969644 -329.512515 -0.969644 -0.244519 673.958188 0.000000 0.000000 1.000000 line
0 10 54 0.182479 0.983210 43.458933 -0.983210 0.182479 1341.786918 0.000000 0.000000 1.000000 line
1 6 54 0.996500 -0.083595 -167.369038 0.083595 0.996500 -556.986859 0.000000 0.000000 1.000000 line
2 3 54 -0.914687 0.404164 1055.313651 -0.404164 -0.914687 1384.675062 0.000000 0.000000 1.000000 line
3 9 87 -0.872143 0.489251 1014.245203 -0.489251 -0.872143 1823.524921 0.000000 0.000000 1.000000 line
0 2 59 0.057094 -0.998369 772.077076 0.998369 0.057094 -428.872446 0.000000 0.000000 1.000000 line
1 2 74 -0.853282 0.521450 830.886839 -0.521450 -0.853282 1626.227993 0.000000 0.000000 1.000000 line
2 4 86 -0.968326 -0.249689 2125.098114 0.249689 -0.968326 793.105713 0.000000 0.000000 1.000000 line
3 9 53 -0.997785 -0.066519 1363.538647 0.066519 -0.997785 1417.275561 0.000000 0.000000 1.000000 line
0 8 89 0.423128 0.906070 -496.745153 -0.906070 0.423128 270.330535 0.000000 0.000000 1.000000 line
1 8 51 0.133509 -0.991048 1169.487400 0.991048 0.133509 462.872437 0.000000 0.000000 1.000000 line
1 5 52 0.208604 -0.978000 214.996717 0.978000 0.208604 -650.300066 0.000000 0.000000 1.000000 line
2 9 56 -0.244007 0.969773 207.925789 -0.969773 -0.244007 1393.916032 0.000000 0.000000 1.000000 line
0 5 77 0.862730 0.505665 -1427.810988 -0.505665 0.862730 988.062305 0.000000 0.000000 1.000000 line
2 8 53 -0.999201 -0.039968 1124.806248 0.039968 -0.999201 845.938298 0.000000 0.000000 1.000000 line
5 11 90 -0.982494 0.186297 2259.721698 -0.186297 -0.982494 619.948102 0.000000 0.000000 1.000000 line
0 6 51 -0.985854 0.167608 487.157047 -0.167608 -0.985854 1137.829998 0.000000 0.000000 1.000000 line
2 7 61 0.987580 -0.157115 -174.521128 0.157115 0.987580 -1117.216671 0.000000 0.000000 1.000000 line
3 10 161 -0.997812 0.066120 1410.410024 -0.066120 -0.997812 1034.516904 0.000000 0.000000 1.000000 line
5 9 61 -0.999059 -0.043376 2170.249899 0.043376 -0.999059 902.603038 0.000000 0.000000 1.000000 line
5 10 103 -0.539807 -0.841789 2150.684535 0.841789 -0.539807 -754.088120 0.000000 0.000000 1.000000 line
1 10 51 0.979017 -0.203779 -594.156301 0.203779 0.979017 -184.609664 0.000000 0.000000 1.000000 line
0 3 51 -0.999927 0.012047 1035.908558 -0.012047 -0.999927 876.219030 0.000000 0.000000 1.000000 line
5 9 51 -0.971907 -0.235367 2265.721303 0.235367 -0.971907 817.440692 0.000000 0.000000 1.000000 line
1 3 52 0.982674 -0.185344 49.580588 0.185344 0.982674 -168.060173 0.000000 0.000000 1.000000 line
0 2 58 -0.711167 0.703023 482.452791 -0.703023 -0.711167 1337.889276 0.000000 0.000000 1.000000 line
0 4 87 -0.439220 0.898380 296.639396 -0.898380 -0.439220 1413.690732 0.000000 0.000000 1.000000 line
1 7 79 0.349371 0.936984 -829.665876 -0.936984 0.349371 1439.758089 0.000000 0.000000 1.000000 line
3 11 53 0.242536 0.970143 -120.388203 -0.970143 0.242536 1101.249943 0.000000 0.000000 1.000000 line
0 4 86 -0.363312 0.931667 145.198732 -0.931667 -0.363312 1427.724575 0.000000 0.000000 1.000000 line
0 7 95 0.988716 0.149805 -1009.641461 -0.149805 0.988716 -800.561484 0.000000 0.000000 1.000000 line
0 3 65 -0.228675 -0.973503 1186.574102 0.973503 -0.228675 52.276387 0.000000 0.000000 1.000000 line
3 5 52 -0.184090 0.982909 265.645509 -0.982909 -0.184090 1998.448114 0.000000 0.000000 1.000000 line
3 11 56 0.943907 0.330212 -347.289331 -0.330212 0.943907 502.029104 0.000000 0.000000 1.000000 line
3 9 56 -0.993359 -0.115055 1534.560803 0.115055 -0.993359 1353.079396 0.000000 0.000000 1.000000 line
2 8 69 -0.581005 -0.813900 1722.121485 0.813900 -0.581005 268.154377 0.000000 0.000000 1.000000 line
3 9 55 -0.997164 0.075258 1418.534310 -0.075258 -0.997164 1526.043915 0.000000 0.000000 1.000000 line
0 2 60 0.731384 -0.681966 -518.693819 0.681966 0.731384 -359.729299 0.000000 0.000000 1.000000 line
0 7 56 -0.868243 0.496139 884.398816 -0.496139 -0.868243 1335.472583 0.000000 0.000000 1.000000 line
2 11 85 0.992898 0.118973 15.782309 -0.118973 0.992898 156.963817 0.000000 0.000000 1.000000 line
3 5 105 0.911922 -0.410365 -493.448693 0.410365 0.911922 -422.622123 0.000000 0.000000 1.000000 line
2 9 88 -0.994936 -0.100506 1548.495697 0.100506 -0.994936 901.042076 0.000000 0.000000 1.000000 line
0 2 58 0.942600 -0.333925 -655.112454 0.333925 0.942600 -35.469262 0.000000 0.000000 1.000000 line
1 2 65 -0.204419 -0.978884 914.842870 0.978884 -0.204419 90.280994 0.000000 0.000000 1.000000 line
2 8 54 -0.974339 -0.225085 1266.686987 0.225085 -0.974339 786.215688 0.000000 0.000000 1.000000 line
3 11 158 -0.025622 0.999672 262.050283 -0.999672 -0.025622 946.432039 0.000000 0.000000 1.000000 line
2 11 85 0.076973 -0.997033 800.004349 0.997033 0.076973 -390.652107 0.000000 0.000000 1.000000 line
0 3 51 -0.999991 -0.004132 1044.157344 0.004132 -0.999991 866.158778 0.000000 0.000000 1.000000 line
0 4 75 0.153608 -0.988132 943.776131 0.988132 0.153608 -1205.413637 0.000000 0.000000 1.000000 line
2 4 53 -0.951028 0.309103 1685.884531 -0.309103 -0.951028 1420.990664 0.000000 0.000000 1.000000 line
1 2 78 -0.497641 0.867383 225.595532 -0.867383 -0.497641 1759.213441 0.000000 0.000000 1.000000 line
3 8 57 0.969377 0.245576 -211.990940 -0.245576 0.969377 -247.936016 0.000000 0.000000 1.000000 line
1 5 67 -0.881283 0.472589 1356.573119 -0.472589 -0.881283 1811.461867 0.000000 0.000000 1.000000 line
0 4 52 0.032241 0.999480 -236.255930 -0.999480 0.032241 1579.524871 0.000000 0.000000 1.000000 line
1 8 53 0.999201 0.039968 -59.806248 -0.039968 0.999201 -39.938298 0.000000 0.000000 1.000000 line
2 7 58 0.794358 -0.607450 516.976396 0.607450 0.794358 -1460.615465 0.000000 0.000000 1.000000 line
1 8 53 0.789352 -0.613941 548.065475 0.613941 0.789352 23.925595 0.000000 0.000000 1.000000 line
0 4 51 0.208206 0.978085 -517.467452 -0.978085 0.208206 1663.118430 0.000000 0.000000 1.000000 line
0 8 75 0.993573 -0.113192 27.671299 0.113192 0.993573 -434.596203 0.000000 0.000000 1.000000 line
5 11 54 -0.819780 -0.572679 2042.998843 0.572679 -0.819780 442.757016 0.000000 0.000000 1.000000 line
0 4 52 0.108803 0.994063 -330.213297 -0.994063 0.108803 1532.438825 0.000000 0.000000 1.000000 line
1 9 51 0.971798 0.235816 -565.932229 -0.235816 0.971798 -3.524452 0.000000 0.000000 1.000000 line
2 7 58 0.777278 -0.629157 560.693634 0.629157 0.777278 -1468.254723 0.000000 0.000000 1.000000 line
0 10 104 -0.229039 -0.973417 436.076415 0.973417 -0.229039 -757.816978 0.000000 0.000000 1.000000 line
3 8 83 0.936084 -0.351777 370.729670 0.351777 0.936084 -255.138301 0.000000 0.000000 1.000000 line
0 9 55 -0.471652 -0.881785 1414.683163 0.881785 -0.471652 -64.273501 0.000000 0.000000 1.000000 line
0 1 59 -0.072740 -0.997351 731.614520 0.997351 -0.072740 341.562228 0.000000 0.000000 1.000000 line
1 11 66 -0.529999 0.847998 241.138983 -0.847998 -0.529999 1467.361540 0.000000 0.000000 1.000000 line
1 4 64 0.292284 0.956332 -630.765629 -0.956332 0.292284 1871.711878 0.000000 0.000000 1.000000 line
4 7 82 -0.130592 -0.991436 2371.389320 0.991436 -0.130592 -32.099135 0.000000 0.000000 1.000000 line
0 1 61 0.017854 -0.999841 846.445727 0.999841 0.017854 303.407539 0.000000 0.000000 1.000000 line
5 7 71 0.956872 0.290508 201.099561 -0.290508 0.956872 -537.627802 0.000000 0.000000 1.000000 line
4 5 71 0.825663 0.564163 -203.334723 -0.564163 0.825663 1548.675490 0.000000 0.000000 1.000000 line
0 1 59 -0.074405 -0.997228 908.563115 0.997228 -0.074405 357.514301 0.000000 0.000000 1.000000 line
1 8 77 0.999924 0.012290 -37.000075 -0.012290 0.999924 -46.979723 0.000000 0.000000 1.000000 line
5 11 52 -0.908914 0.416984 1833.070534 -0.416984 -0.908914 999.270900 0.000000 0.000000 1.000000 line
1 11 72 -0.941416 0.337248 494.875502 -0.337248 -0.941416 1249.659096 0.000000 0.000000 1.000000 line
5 7 71 0.928477 0.371391 147.621256 -0.371391 0.928477 -421.837672 0.000000 0.000000 1.000000 line
5 11 55 -0.150804 0.988564 1202.320510 -0.988564 -0.150804 1111.983552 0.000000 0.000000 1.000000 line
1 11 53 -0.850712 0.525632 400.104093 -0.525632 -0.850712 1309.992240 0.000000 0.000000 1.000000 line
5 7 58 0.988372 0.152057 320.435648 -0.152057 0.988372 -715.238929 0.000000 0.000000 1.000000 line
5 7 58 0.954439 0.298405 189.270072 -0.298405 0.954439 -531.859337 0.000000 0.000000 1.000000 line
1 4 66 0.986394 0.164399 -1040.509906 -0.164399 0.986394 404.297268 0.000000 0.000000 1.000000 line
0 9 58 -0.868243 -0.496139 1421.440267 0.496139 -0.868243 607.580091 0.000000 0.000000 1.000000 line
0 1 86 -0.544471 -0.838780 730.895911 0.838780 -0.544471 614.890659 0.000000 0.000000 1.000000 line
5 7 53 -0.894427 0.447214 2283.454525 -0.447214 -0.894427 1378.477402 0.000000 0.000000 1.000000 line
0 10 80 -0.023592 -0.999722 224.418577 0.999722 -0.023592 -828.762473 0.000000 0.000000 1.000000 line
0 1 60 -0.619486 -0.785008 752.121394 0.785008 -0.619486 694.487081 0.000000 0.000000 1.000000 line
2 3 104 -0.136054 0.990701 82.081344 -0.990701 -0.136054 1015.964741 0.000000 0.000000 1.000000 line
0 10 83 -0.999192 0.040192 1076.487101 -0.040192 -0.999192 373.569866 0.000000 0.000000 1.000000 line
1 5 80 0.027017 -0.999635 191.016801 0.999635 0.027017 -808.290167 0.000000 0.000000 1.000000 line
0 2 61 0.121909 0.992541 -501.346097 -0.992541 0.121909 1115.553546 0.000000 0.000000 1.000000 line
6 11 139 0.996737 -0.080722 414.955483 0.080722 0.996737 650.620231 0.000000 0.000000 1.000000 line
0 9 70 -0.851036 0.525107 449.837311 -0.525107 -0.851036 1413.218014 0.000000 0.000000 1.000000 line
0 2 71 -0.890832 0.454332 545.742799 -0.454332 -0.890832 959.237259 0.000000 0.000000 1.000000 line
0 11 62 -0.462244 0.886753 15.055244 -0.886753 -0.462244 968.876386 0.000000 0.000000 1.000000 line
3 4 107 0.999220 0.039487 -1103.766826 -0.039487 0.999220 24.169981 0.000000 0.000000 1.000000 line
1 5 58 -0.112091 0.993698 -149.384244 -0.993698 -0.112091 2050.216864 0.000000 0.000000 1.000000 line
3 4 106 0.008381 0.999965 -396.193544 -0.999965 0.008381 2089.308623 0.000000 0.000000 1.000000 line
8 9 66 0.999198 0.040048 -743.166229 -0.040048 0.999198 41.020935 0.000000 0.000000 1.000000 line
1 5 63 0.373968 0.927441 -879.337962 -0.927441 0.373968 1865.801744 0.000000 0.000000 1.000000 line
5 11 184 -0.994214 0.107421 1776.156420 -0.107421 -0.994214 526.271438 0.000000 0.000000 1.000000 line
0 8 75 0.497478 -0.867477 636.485754 0.867477 0.497478 -317.231828 0.000000 0.000000 1.000000 line
1 5 69 0.471123 0.882068 -1009.485297 -0.882068 0.471123 1693.895834 0.000000 0.000000 1.000000 line
6 11 83 0.000000 -1.000000 1035.000000 1.000000 0.000000 571.000000 0.000000 0.000000 1.000000 line
9 10 143 0.374565 -0.927201 1012.811154 0.927201 0.374565 -548.140115 0.000000 0.000000 1.000000 line
0 8 98 0.989949 -0.141421 -166.244733 0.141421 0.989949 -701.688563 0.000000 0.000000 1.000000 line
0 2 61 0.000000 1.000000 -389.000000 -1.000000 0.000000 1181.000000 0.000000 0.000000 1.000000 line
0 4 57 0.888744 -0.458405 -866.762132 0.458405 0.888744 -834.448991 0.000000 0.000000 1.000000 line
0 9 55 -0.768221 0.640184 431.470018 -0.640184 -0.768221 1533.707517 0.000000 0.000000 1.000000 line
2 3 92 0.996228 0.086774 -15.781733 -0.086774 0.996228 -422.739880 0.000000 0.000000 1.000000 line
1 8 65 0.278472 -0.960444 759.634523 0.960444 0.278472 118.026481 0.000000 0.000000 1.000000 line
7 9 55 0.830075 -0.557652 682.405567 0.557652 0.830075 -311.274225 0.000000 0.000000 1.000000 line
8 11 80 -0.970007 -0.243075 1128.444850 0.243075 -0.970007 1089.981017 0.000000 0.000000 1.000000 line
3 9 52 -0.316228 0.948683 -61.717521 -0.948683 -0.316228 1586.853903 0.000000 0.000000 1.000000 line
6 11 51 0.972794 0.231674 -148.238701 -0.231674 0.972794 833.197685 0.000000 0.000000 1.000000 line
0 9 80 -0.778891 0.627159 405.923576 -0.627159 -0.778891 1513.723325 0.000000 0.000000 1.000000 line
0 7 111 0.998945 -0.045928 -570.491602 0.045928 0.998945 -856.137941 0.000000 0.000000 1.000000 line
8 9 53 0.832050 -0.554700 -192.079035 0.554700 0.832050 -387.623855 0.000000 0.000000 1.000000 line
1 11 56 0.965430 0.260663 -651.822740 -0.260663 0.965430 513.169523 0.000000 0.000000 1.000000 line
0 9 55 -0.725113 0.688630 355.959774 -0.688630 -0.725113 1548.815985 0.000000 0.000000 1.000000 line
0 7 75 0.999730 0.023250 -625.757538 -0.023250 0.999730 -715.901223 0.000000 0.000000 1.000000 line
8 9 53 0.798400 -0.602127 -126.684762 0.602127 0.798400 -408.505500 0.000000 0.000000 1.000000 line
1 11 60 0.965864 0.259050 -649.640027 -0.259050 0.965864 334.440423 0.000000 0.000000 1.000000 line
0 4 57 -0.646807 -0.762653 1497.417197 0.762653 -0.646807 -150.964423 0.000000 0.000000 1.000000 line
8 9 80 0.136037 0.990704 -502.915496 -0.990704 0.136037 1448.118759 0.000000 0.000000 1.000000 line
7 11 83 -0.936329 0.351123 1458.661361 -0.351123 -0.936329 1126.239576 0.000000 0.000000 1.000000 line
1 6 93 1.000000 0.000000 -513.500000 -0.000000 1.000000 -66.000000 0.000000 0.000000 1.000000 line
2 3 83 0.471708 -0.881755 956.937035 0.881755 0.471708 -780.580373 0.000000 0.000000 1.000000 line
1 2 56 -0.968668 -0.248358 861.937202 0.248358 -0.968668 759.216607 0.000000 0.000000 1.000000 line
1 10 79 -0.065188 0.997873 274.028334 -0.997873 -0.065188 2017.153472 0.000000 0.000000 1.000000 line
9 10 71 -0.910925 -0.412572 2135.890664 0.412572 -0.910925 709.456785 0.000000 0.000000 1.000000 line
9 11 54 -0.873450 -0.486914 1589.232404 0.486914 -0.873450 806.477233 0.000000 0.000000 1.000000 line
6 7 103 0.982556 -0.185968 -202.189981 0.185968 0.982556 -405.924585 0.000000 0.000000 1.000000 line
0 9 63 -0.857493 0.514496 474.916322 -0.514496 -0.857493 1407.265912 0.000000 0.000000 1.000000 line
7 11 147 0.013124 0.999914 1081.272361 -0.999914 0.013124 1383.684010 0.000000 0.000000 1.000000 line
1 10 76 0.979804 0.199960 -752.061908 -0.199960 0.979804 827.783045 0.000000 0.000000 1.000000 line
0 2 52 -0.998613 -0.052647 807.665674 0.052647 -0.998613 377.195034 0.000000 0.000000 1.000000 line
3 8 147 0.031356 0.999508 -361.391593 -0.999508 0.031356 639.540124 0.000000 0.000000 1.000000 line
9 11 51 -0.988949 -0.148258 1502.942109 0.148258 -0.988949 1037.580420 0.000000 0.000000 1.000000 line
3 7 71 0.268658 0.963236 -903.765617 -0.963236 0.268658 1404.563807 0.000000 0.000000 1.000000 line
0 8 60 0.606710 -0.794923 568.543201 0.794923 0.606710 -386.673713 0.000000 0.000000 1.000000 line
7 10 64 -0.416500 -0.909135 1679.804589 0.909135 -0.416500 -278.947841 0.000000 0.000000 1.000000 line
0 4 120 -0.997602 0.069212 1278.777519 -0.069212 -0.997602 1034.826336 0.000000 0.000000 1.000000 line
8 9 74 0.999783 0.020829 -531.904446 -0.020829 0.999783 73.012784 0.000000 0.000000 1.000000 line
1 4 100 0.881785 -0.471652 -833.393776 0.471652 0.881785 -481.326037 0.000000 0.000000 1.000000 line
8 10 83 0.943261 -0.332051 -657.948047 0.332051 0.943261 -32.733820 0.000000 0.000000 1.000000 line
2 4 58 -0.989328 0.145703 2084.490639 -0.145703 -0.989328 827.522977 0.000000 0.000000 1.000000 line
2 4 65 -0.976304 -0.216402 2302.475747 0.216402 -0.976304 349.640844 0.000000 0.000000 1.000000 line
10 11 93 -1.000000 0.000336 1935.939048 -0.000336 -1.000000 528.730385 0.000000 0.000000 1.000000 line
0 4 83 0.164399 -0.986394 412.702732 0.986394 0.164399 -1124.009906 0.000000 0.000000 1.000000 line
10 11 93 0.042529 0.999095 1091.984488 -0.999095 0.042529 978.872704 0.000000 0.000000 1.000000 line
0 3 61 -0.619196 -0.785237 885.838080 0.785237 -0.619196 403.338764 0.000000 0.000000 1.000000 line
1 3 59 -0.004219 -0.999991 878.693059 0.999991 -0.004219 342.986683 0.000000 0.000000 1.000000 line
0 1 57 0.486021 -0.873947 367.471156 0.873947 0.486021 -79.505078 0.000000 0.000000 1.000000 line
1 9 64 -0.964764 -0.263117 1249.805751 0.263117 -0.964764 1263.281357 0.000000 0.000000 1.000000 line
8 11 154 0.012041 -0.999928 281.807209 0.999928 0.012041 310.411704 0.000000 0.000000 1.000000 line
6 8 54 -0.141421 -0.989949 1743.688563 0.989949 -0.141421 562.755267 0.000000 0.000000 1.000000 line
0 7 82 -0.240776 -0.970581 1564.463279 0.970581 -0.240776 -424.087778 0.000000 0.000000 1.000000 line
1 6 70 -0.124005 -0.992282 1073.757684 0.992282 -0.124005 252.629852 0.000000 0.000000 1.000000 line
1 4 104 -0.987492 0.157667 1208.708461 -0.157667 -0.987492 1528.472232 0.000000 0.000000 1.000000 line
0 9 71 -0.927088 -0.374844 1030.912864 0.374844 -0.927088 525.092526 0.000000 0.000000 1.000000 line
3 9 52 -0.973604 -0.228244 1286.366494 0.228244 -0.973604 939.651308 0.000000 0.000000 1.000000 line
1 6 71 -0.999833 0.018281 772.724691 -0.018281 -0.999833 1719.704704 0.000000 0.000000 1.000000 line
3 9 54 -0.911253 -0.411847 1364.352508 0.411847 -0.911253 838.233382 0.000000 0.000000 1.000000 line
0 1 57 0.429934 -0.902861 386.337211 0.902861 0.429934 -58.268125 0.000000 0.000000 1.000000 line
1 4 58 -0.997999 0.063223 1293.039954 -0.063223 -0.997999 1442.549468 0.000000 0.000000 1.000000 line
0 7 70 -0.017854 0.999841 -675.954420 -0.999841 -0.017854 1638.801785 0.000000 0.000000 1.000000 line
0 7 59 0.544471 0.838780 -1278.025525 -0.838780 0.544471 870.262277 0.000000 0.000000 1.000000 line
7 9 53 -0.982155 -0.188072 2170.411001 0.188072 -0.982155 1585.168914 0.000000 0.000000 1.000000 line
8 9 53 0.226649 -0.973977 898.700051 0.973977 0.226649 -171.875578 0.000000 0.000000 1.000000 line
4 8 90 0.485643 -0.874157 1820.589495 0.874157 0.485643 189.153074 0.000000 0.000000 1.000000 line
8 9 52 -0.130736 -0.991417 1236.086591 0.991417 -0.130736 56.964617 0.000000 0.000000 1.000000 line
9 10 79 0.996815 -0.079745 -499.622028 0.079745 0.996815 474.436562 0.000000 0.000000 1.000000 line
0 4 82 -0.010933 0.999940 -711.162370 -0.999940 -0.010933 1469.635822 0.000000 0.000000 1.000000 line
6 9 51 -0.948683 -0.316228 1519.901732 0.316228 -0.948683 1343.157091 0.000000 0.000000 1.000000 line
9 10 80 -0.987763 0.155963 1730.686583 -0.155963 -0.987763 1052.299658 0.000000 0.000000 1.000000 line
0 3 62 -0.597266 -0.802043 844.816598 0.802043 -0.597266 368.926429 0.000000 0.000000 1.000000 line
1 7 68 0.108727 0.994072 -938.489059 -0.994072 0.108727 1826.679835 0.000000 0.000000 1.000000 line
6 10 92 -0.998363 -0.057196 1810.587015 0.057196 -0.998363 1396.544874 0.000000 0.000000 1.000000 line
9 10 53 0.940061 -0.341007 -265.546752 0.341007 0.940061 -162.293775 0.000000 0.000000 1.000000 line
0 7 64 -0.768221 0.640184 400.741167 -0.640184 -0.768221 1882.992125 0.000000 0.000000 1.000000 line
0 4 52 -0.965983 0.258606 1095.691149 -0.258606 -0.965983 1132.069001 0.000000 0.000000 1.000000 line
6 10 94 -0.100140 -0.994973 1167.496934 0.994973 -0.100140 8.488825 0.000000 0.000000 1.000000 line
1 7 52 -0.975035 0.222053 1067.046389 -0.222053 -0.975035 1973.010422 0.000000 0.000000 1.000000 line
9 10 52 0.988199 -0.153176 -390.951068 0.153176 0.988199 -27.054429 0.000000 0.000000 1.000000 line
0 1 69 0.986066 -0.166356 -153.165564 0.166356 0.986066 -559.585166 0.000000 0.000000 1.000000 line
9 10 51 -0.969142 0.246501 1680.334114 -0.246501 -0.969142 1253.207367 0.000000 0.000000 1.000000 line
8 9 51 0.523016 -0.852323 545.855505 0.852323 0.523016 -263.086428 0.000000 0.000000 1.000000 line
8 9 53 0.189486 -0.981883 938.294104 0.981883 0.189486 -152.680549 0.000000 0.000000 1.000000 line
9 10 84 0.994638 0.103415 -302.343506 -0.103415 0.994638 202.435707 0.000000 0.000000 1.000000 line
8 9 52 0.000000 -1.000000 1119.500000 1.000000 0.000000 -50.000000 0.000000 0.000000 1.000000 line
8 9 85 -0.072088 -0.997398 1187.920091 0.997398 -0.072088 8.234403 0.000000 0.000000 1.000000 line
7 10 71 -0.925961 0.377619 2131.496332 -0.377619 -0.925961 1920.241945 0.000000 0.000000 1.000000 line
1 6 69 -0.959801 0.280682 384.867211 -0.280682 -0.959801 1536.512850 0.000000 0.000000 1.000000 line
7 9 61 -0.974732 -0.223376 2094.143811 0.223376 -0.974732 1586.388464 0.000000 0.000000 1.000000 line
8 9 83 0.905792 0.423723 -575.437013 -0.423723 0.905792 700.459028 0.000000 0.000000 1.000000 line
1 6 69 0.016618 0.999862 -918.699259 -0.999862 0.016618 1109.895613 0.000000 0.000000 1.000000 line
1 6 70 0.034934 0.999390 -943.514655 -0.999390 0.034934 1245.504278 0.000000 0.000000 1.000000 line
8 9 83 0.940713 0.339204 -549.345142 -0.339204 0.940713 610.701314 0.000000 0.000000 1.000000 line
1 9 51 -0.923848 0.382759 762.209723 -0.382759 -0.923848 1765.822184 0.000000 0.000000 1.000000 line
1 3 102 -0.825544 0.564337 310.605147 -0.564337 -0.825544 1667.023176 0.000000 0.000000 1.000000 line
9 11 52 0.996135 -0.087839 113.726356 0.087839 0.996135 299.697706 0.000000 0.000000 1.000000 line
10 11 86 -0.057196 -0.998363 1447.900357 0.998363 -0.057196 53.446221 0.000000 0.000000 1.000000 line
1 9 54 -0.729963 0.683486 379.727966 -0.683486 -0.729963 1906.908036 0.000000 0.000000 1.000000 line
0 7 99 -0.707107 0.707107 220.762716 -0.707107 -0.707107 1884.210297 0.000000 0.000000 1.000000 line
7 8 162 0.999683 -0.025163 1090.820581 0.025163 0.999683 42.911433 0.000000 0.000000 1.000000 line
7 9 55 -0.974732 -0.223376 2231.966899 0.223376 -0.974732 1547.622547 0.000000 0.000000 1.000000 line
0 7 81 -0.980017 -0.198914 1193.646815 0.198914 -0.980017 927.533451 0.000000 0.000000 1.000000 line
6 8 52 0.999704 -0.024317 213.131470 0.024317 0.999704 -12.319320 0.000000 0.000000 1.000000 line
0 7 94 -0.996546 -0.083045 1111.194722 0.083045 -0.996546 1087.613837 0.000000 0.000000 1.000000 line
7 9 61 -0.984623 -0.174691 2066.030117 0.174691 -0.984623 1633.549860 0.000000 0.000000 1.000000 line
10 11 141 0.990717 0.135938 325.383375 -0.135938 0.990717 280.074248 0.000000 0.000000 1.000000 line
8 10 61 -0.936831 0.349783 1279.073800 -0.349783 -0.936831 1282.650380 0.000000 0.000000 1.000000 line
7 9 61 -0.964764 -0.263117 2143.509860 0.263117 -0.964764 1531.469232 0.000000 0.000000 1.000000 line
10 11 95 0.055173 -0.998477 1127.100951 0.998477 0.055173 -276.728266 0.000000 0.000000 1.000000 line
10 11 91 -0.994973 -0.100140 1491.048145 0.100140 -0.994973 659.498803 0.000000 0.000000 1.000000 line
0 3 86 -0.002237 0.999997 -659.999253 -0.999997 -0.002237 727.168901 0.000000 0.000000 1.000000 line
8 10 66 -0.932991 0.359901 1214.170758 -0.359901 -0.932991 1287.792939 0.000000 0.000000 1.000000 line
8 9 133 -0.976187 0.216930 871.967213 -0.216930 -0.976187 1900.057683 0.000000 0.000000 1.000000 line
6 8 78 -0.523579 -0.851977 1405.636518 0.851977 -0.523579 961.253972 0.000000 0.000000 1.000000 line
9 11 91 -0.046357 0.998925 510.679235 -0.998925 -0.046357 991.139440 0.000000 0.000000 1.000000 line
1 7 57 0.352139 0.935948 -1283.831551 -0.935948 0.352139 1352.800459 0.000000 0.000000 1.000000 line
8 10 69 -0.853519 0.521062 1186.348734 -0.521062 -0.853519 1454.284988 0.000000 0.000000 1.000000 line
8 9 133 -0.969015 0.247004 843.207873 -0.247004 -0.969015 1920.392948 0.000000 0.000000 1.000000 line
1 7 60 1.000000 0.000000 -1144.000000 -0.000000 1.000000 -414.000000 0.000000 0.000000 1.000000 line
7 9 77 -0.955064 0.296399 1721.140415 -0.296399 -0.955064 1996.142952 0.000000 0.000000 1.000000 line
7 10 73 -0.316228 0.948683 1447.770755 -0.948683 -0.316228 2274.134337 0.000000 0.000000 1.000000 line
7 9 53 -0.944497 0.328521 1555.943131 -0.328521 -0.944497 1979.669690 0.000000 0.000000 1.000000 line
7 9 73 -0.969406 0.245464 1771.707758 -0.245464 -0.969406 1961.260876 0.000000 0.000000 1.000000 line
7 9 75 -0.820937 0.571018 1413.583253 -0.571018 -0.820937 2156.053975 0.000000 0.000000 1.000000 line
8 10 51 0.332535 0.943091 -81.606130 -0.943091 0.332535 1891.883253 0.000000 0.000000 1.000000 line
0 7 85 -0.979331 -0.202266 1178.840316 0.202266 -0.979331 739.627590 0.000000 0.000000 1.000000 line
8 10 89 0.455351 0.890312 -222.851385 -0.890312 0.455351 1785.645116 0.000000 0.000000 1.000000 line
0 7 51 0.085051 0.996377 -1018.065020 -0.996377 0.085051 1043.201833 0.000000 0.000000 1.000000 line
8 10 53 -0.141421 0.989949 399.147875 -0.989949 -0.141421 1943.776467 0.000000 0.000000 1.000000 line
6 7 90 0.132244 -0.991217 1361.247821 0.991217 0.132244 -64.480515 0.000000 0.000000 1.000000 line
7 10 51 -0.900938 0.433948 1934.880096 -0.433948 -0.900938 1955.974168 0.000000 0.000000 1.000000 line
7 9 71 -0.972180 -0.234235 1865.976193 0.234235 -0.972180 1466.988789 0.000000 0.000000 1.000000 line
8 9 161 0.994275 0.106855 -904.386083 -0.106855 0.994275 302.995290 0.000000 0.000000 1.000000 line
7 8 51 0.133509 -0.991048 2034.487400 0.991048 0.133509 747.872437 0.000000 0.000000 1.000000 line
1 3 93 0.058722 0.998274 -679.544332 -0.998274 0.058722 1082.699182 0.000000 0.000000 1.000000 line
7 8 64 0.908297 0.418325 522.369346 -0.418325 0.908297 444.849499 0.000000 0.000000 1.000000 line
7 8 62 0.979174 0.203025 688.859503 -0.203025 0.979174 310.129357 0.000000 0.000000 1.000000 line
6 7 55 0.306531 0.951861 -764.144854 -0.951861 0.306531 1585.634557 0.000000 0.000000 1.000000 line
7 8 62 0.964764 0.263117 641.986531 -0.263117 0.964764 339.547384 0.000000 0.000000 1.000000 line
1 3 72 0.032157 0.999483 -668.471908 -0.999483 0.032157 1102.764109 0.000000 0.000000 1.000000 line
7 10 81 0.817777 -0.575535 90.583676 0.575535 0.817777 202.532755 0.000000 0.000000 1.000000 line
8 10 51 0.178885 -0.983870 108.023533 0.983870 0.178885 -86.461469 0.000000 0.000000 1.000000 line
7 10 77 0.987763 0.155963 -318.568940 -0.155963 0.987763 1005.278015 0.000000 0.000000 1.000000 line
7 10 78 -0.996815 -0.079745 1985.048272 0.079745 -0.996815 1044.648025 0.000000 0.000000 1.000000 line
7 10 118 0.999589 0.028667 -304.361321 -0.028667 0.999589 610.775779 0.000000 0.000000 1.000000 line
8 10 51 -0.776114 0.630593 767.062994 -0.630593 -0.776114 2048.396995 0.000000 0.000000 1.000000 line
7 8 51 0.789352 -0.613941 1413.065475 0.613941 0.789352 307.925595 0.000000 0.000000 1.000000 line
7 8 80 0.107361 0.994220 39.181468 -0.994220 0.107361 1294.398519 0.000000 0.000000 1.000000 line
