2 3 198 0.48226504519679114 -0.8760257390889474 297.3010190561548 0.8760257390889473 0.4822650451967912 -309.74530312089007 0 0 1
0 1 362 -0.5478846159479663 -0.8365545109468657 433.2041160950825 0.836554510946866 -0.5478846159479667 337.70776707068035 0 0 1
1 2 259 0.1433990302511411 -0.9896650527143172 627.241955606913 0.9896650527143169 0.14339903025114095 -80.0585006356699 0 0 1
3 4 264 0.29714060521876706 0.954833502432348 -250.56544310704453 -0.9548335024323482 0.29714060521876706 259.61434513770536 0 0 1
0 13 245 -0.7819758488623066 -0.6233091416914043 682.5881800188214 0.623309141691404 -0.7819758488623069 315.03013533045527 0 0 1
4 17 199 0.6286593824211102 -0.7776806056112677 107.51683492724874 0.7776806056112677 0.6286593824211101 -101.55811659875233 0 0 1
4 5 204 0.5667194590804275 0.8239110930710833 -61.54406764771908 -0.8239110930710833 0.5667194590804276 48.379682632330756 0 0 1
5 6 431 -0.9990968032038811 0.042503261672319846 612.0285547807675 -0.04250326167231985 -0.999096803203881 327.6119658437548 0 0 1
1 86 226 -0.8331761611803614 -0.5530078991666904 587.5250927216548 0.5530078991666904 -0.8331761611803613 446.1878302810783 0 0 1
4 84 131 -0.742168403728256 -0.6702132909995535 354.3742107947968 0.6702132909995534 -0.742168403728256 234.66762843959634 0 0 1
3 7 277.0 -0.995556 0.094174 325.504173 -0.094174 -0.995556 607.588172 0 0 1
4 10 314.0 0.624695 0.780869 -281.185998 -0.780869 0.624695 231.445837 0 0 1
5 10 101.0 0.999959 -0.009009 -120.457371 0.009009 0.999959 -152.477235 0 0 1
1 8 281 -0.18510925147545088 -0.9827183206423892 417.4685799018292 0.9827183206423892 -0.18510925147545076 -132.6565863669429 0 0 1
2 9 257.0 0.303882 -0.95271 172.102793 0.95271 0.303882 -58.622713 0 0 1
4 86 110.0 0.242536 -0.970143 229.380118 0.970143 0.242536 -39.367733 0 0 1
4 82 153 -0.08397083756307078 -0.9964682196853829 329.03997205292615 0.9964682196853831 -0.08397083756307079 18.41854629576528 0 0 1
5 51 170.0 0.825307 -0.564684 70.560344 0.564684 0.825307 -210.131399 0 0 1
6 89 151 0.051031560674129846 0.9986968918847012 -242.4369636023115 -0.9986968918847009 0.051031560674130075 562.5381617291936 0 0 1
5 11 293.0 -0.400914 0.916116 10.397299 -0.916116 -0.400914 346.057785 0 0 1
6 12 367 0.32497266556246107 -0.9457234421463965 430.77972189491993 0.9457234421463964 0.32497266556246096 77.37509523814857 0 0 1
5 37 118 0.34215019450922046 -0.9396451890571795 250.9331518603286 0.9396451890571795 0.34215019450922046 -203.20509496766587 0 0 1
7 9 436 -0.9966040480487256 0.08233706099256956 202.2065739213922 -0.08233706099256947 -0.9966040480487255 354.7249279035318 0 0 1
7 17 245.0 -0.894427 -0.447214 598.25911 0.447214 -0.894427 129.115787 0 0 1
7 25 120.0 -0.759257 -0.650791 614.058098 0.650791 -0.759257 68.043705 0 0 1
7 10 423 0.6595116168267303 -0.7516950200876629 425.53273903917426 0.7516950200876629 0.6595116168267303 -35.040440772906244 0 0 1
8 9 414 0.6387908171352749 -0.7693798480858773 136.07912616886802 0.7693798480858773 0.6387908171352749 -321.3427762900271 0 0 1
9 19 298.0 -0.205402 -0.978678 411.417865 0.978678 -0.205402 236.111261 0 0 1
9 20 127 -0.9464268558251016 -0.3229178083522383 562.5522294268561 0.3229178083522383 -0.9464268558251016 149.6853109563446 0 0 1
8 20 229 0.8343189408264934 -0.5512816033345914 -54.323992242757924 0.5512816033345912 0.8343189408264935 -19.287930862797946 0 0 1
10 24 141 -0.9998215555933702 0.0189039741021225 529.0300102806505 -0.018903974102122606 -0.9998215555933702 612.2073638834501 0 0 1
9 60 118 -0.8155503031292989 -0.5786855635971121 535.795801128533 0.5786855635971124 -0.8155503031292993 57.587547518565714 0 0 1
11 12 302.0 0.994221 -0.107357 31.729238 0.107357 0.994221 206.986041 0 0 1
13 15 369 -0.9200230811456784 0.39186436178250766 242.21425111080026 -0.3918643617825078 -0.9200230811456784 326.9464578395622 0 0 1
13 78 153.0 -0.076926 -0.997037 227.93035 0.997037 -0.076926 156.202055 0 0 1
10 11 345.0 -0.452376 0.891827 318.83495 -0.891827 -0.452376 397.87597 0 0 1
11 16 131.0 -0.630041 -0.776562 725.771785 0.776562 -0.630041 190.99625 0 0 1
12 14 169 0.466444070859731 -0.884550751200745 504.4002460874676 0.8845507512007452 0.4664440708597309 -101.97987370095139 0 0 1
14 26 263.0 0.951898 -0.306416 141.64682 0.306416 0.951898 -222.500228 0 0 1
15 20 159 0.013358250642339472 0.9999104789073749 -100.10477333863724 -0.9999104789073753 0.013358250642339439 602.0589037134505 0 0 1
17 18 274 -0.7291990760583775 -0.6843011318422675 368.4154445630894 0.6843011318422678 -0.7291990760583776 76.80516919127692 0 0 1
14 16 181.0 0.512458 -0.858713 84.021159 0.858713 0.512458 -154.174681 0 0 1
16 18 219 -0.7027679518895606 0.7114195841379071 62.09143665845017 -0.711419584137907 -0.7027679518895608 667.3822478526256 0 0 1
17 19 268.0 -0.694595 -0.719401 679.433539 0.719401 -0.694595 393.566741 0 0 1
10 16 143.0 0.963634 -0.267226 173.225176 0.267226 0.963634 171.91701 0 0 1
15 22 163 0.9353134421248845 0.35382061436482193 72.09061003903373 -0.3538206143648218 0.9353134421248845 181.90967185557417 0 0 1
20 25 344 0.8930837112789218 0.44989054754825397 -172.8734929685746 -0.4498905475482539 0.8930837112789217 243.29896022999856 0 0 1
18 19 103.0 0.99846 0.05547 -13.941793 -0.05547 0.99846 -217.444166 0 0 1
21 25 246.0 -0.0848 -0.996398 222.76175 0.996398 -0.0848 98.429361 0 0 1
17 23 294 -0.9430959183898406 -0.33251989714665703 368.3010936361179 0.332519897146657 -0.9430959183898405 460.4621869010885 0 0 1
21 23 276 -0.0015216993321613573 0.9999988422149011 198.85413487030533 -0.9999988422149011 -0.0015216993321613642 330.17233633903913 0 0 1
19 21 221 -0.4690691819286365 -0.8831610157778702 655.4945709776725 0.8831610157778702 -0.46906918192863656 151.62710875722124 0 0 1
23 24 339 -0.09124369281327299 -0.9958285714779412 549.8373354363217 0.9958285714779411 -0.09124369281327298 242.02606854894992 0 0 1
16 27 355 0.6006556234751039 0.7995080444509199 -193.65254378625298 -0.7995080444509196 0.6006556234751039 118.55318811391308 0 0 1
23 33 347 -0.46045257569732395 0.8876846509440725 263.4146163981351 -0.8876846509440722 -0.460452575697324 453.3497805223481 0 0 1
19 76 107.0 0.932798 -0.360399 135.997846 0.360399 0.932798 -327.662372 0 0 1
22 31 294.0 -0.924678 0.38075 413.16998 -0.38075 -0.924678 630.522338 0 0 1
26 27 237 0.9898897270022164 0.14183866472678477 -236.419619224331 -0.14183866472678475 0.9898897270022166 22.681429641617825 0 0 1
24 29 362.0 0.994922 0.100654 -97.754944 -0.100654 0.994922 -102.454898 0 0 1
24 82 106 0.7998380371715847 0.6002158897376063 -154.72032041345324 -0.6002158897376064 0.7998380371715847 59.384667630988 0 0 1
24 28 188.0 0.33282 0.94299 -152.595201 -0.94299 0.33282 229.062527 0 0 1
26 34 302.0 0.566529 -0.824042 247.911114 0.824042 0.566529 -228.964882 0 0 1
24 84 106.0 -0.990164 0.139914 300.932131 -0.139914 -0.990164 314.00006 0 0 1
24 81 110.0 -0.536875 0.843661 76.527586 -0.843661 -0.536875 380.453777 0 0 1
28 33 225 0.8755532188299676 -0.4831226855763278 -76.39857567003884 0.4831226855763279 0.8755532188299674 -214.65041323119866 0 0 1
24 27 137.0 0.798815 0.601577 80.100046 -0.601577 0.798815 61.546449 0 0 1
27 40 124.0 -0.178885 0.98387 0.797116 -0.98387 -0.178885 630.25035 0 0 1
29 33 225 -0.8844396815829634 -0.4666538132774948 294.1829425976599 0.46665381327749483 -0.8844396815829629 400.0393268080907 0 0 1
30 34 376 0.48575851075443605 0.8740928173412894 -169.7031691621719 -0.8740928173412892 0.48575851075443605 133.04465543261742 0 0 1
29 81 113 -0.2934913918946018 0.9559617540052372 107.74093113450635 -0.9559617540052373 -0.29349139189460155 624.307874351992 0 0 1
28 36 302.0 -0.252693 -0.967547 364.246601 0.967547 -0.252693 206.276456 0 0 1
30 73 128 -0.9092937248566967 0.41615393630390385 200.26717550364745 -0.4161539363039039 -0.9092937248566967 608.3202060826129 0 0 1
32 40 411 0.8825182799523997 0.4702785292120596 -250.11491889711257 -0.4702785292120596 0.8825182799523998 162.13508787600315 0 0 1
31 41 176.0 0.963679 0.267063 -195.81319 -0.267063 0.963679 -26.828455 0 0 1
33 35 264 -0.8691951784002128 0.4944687582363747 272.86141139660856 -0.4944687582363743 -0.8691951784002128 683.8131600014258 0 0 1
29 30 263 -0.02931866529203197 -0.9995702045531837 620.1047463639975 0.9995702045531837 -0.029318665292031924 -75.49940173432303 0 0 1
29 37 307 -0.3058704135729834 0.9520732884136028 1.3156648612303834 -0.952073288413603 -0.3058704135729833 305.69247905971315 0 0 1
34 39 341.0 0.046723 -0.998908 272.707777 0.998908 0.046723 -115.558805 0 0 1
34 71 135 -0.4417095214193383 0.8971581347858909 -12.428125647488685 -0.8971581347858911 -0.44170952141933856 691.174590503858 0 0 1
35 44 200.0 -0.624096 -0.781348 459.781122 0.781348 -0.624096 19.391711 0 0 1
38 48 108.0 0.870466 0.492228 64.943005 -0.492228 0.870466 18.38342 0 0 1
35 37 362.0 -0.316228 0.948683 280.711458 -0.948683 -0.316228 375.186694 0 0 1
36 40 332 -0.9982992059608222 0.05829919823626846 496.04470085927056 -0.05829919823626829 -0.9982992059608222 227.70125527489745 0 0 1
35 36 315 -0.7070054559433706 0.7072085294764953 -7.984549614696766 -0.7072085294764953 -0.7070054559433707 618.0170287926994 0 0 1
36 45 115.0 -0.778075 -0.628171 684.283819 0.628171 -0.778075 330.184604 0 0 1
39 46 477 0.3016774660016175 0.9534104475008879 -171.08649598129142 -0.9534104475008878 0.30167746600161743 497.61787757904415 0 0 1
37 38 137.0 0.868243 -0.496139 156.14648 0.496139 0.868243 110.791292 0 0 1
38 39 222.0 -0.959018 0.283346 473.501397 -0.283346 -0.959018 647.470549 0 0 1
41 42 271 -0.4887340648881989 -0.8724327423949984 409.34444964093996 0.8724327423949982 -0.48873406488819876 -8.361839038889425 0 0 1
44 47 191 -0.459706527569137 -0.888071226990452 307.4070745243328 0.8880712269904519 -0.4597065275691371 56.90486922274463 0 0 1
43 45 256.0 0.447214 0.894427 -107.430788 -0.894427 0.447214 81.108514 0 0 1
40 43 240.0 0.897483 -0.441049 -46.085107 0.441049 0.897483 -144.87142 0 0 1
37 47 122.0 0.999363 0.035692 168.31099 -0.035692 0.999363 -12.284321 0 0 1
46 55 368 -0.9521174052242175 -0.3057323824230977 326.0758784854404 0.3057323824230977 -0.9521174052242175 291.3648824124864 0 0 1
48 54 323 -0.2181461466961195 0.9759159505565195 216.80485724163412 -0.9759159505565191 -0.2181461466961195 455.8131384740946 0 0 1
47 51 156 -0.37168205556548506 0.9283603654269256 263.2151296388622 -0.9283603654269255 -0.3716820555654851 494.7747990045606 0 0 1
45 70 129 0.9048036449936772 0.42582962787499384 -243.0278769237012 -0.42582962787499384 0.9048036449936772 253.90401206024342 0 0 1
50 51 273 -0.9783367474391721 -0.20701780159962363 701.1102312226081 0.20701780159962357 -0.9783367474391723 397.45240954221174 0 0 1
52 58 438 -0.8606594464536063 -0.5091816157867173 675.8068092688729 0.5091816157867174 -0.8606594464536061 332.319982224078 0 0 1
54 55 137 0.46608420136981504 -0.8847399895101735 87.8281963683212 0.8847399895101736 0.466084201369815 -103.67594573724199 0 0 1
39 68 181 -0.6515449698546887 -0.7586100908813784 397.9912523969225 0.7586100908813784 -0.6515449698546886 356.30102085360596 0 0 1
53 56 240 -0.9783085455267679 0.2071530724133725 471.42252407086403 -0.20715307241337247 -0.9783085455267678 330.21166876680144 0 0 1
55 61 307.0 -0.132889 0.991131 178.046552 -0.991131 -0.132889 551.083567 0 0 1
54 60 247 0.8048866426673046 0.5934286287909899 -86.67320856364645 -0.5934286287909899 0.8048866426673045 342.47455900648896 0 0 1
46 61 106 0.495498981130561 -0.8686084123864883 142.24318285877956 0.8686084123864884 0.49549898113056096 -121.10499554528496 0 0 1
53 54 112 0.8858193529714605 -0.46403040466140033 23.558493471517508 0.46403040466140016 0.8858193529714604 56.712290708392565 0 0 1
51 54 337 0.9665075159783195 -0.2566376376263187 -114.35183703135529 0.25663763762631864 0.9665075159783196 -112.44793427662425 0 0 1
56 57 304 -0.831831605409784 -0.555028087573397 292.09811235677716 0.5550280875733972 -0.8318316054097838 200.3475484227401 0 0 1
56 58 299 -0.40814481841846684 0.9129174578674439 325.07768257328235 -0.912917457867444 -0.40814481841846684 599.2955865788612 0 0 1
58 67 425 -0.7278500135587331 -0.6857359001500153 391.1516494893325 0.6857359001500152 -0.7278500135587332 104.2019146265275 0 0 1
56 66 369 -0.20674082901559535 -0.9783961135976295 415.1480462569952 0.9783961135976293 -0.20674082901559498 232.00430452540786 0 0 1
60 61 389 0.9991404397111168 0.04145432617803657 -169.843966607467 -0.04145432617803638 0.9991404397111171 -133.83482970150132 0 0 1
55 84 138.0 -0.949395 -0.314085 318.852419 0.314085 -0.949395 234.99958 0 0 1
60 65 197.0 -0.239968 -0.970781 371.705032 0.970781 -0.239968 176.542308 0 0 1
65 68 199 0.8451385143510165 -0.5345477096018246 59.45469606844093 0.5345477096018246 0.8451385143510166 119.64631164877048 0 0 1
61 68 273 -0.7448831494482941 -0.6671947345220813 398.20089077668337 0.6671947345220811 -0.7448831494482943 349.3079498441811 0 0 1
66 67 266.0 0.177466 0.984127 1.039286 -0.984127 0.177466 157.946399 0 0 1
65 73 188 0.12573512715183782 -0.9920639003209984 567.8522224327439 0.9920639003209984 0.1257351271518378 49.18650640586673 0 0 1
68 76 441 -0.9926749330436265 0.12081730680590216 566.4544526098762 -0.12081730680590218 -0.9926749330436264 445.0927375510376 0 0 1
66 74 396 -0.7056566404872937 -0.7085538573419711 696.0193042807064 0.7085538573419711 -0.7056566404872937 252.20855182095627 0 0 1
72 82 134 -0.3826369569578442 -0.9238989666560091 372.9664921376036 0.923898966656009 -0.3826369569578441 30.499505023816013 0 0 1
70 77 350 -0.9253644857215435 0.3790797174820934 293.5807388895216 -0.3790797174820933 -0.9253644857215433 332.46601860031853 0 0 1
73 76 267 -0.7039800942324617 -0.7102201389868176 706.1990143645089 0.7102201389868175 -0.7039800942324617 341.740773313 0 0 1
71 80 142 0.952572856266518 -0.30431038719413905 195.07375701378893 0.30431038719413905 0.9525728562665181 -154.15598546345075 0 0 1
77 81 270.0 -0.580352 0.814365 -33.643018 -0.814365 -0.580352 658.579364 0 0 1
71 73 301 0.8949607356427616 -0.4461449336065201 215.5946640074661 0.4461449336065203 0.8949607356427618 86.18185036102429 0 0 1
74 75 101.0 -0.642952 0.765907 378.975591 -0.765907 -0.642952 387.40052 0 0 1
76 78 407 0.908885784572362 -0.41704432878566144 -43.33644828486521 0.4170443287856616 0.9088857845723618 -41.82101836228847 0 0 1
74 81 128.0 0.5547 -0.83205 208.382089 0.83205 0.5547 -217.618232 0 0 1
67 70 151.0 -0.961524 0.274721 346.986015 -0.274721 -0.961524 648.934497 0 0 1
77 87 355.0 -0.156082 -0.987744 557.688658 0.987744 -0.156082 166.392616 0 0 1
71 72 127 -0.47658366651103234 -0.8791285184140607 387.8895267961746 0.8791285184140607 -0.4765836665110324 -80.87682884354035 0 0 1
81 83 207 0.7779430002479241 -0.6283347711668189 179.25950030933237 0.6283347711668191 0.7779430002479237 -278.5297561268295 0 0 1
79 80 320 0.6348260372494084 0.7726548483159948 -284.23035170539526 -0.772654848315995 0.6348260372494081 280.2059283047963 0 0 1
78 79 297 -0.468290812002103 0.8835745242928922 258.426654349132 -0.8835745242928922 -0.46829081200210343 700.244662229521 0 0 1
79 90 369 -0.8704006018519245 0.4923450450698247 273.2538704764231 -0.4923450450698246 -0.8704006018519247 345.2712226177698 0 0 1
82 83 281 0.7498041769140508 0.661659605884508 105.58459950756153 -0.6616596058845078 0.749804176914051 242.91090466914565 0 0 1
81 88 307.0 0.891827 0.452376 -243.174817 -0.452376 0.891827 142.491544 0 0 1
82 84 286.0 0.735641 -0.677372 185.000904 0.677372 0.735641 75.956079 0 0 1
78 89 460 -0.9991862664216702 -0.04034454341448811 301.7349119657535 0.04034454341448794 -0.9991862664216699 516.900883323106 0 0 1
80 86 229 -0.9358401141627127 0.35242477891306173 427.0142638706552 -0.3524247789130615 -0.9358401141627127 353.0528090518685 0 0 1
84 85 392 -0.2329374455510355 0.972491565302835 226.9515132738876 -0.9724915653028353 -0.23293744555103568 358.9573159961619 0 0 1
84 86 439 0.5673836471955139 0.8234533139845371 -245.93750717441569 -0.8234533139845372 0.5673836471955137 389.5281094392634 0 0 1
85 88 561 0.6775172591824604 0.7355069959632518 -32.45789839912337 -0.7355069959632519 0.6775172591824606 421.69668414107986 0 0 1
86 90 370 0.5456715850734128 -0.8379992661956626 58.38103387612324 0.8379992661956625 0.5456715850734128 -149.56180517379727 0 0 1
89 90 341 0.09847184003354789 0.9951396542523099 -143.14076888637493 -0.9951396542523098 0.09847184003354778 208.2692601441455 0 0 1
87 88 386 -0.3013747618846326 -0.9535060985599313 649.6287797643807 0.9535060985599313 -0.3013747618846324 226.12570676832547 0 0 1
