1
0.9391989902521976 0.3433733488627975 -188.75305290972395 -0.3433733488627975 0.9391989902521976 -14.102512898721002 0 0 1
2
-0.2231212438080027 -0.9747907009002342 333.5510681122709 0.9747907009002342 -0.2231212438080027 154.39106672517022 0 0 1
3
-0.9976664489235036 0.068276326002254 274.8188764280687 -0.068276326002254 -0.9976664489235036 782.1776966090379 0 0 1
4
-0.43967585397401204 0.8981565250178964 -33.57334427443513 -0.8981565250178964 -0.43967585397401204 1074.6339614832605 0 0 1
5
-0.9876424210918618 -0.1567241144808461 310.0388051481322 0.1567241144808461 -0.9876424210918618 1185.6474359213685 0 0 1
6
-0.45772716177030004 -0.8890927091016468 363.56627223746864 0.8890927091016468 -0.45772716177030004 1139.2564073237604 0 0 1
7
0.49354014998104334 0.8697230135834565 -208.10158016636748 -0.8697230135834565 0.49354014998104334 1534.8793156745187 0 0 1
8
0.3436648712423595 -0.9390923576911764 373.0169095864956 0.9390923576911764 0.3436648712423595 518.2071957792898 0 0 1
9
-0.91281960458152 0.40836303639242066 367.45816216065634 -0.40836303639242066 -0.91281960458152 592.0542678093973 0 0 1
10
-0.261976211988926 0.9650743309983606 108.83390441297152 -0.9650743309983606 -0.261976211988926 828.8158667422666 0 0 1
11
-0.48778807727170154 -0.872962079171585 551.5612836353066 0.872962079171585 -0.48778807727170154 910.1875895915251 0 0 1
12
0.9985281519029057 -0.054235872421929794 49.977159911590185 0.054235872421929794 0.9985281519029057 991.6557347701604 0 0 1
13
0.9831627048653643 -0.1827323062893386 72.90746430615448 0.1827323062893386 0.9831627048653643 1197.3325726017388 0 0 1
14
-0.5147434489933609 -0.8573442609118109 560.998857629612 0.8573442609118109 -0.5147434489933609 45.340825437533255 0 0 1
15
0.3188639857515656 -0.947800484590837 584.2213472504434 0.947800484590837 0.3188639857515656 1184.6671388763834 0 0 1
16
0.8108702659903103 0.585225949298904 156.83931371281892 -0.585225949298904 0.8108702659903103 84.48647191134765 0 0 1
17
-0.694132903055203 -0.7198468676712819 765.0056507061943 0.7198468676712819 -0.694132903055203 1233.471497607543 0 0 1
18
-0.7405608811534328 0.6719892717188655 465.742896028432 -0.6719892717188655 -0.7405608811534328 1119.698282867544 0 0 1
19
0.9999760403648521 0.0069223331494215525 244.51684969443116 -0.0069223331494215525 0.9999760403648521 813.4934529486824 0 0 1
20
0.9982242049309895 0.05956875598746282 229.57451340253274 -0.05956875598746282 0.9982242049309895 369.1890784771418 0 0 1
21
-0.5374946540525984 0.8432671562825612 410.258912020558 -0.8432671562825612 -0.5374946540525984 630.8637892220594 0 0 1
22
-0.4239583160302744 -0.9056817025140642 893.8726039870328 0.9056817025140642 -0.4239583160302744 484.4294719059852 0 0 1
23
0.5680984023355712 0.8229606340911888 319.9223071682466 -0.8229606340911888 0.5680984023355712 184.7953798274578 0 0 1
24
0.9203096769493115 -0.3911906165968885 504.23940202422904 0.3911906165968885 0.9203096769493115 529.027436887567 0 0 1
25
-0.4931488455580976 -0.8699449500541488 914.065166056633 0.8699449500541488 -0.4931488455580976 974.9888375333489 0 0 1
26
-0.8552993698593593 0.5181341408536818 706.4905242362206 -0.5181341408536818 -0.8552993698593593 646.2882048033039 0 0 1
27
-0.004642559918862822 -0.9999892232606308 845.9958333835912 0.9999892232606308 -0.004642559918862822 1252.00046738152 0 0 1
28
0.1600847119358829 -0.9871032798063257 814.8089920921452 0.9871032798063257 0.1600847119358829 1010.3545817754251 0 0 1
29
-0.5778481365417526 0.8161443077637827 713.7663231872635 -0.8161443077637827 -0.5778481365417526 869.70837552569 0 0 1
30
-0.4086874336609654 -0.9126744115880614 1053.0927967285406 0.9126744115880614 -0.4086874336609654 943.6427997456743 0 0 1
31
-0.8935417461218219 0.4489801197576186 863.5807496683037 -0.4489801197576186 -0.8935417461218219 1541.6422011640798 0 0 1
32
-0.8288200223527775 -0.5595152996542109 1075.4920942315025 0.5595152996542109 -0.8288200223527775 194.9005153801918 0 0 1
33
-0.9817231899528485 0.19031441960293885 941.1528856252305 -0.19031441960293885 -0.9817231899528485 605.9880860544943 0 0 1
34
-0.0866865442883039 0.996235636302653 572.4469452169149 -0.996235636302653 -0.0866865442883039 1051.8282688270556 0 0 1
35
-0.8311376584198307 -0.5560667161019448 1073.2489405221818 0.5560667161019448 -0.8311376584198307 1503.1402525983453 0 0 1
36
-0.41442381145854507 -0.9100840095816277 1230.7691815236371 0.9100840095816277 -0.41442381145854507 718.4330574035372 0 0 1
37
0.9388575020397404 0.3443059553125662 673.1198566692541 -0.3443059553125662 0.9388575020397404 452.17141745365757 0 0 1
38
0.9956949463500753 -0.09269074286529727 770.8540962507727 0.09269074286529727 0.9956949463500753 820.997076818695 0 0 1
39
0.7867297348638389 -0.6172975978254522 928.5720905367468 0.6172975978254522 0.7867297348638389 947.1341234718024 0 0 1
40
-0.6055948750814972 0.7957731129379942 916.1116788608531 -0.7957731129379942 -0.6055948750814972 1749.2941174241907 0 0 1
41
-0.9573460023037819 -0.28894399435352053 1217.95234928132 0.28894399435352053 -0.9573460023037819 494.7064317093062 0 0 1
42
-0.6326224471450681 -0.7744603536451595 1251.522802169899 0.7744603536451595 -0.6326224471450681 99.50485010248036 0 0 1
43
-0.3646034462447916 0.9311628896097726 999.1897196765291 -0.9311628896097726 -0.3646034462447916 420.58976220873126 0 0 1
44
-0.9894686737797544 0.1447471713317185 1310.6151230263276 -0.1447471713317185 -0.9894686737797544 614.8564066989667 0 0 1
45
-0.4248804500457246 0.9052494701290592 1014.720660682083 -0.9052494701290592 -0.4248804500457246 1127.9779328375785 0 0 1
46
-0.5568236293430529 -0.8306307517815786 1429.3026919417957 0.8306307517815786 -0.5568236293430529 546.131468675717 0 0 1
47
-0.9397775032030088 -0.3417868406968279 1417.5363339384648 0.3417868406968279 -0.9397775032030088 1581.567992438829 0 0 1
48
0.9994618840329752 -0.03280156040885228 933.1680304208136 0.03280156040885228 0.9994618840329752 828.0633594450071 0 0 1
49
0.9955778830332129 -0.0939397616300264 951.1478038983149 0.0939397616300264 0.9955778830332129 1007.7537063974036 0 0 1
50
0.886285523517395 0.4631392563835387 980.8736723212993 -0.4631392563835387 0.886285523517395 520.0235525662209 0 0 1
51
0.1621372413858517 -0.9867682174430762 1465.2956598523033 0.9867682174430762 0.1621372413858517 576.9853263517805 0 0 1
52
-0.3519212410275435 0.9360296149768091 1183.4166996009078 -0.9360296149768091 -0.3519212410275435 1331.9094340409358 0 0 1
53
0.960723379497803 0.27750781626166937 1027.7802929117136 -0.27750781626166937 0.960723379497803 -3.891346095768725 0 0 1
54
0.5695659144516158 -0.8219456606703965 1343.261645437038 0.8219456606703965 0.5695659144516158 84.82501134876735 0 0 1
55
-0.11373539007082344 0.9935110774648854 1121.8482272102767 -0.9935110774648854 -0.11373539007082344 1482.0579905201773 0 0 1
56
0.7970876772398681 0.6038635895567408 1012.7954776387292 -0.6038635895567408 0.7970876772398681 1418.4568211481276 0 0 1
57
-0.3804963822958801 0.9247824084938832 1339.9785043674294 -0.9247824084938832 -0.3804963822958801 660.6349400197992 0 0 1
58
0.8238609172074445 -0.5667920157324982 1416.7301861828864 0.5667920157324982 0.8238609172074445 314.00961941791235 0 0 1
59
-0.6936803458939266 -0.7202829844724101 1770.0021160287624 0.7202829844724101 -0.6936803458939266 133.280432705626 0 0 1
60
0.38842829204954427 0.9214789536041905 1193.369942184447 -0.9214789536041905 0.38842829204954427 938.6058922342489 0 0 1
61
-0.6779527845095609 0.7351054495619882 1470.712177013728 -0.7351054495619882 -0.6779527845095609 1530.807520325383 0 0 1
62
-0.7147527080904136 0.6993772703465706 1492.3057191149262 -0.6993772703465706 -0.7147527080904136 1748.0379453639516 0 0 1
63
-0.8983709277709961 0.4392376078341648 1577.7136637864187 -0.4392376078341648 -0.8983709277709961 1327.5858351551096 0 0 1
64
0.6503652192634413 0.7596216700255569 1334.8528188028654 -0.7596216700255569 0.6503652192634413 860.4901369138549 0 0 1
65
-0.9081079030968205 0.4187362371864842 1738.2149081707223 -0.4187362371864842 -0.9081079030968205 1313.2714901609106 0 0 1
66
0.8897057418755452 0.4565344377740696 1351.5583613753329 -0.4565344377740696 0.8897057418755452 1130.8681696181827 0 0 1
67
0.9832182894523275 0.18243298848190584 1397.38497524414 -0.18243298848190584 0.9832182894523275 189.83116029135937 0 0 1
68
-0.00010652732494261557 0.9999999943259645 1427.0229045947804 -0.9999999943259645 -0.00010652732494261557 343.022902154945 0 0 1
69
0.9982861453496271 -0.058521551611206035 1455.9506123462395 0.058521551611206035 0.9982861453496271 1217.7863451534208 0 0 1
70
-0.963589584394286 0.2673857005279962 1811.6838350312523 -0.2673857005279962 -0.963589584394286 860.6596862582907 0 0 1
71
-0.23591728585223923 -0.9717731392851486 2068.653441404538 0.9717731392851486 -0.23591728585223923 -17.20900848807557 0 0 1
72
0.8480361939054305 -0.5299383113404721 1754.608955248534 0.5299383113404721 0.8480361939054305 733.735481372131 0 0 1
73
-0.8414221525232646 -0.5403783500873403 2122.08710806128 0.5403783500873403 -0.8414221525232646 853.7244175237238 0 0 1
74
0.5495644295841788 -0.8354513377425499 1885.4656852540497 0.8354513377425499 0.5495644295841788 919.2216100247533 0 0 1
75
-0.5762392163430552 -0.8172810811149012 2129.6068639534606 0.8172810811149012 -0.5762392163430552 316.1759990740531 0 0 1
76
0.9916473731942166 0.12897863093167838 1591.0654091129327 -0.12897863093167838 0.9916473731942166 410.5262204135543 0 0 1
77
-0.9847372160901227 0.17404773841413487 1997.2982377003373 -0.17404773841413487 -0.9847372160901227 1693.1387652184153 0 0 1
78
0.5894687420131025 0.8077911872442595 1676.5891152096672 -0.8077911872442595 0.5894687420131025 189.93932572469873 0 0 1
79
-0.8189674404572703 0.5738399876889615 2031.7024023451863 -0.5738399876889615 -0.8189674404572703 1744.4535970514398 0 0 1
80
-0.13303948695624757 -0.9911107379654498 2225.692298358165 0.9911107379654498 -0.13303948695624757 1024.5146810330216 0 0 1
81
0.668879605507323 -0.7433707509287462 1991.015596265606 0.7433707509287462 0.668879605507323 704.3661733662451 0 0 1
82
-0.9999930849909803 0.0037188667927278473 2191.1989569126245 -0.0037188667927278473 -0.9999930849909803 604.7980696334973 0 0 1
83
-0.13766027235029582 0.9904795047937349 1779.6438650246605 -0.9904795047937349 -0.13766027235029582 1023.5500520859666 0 0 1
84
-0.7662565836902658 0.6425347056395652 2006.6002037809005 -0.6425347056395652 -0.7662565836902658 883.8901272059136 0 0 1
85
0.5658365691921958 0.8245174206557466 1831.0738921826924 -0.8245174206557466 0.5658365691921958 832.6163830646634 0 0 1
86
-0.9354223523370087 0.3535322089262832 2257.106380833306 -0.3535322089262832 -0.9354223523370087 847.1252306716078 0 0 1
87
-0.35349142061615807 0.935437766797327 2010.8815355710487 -0.935437766797327 -0.35349142061615807 1256.1197752938992 0 0 1
88
0.696113683243606 -0.717931570556011 2144.690845772167 0.717931570556011 0.696113683243606 -161.01972956691765 0 0 1
89
-0.8915773068703813 -0.4528685304520043 2436.055855024313 0.4528685304520043 -0.8915773068703813 461.3223869299511 0 0 1
90
0.8429666114346165 -0.5379658836826368 2081.4248435333243 0.5379658836826368 0.8429666114346165 1147.0995135497906 0 0 1
91
0.6056309843229792 0.7957456319879986 1847.7040274931398 -0.7957456319879986 0.6056309843229792 1249.874649247979 0 0 1
