Node 0
Node 1
Node 2
Node 3
Node 4
Node 5
Node 6
Node 7
Node 8
Node 9
Node 10
Node 11
Node 12
Node 13
Node 14
Node 15
Node 16
Node 17
Node 18
Node 19
Node 20
Node 21
Node 22
Node 23
Node 24
Node 25
Node 26
Node 27
Node 28
Node 29
Node 30
Node 31
Node 32
Node 33
Node 34
Node 35
Node 36
Node 37
Node 38
Node 39
Node 40
Node 41
Node 42
Node 43
Node 44
Node 45
Node 46
Node 47
Node 48
Node 49
Node 50
Node 51
Node 52
Node 53
Node 54
Node 55
Node 56
Node 57
Node 58
Node 59
Node 60
Node 61
Node 62
Node 63
Node 64
Node 65
Node 66
Node 67
Node 68
Node 69
Node 70
Node 71
Node 72
Node 73
Node 74
Node 75
Node 76
Node 77
Node 78
Node 79
Node 80
Node 81
Node 82
Node 83
Node 84
Node 85
Node 86
Node 87
Node 88
Node 89
Node 90
0 1 214.0 -0.544513 -0.838753 432.044665 0.838753 -0.544513 336.761334 0.000000 0.000000 1.000000
0 1 214.0 -0.554700 -0.832050 432.542768 0.832050 -0.554700 341.032418 0.000000 0.000000 1.000000
0 1 158.0 -0.593852 -0.804574 429.210127 0.804574 -0.593852 349.745196 0.000000 0.000000 1.000000
0 1 135.0 -0.600000 -0.800000 428.600000 0.800000 -0.600000 351.200000 0.000000 0.000000 1.000000
0 1 102.0 -0.482406 -0.875948 435.404506 0.875948 -0.482406 322.650929 0.000000 0.000000 1.000000
0 1 102.0 -0.496139 -0.868243 435.196163 0.868243 -0.496139 325.605691 0.000000 0.000000 1.000000
0 1 99.0 -0.554700 -0.832050 442.288512 0.832050 -0.554700 338.069391 0.000000 0.000000 1.000000
0 1 85.0 -0.507692 -0.861538 435.800000 0.861538 -0.507692 322.400000 0.000000 0.000000 1.000000
0 13 183.0 -0.781348 -0.624096 681.810167 0.624096 -0.781348 316.279830 0.000000 0.000000 1.000000
0 13 183.0 -0.760913 -0.648854 684.451556 0.648854 -0.760913 302.243751 0.000000 0.000000 1.000000
0 13 127.0 -0.748044 -0.663649 687.471793 0.663649 -0.748044 295.278773 0.000000 0.000000 1.000000
1 2 200.0 0.160485 -0.987038 623.145625 0.987038 0.160485 -84.500202 0.000000 0.000000 1.000000
1 2 200.0 0.138196 -0.990405 629.191522 0.990405 0.138196 -77.338314 0.000000 0.000000 1.000000
1 2 184.0 0.130455 -0.991454 632.737203 0.991454 0.130455 -75.632009 0.000000 0.000000 1.000000
1 2 169.0 0.200654 -0.979662 610.384778 0.979662 0.200654 -94.904208 0.000000 0.000000 1.000000
1 8 243.0 -0.185408 -0.982662 417.400470 0.982662 -0.185408 -132.586829 0.000000 0.000000 1.000000
1 86 226.0 -0.833038 -0.553216 586.144367 0.553216 -0.833038 446.424315 0.000000 0.000000 1.000000
2 3 198.0 0.483894 -0.875127 295.126440 0.875127 0.483894 -309.837133 0.000000 0.000000 1.000000
2 3 186.0 0.496139 -0.868243 290.957513 0.868243 0.496139 -310.554971 0.000000 0.000000 1.000000
2 3 172.0 0.474100 -0.880471 300.368086 0.880471 0.474100 -310.723840 0.000000 0.000000 1.000000
2 9 257.0 0.303882 -0.952710 172.102793 0.952710 0.303882 -58.622713 0.000000 0.000000 1.000000
2 9 245.0 0.350550 -0.936544 157.221155 0.936544 0.350550 -59.271033 0.000000 0.000000 1.000000
2 9 181.0 0.355011 -0.934862 151.654993 0.934862 0.355011 -58.775677 0.000000 0.000000 1.000000
3 4 240.0 0.291029 0.956714 -249.709091 -0.956714 0.291029 260.396755 0.000000 0.000000 1.000000
3 4 226.0 0.295140 0.955454 -249.876434 -0.955454 0.295140 258.960785 0.000000 0.000000 1.000000
3 4 225.0 0.274721 0.961524 -247.145361 -0.961524 0.274721 268.231098 0.000000 0.000000 1.000000
3 4 207.0 0.274721 0.961524 -249.063209 -0.961524 0.274721 267.793016 0.000000 0.000000 1.000000
3 7 277.0 -0.995556 0.094174 325.504173 -0.094174 -0.995556 607.588172 0.000000 0.000000 1.000000
3 7 266.0 -0.995495 0.094809 323.966858 -0.094809 -0.995495 608.075390 0.000000 0.000000 1.000000
3 7 266.0 -0.994505 0.104685 320.017926 -0.104685 -0.994505 608.443017 0.000000 0.000000 1.000000
3 7 266.0 -0.994362 0.106040 319.774520 -0.106040 -0.994362 608.835695 0.000000 0.000000 1.000000
3 7 115.0 -0.989848 0.142132 309.736041 -0.142132 -0.989848 610.695431 0.000000 0.000000 1.000000
4 5 152.0 0.572223 0.820098 -61.838407 -0.820098 0.572223 44.612770 0.000000 0.000000 1.000000
4 5 124.0 0.562965 0.826481 -62.370345 -0.826481 0.562965 50.033369 0.000000 0.000000 1.000000
4 5 95.0 0.554700 0.832050 -62.807052 -0.832050 0.554700 53.959884 0.000000 0.000000 1.000000
4 10 314.0 0.624695 0.780869 -281.185998 -0.780869 0.624695 231.445837 0.000000 0.000000 1.000000
4 10 275.0 0.611162 0.791505 -280.573838 -0.791505 0.611162 238.316921 0.000000 0.000000 1.000000
4 10 270.0 0.621414 0.783483 -280.922533 -0.783483 0.621414 235.240040 0.000000 0.000000 1.000000
4 10 186.0 0.648466 0.761243 -283.178479 -0.761243 0.648466 217.164622 0.000000 0.000000 1.000000
4 10 125.0 0.558853 0.829266 -277.927971 -0.829266 0.558853 266.045482 0.000000 0.000000 1.000000
4 10 94.0 0.664873 0.746956 -275.941141 -0.746956 0.664873 210.121707 0.000000 0.000000 1.000000
4 17 83.0 0.626759 -0.779213 108.096173 0.779213 0.626759 -101.107144 0.000000 0.000000 1.000000
4 82 101.0 -0.084800 -0.996398 329.450643 0.996398 -0.084800 17.727503 0.000000 0.000000 1.000000
4 84 101.0 -0.740766 -0.671763 354.536791 0.671763 -0.740766 233.683938 0.000000 0.000000 1.000000
4 86 110.0 0.242536 -0.970143 229.380118 0.970143 0.242536 -39.367733 0.000000 0.000000 1.000000
5 6 194.0 -0.998969 0.045408 611.233368 -0.045408 -0.998969 327.840100 0.000000 0.000000 1.000000
5 6 134.0 -1.000000 -0.000000 617.000000 0.000000 -1.000000 316.000000 0.000000 0.000000 1.000000
5 6 85.0 -0.998868 0.047565 611.904519 -0.047565 -0.998868 332.238526 0.000000 0.000000 1.000000
5 10 101.0 0.999959 -0.009009 -120.457371 0.009009 0.999959 -152.477235 0.000000 0.000000 1.000000
5 11 293.0 -0.400914 0.916116 10.397299 -0.916116 -0.400914 346.057785 0.000000 0.000000 1.000000
5 11 260.0 -0.422885 0.906183 16.538087 -0.906183 -0.422885 350.500296 0.000000 0.000000 1.000000
5 11 232.0 -0.422417 0.906401 16.806921 -0.906401 -0.422417 348.182814 0.000000 0.000000 1.000000
5 11 195.0 -0.431455 0.902134 15.721013 -0.902134 -0.431455 350.245533 0.000000 0.000000 1.000000
5 11 156.0 -0.374673 0.927157 5.749040 -0.927157 -0.374673 337.825864 0.000000 0.000000 1.000000
5 11 142.0 -0.485643 0.874157 32.472541 -0.874157 -0.485643 365.644936 0.000000 0.000000 1.000000
5 11 124.0 -0.435999 0.899947 16.546590 -0.899947 -0.435999 350.981474 0.000000 0.000000 1.000000
5 37 95.0 0.341075 -0.940036 251.878369 0.940036 0.341075 -203.384336 0.000000 0.000000 1.000000
5 51 170.0 0.825307 -0.564684 70.560344 0.564684 0.825307 -210.131399 0.000000 0.000000 1.000000
6 12 239.0 0.309485 -0.950904 436.270369 0.950904 0.309485 80.366755 0.000000 0.000000 1.000000
6 12 200.0 0.337615 -0.941284 428.700917 0.941284 0.337615 76.530275 0.000000 0.000000 1.000000
6 12 172.0 0.310764 -0.950487 437.476899 0.950487 0.310764 81.026229 0.000000 0.000000 1.000000
6 12 112.0 0.325628 -0.945498 429.459027 0.945498 0.325628 78.169457 0.000000 0.000000 1.000000
6 89 151.0 0.050853 0.998706 -242.779510 -0.998706 0.050853 561.882331 0.000000 0.000000 1.000000
7 9 397.0 -0.996690 0.081290 202.703104 -0.081290 -0.996690 354.229661 0.000000 0.000000 1.000000
7 9 397.0 -0.997054 0.076696 203.934009 -0.076696 -0.997054 354.159963 0.000000 0.000000 1.000000
7 9 397.0 -0.996393 0.084858 202.500414 -0.084858 -0.996393 354.385906 0.000000 0.000000 1.000000
7 9 397.0 -0.997630 0.068802 205.047025 -0.068802 -0.997630 354.134049 0.000000 0.000000 1.000000
7 9 379.0 -0.994757 0.102265 199.086658 -0.102265 -0.994757 357.155561 0.000000 0.000000 1.000000
7 9 378.0 -0.997459 0.071247 203.270148 -0.071247 -0.997459 353.122390 0.000000 0.000000 1.000000
7 9 276.0 -0.993558 0.113324 197.954052 -0.113324 -0.993558 357.184229 0.000000 0.000000 1.000000
7 9 259.0 -0.998634 0.052254 205.973696 -0.052254 -0.998634 351.372091 0.000000 0.000000 1.000000
7 9 232.0 -0.992278 0.124035 196.483099 -0.124035 -0.992278 357.892116 0.000000 0.000000 1.000000
7 9 232.0 -0.998674 0.051478 208.984170 -0.051478 -0.998674 354.523690 0.000000 0.000000 1.000000
7 9 120.0 -0.991750 0.128185 189.393854 -0.128185 -0.991750 356.287852 0.000000 0.000000 1.000000
7 9 93.0 -0.997099 0.076114 213.575472 -0.076114 -0.997099 332.234270 0.000000 0.000000 1.000000
7 10 312.0 0.658505 -0.752577 426.135178 0.752577 0.658505 -35.005476 0.000000 0.000000 1.000000
7 10 215.0 0.630593 -0.776114 437.752612 0.776114 0.630593 -29.074310 0.000000 0.000000 1.000000
7 10 153.0 0.690007 -0.723803 413.894177 0.723803 0.690007 -39.977629 0.000000 0.000000 1.000000
7 10 113.0 0.600000 -0.800000 448.200000 0.800000 0.600000 -22.400000 0.000000 0.000000 1.000000
7 10 89.0 0.602603 -0.798041 443.209505 0.798041 0.602603 -27.664998 0.000000 0.000000 1.000000
7 17 245.0 -0.894427 -0.447214 598.259110 0.447214 -0.894427 129.115787 0.000000 0.000000 1.000000
7 17 183.0 -0.909246 -0.416258 596.421030 0.416258 -0.909246 139.125344 0.000000 0.000000 1.000000
7 17 123.0 -0.864658 -0.502361 596.467098 0.502361 -0.864658 109.766530 0.000000 0.000000 1.000000
7 17 120.0 -0.910815 -0.412815 595.370610 0.412815 -0.910815 144.197334 0.000000 0.000000 1.000000
7 25 120.0 -0.759257 -0.650791 614.058098 0.650791 -0.759257 68.043705 0.000000 0.000000 1.000000
7 51 86.0 0.141421 0.989949 75.061093 -0.989949 0.141421 218.564232 0.000000 0.000000 1.000000
8 9 410.0 0.627985 -0.778226 142.088200 0.778226 0.627985 -320.435404 0.000000 0.000000 1.000000
8 9 399.0 0.636911 -0.770937 136.904550 0.770937 0.636911 -321.052167 0.000000 0.000000 1.000000
8 9 399.0 0.640184 -0.768221 136.356181 0.768221 0.640184 -322.081466 0.000000 0.000000 1.000000
8 9 399.0 0.645942 -0.763386 132.632924 0.763386 0.645942 -321.211338 0.000000 0.000000 1.000000
8 9 399.0 0.642351 -0.766410 134.973588 0.766410 0.642351 -319.673723 0.000000 0.000000 1.000000
8 9 399.0 0.636881 -0.770962 138.308492 0.770962 0.636881 -320.425040 0.000000 0.000000 1.000000
8 9 399.0 0.630593 -0.776114 141.045555 0.776114 0.630593 -321.348043 0.000000 0.000000 1.000000
8 9 399.0 0.640996 -0.767544 135.358513 0.767544 0.640996 -319.761928 0.000000 0.000000 1.000000
8 9 399.0 0.642220 -0.766520 134.550886 0.766520 0.642220 -319.293282 0.000000 0.000000 1.000000
8 9 317.0 0.615850 -0.787863 149.259588 0.787863 0.615850 -320.206323 0.000000 0.000000 1.000000
8 9 227.0 0.604557 -0.796562 155.602893 0.796562 0.604557 -320.039291 0.000000 0.000000 1.000000
8 9 201.0 0.682745 -0.730657 113.752720 0.730657 0.682745 -315.210238 0.000000 0.000000 1.000000
8 9 143.0 0.682745 -0.730657 114.696721 0.730657 0.682745 -313.747634 0.000000 0.000000 1.000000
8 9 97.0 -0.816205 -0.577763 448.064779 0.577763 -0.816205 31.143344 0.000000 0.000000 1.000000
8 20 191.0 0.836461 -0.548026 -55.537118 0.548026 0.836461 -19.197561 0.000000 0.000000 1.000000
9 19 298.0 -0.205402 -0.978678 411.417865 0.978678 -0.205402 236.111261 0.000000 0.000000 1.000000
9 19 246.0 -0.219549 -0.975601 411.382570 0.975601 -0.219549 238.605381 0.000000 0.000000 1.000000
9 19 226.0 -0.225209 -0.974310 411.747956 0.974310 -0.225209 240.395921 0.000000 0.000000 1.000000
9 19 159.0 -0.250621 -0.968085 417.670748 0.968085 -0.250621 242.383579 0.000000 0.000000 1.000000
9 19 148.0 -0.264294 -0.964442 418.282772 0.964442 -0.264294 246.101576 0.000000 0.000000 1.000000
9 19 143.0 -0.162447 -0.986717 405.226032 0.986717 -0.162447 231.217692 0.000000 0.000000 1.000000
9 20 93.0 -0.946123 -0.323807 563.186739 0.323807 -0.946123 149.487206 0.000000 0.000000 1.000000
9 24 86.0 -0.747409 0.664364 333.576927 -0.664364 -0.747409 343.299076 0.000000 0.000000 1.000000
9 37 81.0 -0.196402 -0.980523 551.934002 0.980523 -0.196402 -168.249377 0.000000 0.000000 1.000000
9 60 109.0 -0.815633 -0.578569 536.791850 0.578569 -0.815633 57.609674 0.000000 0.000000 1.000000
10 11 345.0 -0.452376 0.891827 318.834950 -0.891827 -0.452376 397.875970 0.000000 0.000000 1.000000
10 11 338.0 -0.454187 0.890906 317.268019 -0.890906 -0.454187 399.442917 0.000000 0.000000 1.000000
10 11 111.0 -0.384615 0.923077 297.307692 -0.923077 -0.384615 400.538462 0.000000 0.000000 1.000000
10 16 143.0 0.963634 -0.267226 173.225176 0.267226 0.963634 171.917010 0.000000 0.000000 1.000000
10 24 112.0 -0.999835 0.018179 528.961415 -0.018179 -0.999835 612.285576 0.000000 0.000000 1.000000
11 12 302.0 0.994221 -0.107357 31.729238 0.107357 0.994221 206.986041 0.000000 0.000000 1.000000
11 12 241.0 0.995664 -0.093021 29.121169 0.093021 0.995664 210.041273 0.000000 0.000000 1.000000
11 12 219.0 0.995037 -0.099504 30.509437 0.099504 0.995037 210.287100 0.000000 0.000000 1.000000
11 16 131.0 -0.630041 -0.776562 725.771785 0.776562 -0.630041 190.996250 0.000000 0.000000 1.000000
12 14 135.0 0.462903 -0.886409 505.226040 0.886409 0.462903 -100.529067 0.000000 0.000000 1.000000
12 14 135.0 0.517698 -0.855564 484.539152 0.855564 0.517698 -110.914117 0.000000 0.000000 1.000000
13 15 262.0 -0.921480 0.388426 242.282684 -0.388426 -0.921480 327.029032 0.000000 0.000000 1.000000
13 15 172.0 -0.908381 0.418144 236.297387 -0.418144 -0.908381 327.254442 0.000000 0.000000 1.000000
13 78 153.0 -0.076926 -0.997037 227.930350 0.997037 -0.076926 156.202055 0.000000 0.000000 1.000000
14 16 181.0 0.512458 -0.858713 84.021159 0.858713 0.512458 -154.174681 0.000000 0.000000 1.000000
14 26 263.0 0.940691 -0.339265 153.625562 0.339265 0.940691 -226.185932 0.000000 0.000000 1.000000
14 26 263.0 0.951898 -0.306416 141.646820 0.306416 0.951898 -222.500228 0.000000 0.000000 1.000000
14 26 224.0 0.954275 -0.298930 138.533495 0.298930 0.954275 -221.632760 0.000000 0.000000 1.000000
14 26 173.0 0.936329 -0.351123 156.746759 0.351123 0.936329 -228.187593 0.000000 0.000000 1.000000
14 26 134.0 0.955624 -0.294591 137.087053 0.294591 0.955624 -219.964495 0.000000 0.000000 1.000000
14 26 86.0 0.969706 -0.244277 120.639518 0.244277 0.969706 -216.222281 0.000000 0.000000 1.000000
15 20 99.0 0.005780 0.999983 -97.356872 -0.999983 0.005780 604.483085 0.000000 0.000000 1.000000
15 22 153.0 0.934488 0.355995 71.808830 -0.355995 0.934488 183.063650 0.000000 0.000000 1.000000
15 22 139.0 0.956352 0.292219 77.787595 -0.292219 0.956352 168.310923 0.000000 0.000000 1.000000
15 22 132.0 0.935702 0.352791 72.279275 -0.352791 0.935702 182.716804 0.000000 0.000000 1.000000
15 22 132.0 0.932477 0.361230 71.259227 -0.361230 0.932477 184.493593 0.000000 0.000000 1.000000
16 18 113.0 -0.707107 0.707107 63.511147 -0.707107 -0.707107 666.473701 0.000000 0.000000 1.000000
16 18 113.0 -0.708375 0.705836 65.218457 -0.705836 -0.708375 665.883559 0.000000 0.000000 1.000000
16 27 278.0 0.601577 0.798815 -194.692620 -0.798815 0.601577 119.417168 0.000000 0.000000 1.000000
17 18 92.0 -0.729187 -0.684314 370.041953 0.684314 -0.729187 75.326600 0.000000 0.000000 1.000000
17 19 268.0 -0.694595 -0.719401 679.433539 0.719401 -0.694595 393.566741 0.000000 0.000000 1.000000
17 19 216.0 -0.677681 -0.735356 681.011884 0.735356 -0.677681 383.218687 0.000000 0.000000 1.000000
17 19 123.0 -0.667545 -0.744569 684.372251 0.744569 -0.667545 381.573511 0.000000 0.000000 1.000000
17 23 254.0 -0.947779 -0.318929 366.361914 0.318929 -0.947779 464.967997 0.000000 0.000000 1.000000
17 23 217.0 -0.943209 -0.332199 368.347362 0.332199 -0.943209 460.799635 0.000000 0.000000 1.000000
17 23 188.0 -0.939422 -0.342762 371.994100 0.342762 -0.939422 461.459553 0.000000 0.000000 1.000000
17 23 113.0 -0.958661 -0.284550 362.955625 0.284550 -0.958661 470.888016 0.000000 0.000000 1.000000
17 23 113.0 -0.963343 -0.268273 359.250242 0.268273 -0.963343 474.072794 0.000000 0.000000 1.000000
17 23 83.0 -0.960907 -0.276871 354.856832 0.276871 -0.960907 478.446475 0.000000 0.000000 1.000000
18 19 103.0 0.998460 0.055470 -13.941793 -0.055470 0.998460 -217.444166 0.000000 0.000000 1.000000
19 21 183.0 -0.470716 -0.882285 656.113435 0.882285 -0.470716 152.080893 0.000000 0.000000 1.000000
19 21 183.0 -0.466547 -0.884496 655.433981 0.884496 -0.466547 150.618664 0.000000 0.000000 1.000000
19 76 107.0 0.932798 -0.360399 135.997846 0.360399 0.932798 -327.662372 0.000000 0.000000 1.000000
20 25 236.0 0.894427 0.447214 -174.138134 -0.447214 0.894427 241.147451 0.000000 0.000000 1.000000
20 25 178.0 0.887755 0.460317 -172.590468 -0.460317 0.887755 248.312395 0.000000 0.000000 1.000000
20 25 82.0 0.913812 0.406138 -171.396141 -0.406138 0.913812 230.464579 0.000000 0.000000 1.000000
21 23 227.0 0.000000 1.000000 199.000000 -1.000000 0.000000 330.000000 0.000000 0.000000 1.000000
21 25 246.0 -0.084800 -0.996398 222.761750 0.996398 -0.084800 98.429361 0.000000 0.000000 1.000000
21 25 233.0 -0.076696 -0.997054 221.249858 0.997054 -0.076696 95.590858 0.000000 0.000000 1.000000
21 25 232.0 -0.135845 -0.990730 231.526211 0.990730 -0.135845 104.890862 0.000000 0.000000 1.000000
21 25 225.0 -0.089075 -0.996025 225.367957 0.996025 -0.089075 98.672098 0.000000 0.000000 1.000000
21 25 98.0 -0.043250 -0.999064 212.884452 0.999064 -0.043250 92.346113 0.000000 0.000000 1.000000
21 28 91.0 -0.525107 -0.851036 428.023145 0.851036 -0.525107 6.501775 0.000000 0.000000 1.000000
22 31 294.0 -0.924678 0.380750 413.169980 -0.380750 -0.924678 630.522338 0.000000 0.000000 1.000000
22 31 166.0 -0.942697 0.333651 432.641550 -0.333651 -0.942697 623.469348 0.000000 0.000000 1.000000
22 31 89.0 -0.917643 0.397405 410.210655 -0.397405 -0.917643 635.072772 0.000000 0.000000 1.000000
22 31 89.0 -0.909065 0.416655 404.243508 -0.416655 -0.909065 640.700149 0.000000 0.000000 1.000000
23 24 216.0 -0.124035 -0.992278 552.154893 0.992278 -0.124035 252.420615 0.000000 0.000000 1.000000
23 24 216.0 -0.136191 -0.990683 553.142518 0.990683 -0.136191 255.440429 0.000000 0.000000 1.000000
23 24 216.0 -0.135980 -0.990712 553.552224 0.990712 -0.135980 256.459279 0.000000 0.000000 1.000000
23 24 184.0 -0.095941 -0.995387 550.797839 0.995387 -0.095941 243.223746 0.000000 0.000000 1.000000
23 33 259.0 -0.458358 0.888768 263.112226 -0.888768 -0.458358 453.897080 0.000000 0.000000 1.000000
23 33 259.0 -0.476283 0.879292 268.317702 -0.879292 -0.476283 455.192460 0.000000 0.000000 1.000000
23 33 259.0 -0.459499 0.888178 264.475625 -0.888178 -0.459499 454.581993 0.000000 0.000000 1.000000
23 33 192.0 -0.454457 0.890768 260.087222 -0.890768 -0.454457 453.517587 0.000000 0.000000 1.000000
23 33 150.0 -0.507985 0.861366 278.915054 -0.861366 -0.507985 455.328220 0.000000 0.000000 1.000000
23 33 124.0 -0.496139 0.868243 271.285238 -0.868243 -0.496139 456.288107 0.000000 0.000000 1.000000
24 27 137.0 0.798815 0.601577 80.100046 -0.601577 0.798815 61.546449 0.000000 0.000000 1.000000
24 28 188.0 0.332820 0.942990 -152.595201 -0.942990 0.332820 229.062527 0.000000 0.000000 1.000000
24 28 166.0 0.335919 0.941891 -139.828614 -0.941891 0.335919 220.221676 0.000000 0.000000 1.000000
24 29 362.0 0.994922 0.100654 -97.754944 -0.100654 0.994922 -102.454898 0.000000 0.000000 1.000000
24 29 324.0 0.995266 0.097187 -94.578138 -0.097187 0.995266 -104.744794 0.000000 0.000000 1.000000
24 29 324.0 0.993884 0.110432 -99.176337 -0.110432 0.993884 -101.483844 0.000000 0.000000 1.000000
24 29 313.0 0.992760 0.120112 -102.495051 -0.120112 0.992760 -97.212585 0.000000 0.000000 1.000000
24 29 285.0 0.997252 0.074082 -88.766747 -0.074082 0.997252 -110.335169 0.000000 0.000000 1.000000
24 29 285.0 0.992278 0.124035 -101.885581 -0.124035 0.992278 -95.529897 0.000000 0.000000 1.000000
24 29 223.0 0.998100 0.061611 -87.416902 -0.061611 0.998100 -113.629256 0.000000 0.000000 1.000000
24 29 182.0 0.992278 0.124035 -103.146435 -0.124035 0.992278 -93.033037 0.000000 0.000000 1.000000
24 29 165.0 0.992396 0.123088 -101.133519 -0.123088 0.992396 -93.924106 0.000000 0.000000 1.000000
24 29 144.0 0.988973 0.148095 -106.349612 -0.148095 0.988973 -87.113497 0.000000 0.000000 1.000000
24 29 99.0 0.998688 0.051215 -82.368161 -0.051215 0.998688 -111.790497 0.000000 0.000000 1.000000
24 81 110.0 -0.536875 0.843661 76.527586 -0.843661 -0.536875 380.453777 0.000000 0.000000 1.000000
24 82 98.0 0.800000 0.600000 -154.600000 -0.600000 0.800000 59.200000 0.000000 0.000000 1.000000
24 84 106.0 -0.990164 0.139914 300.932131 -0.139914 -0.990164 314.000060 0.000000 0.000000 1.000000
26 27 148.0 0.989949 0.141421 -234.997756 -0.141421 0.989949 23.331003 0.000000 0.000000 1.000000
26 27 148.0 0.991454 0.130455 -234.495731 -0.130455 0.991454 19.192995 0.000000 0.000000 1.000000
26 27 134.0 0.993480 0.114006 -231.643139 -0.114006 0.993480 13.810373 0.000000 0.000000 1.000000
26 34 302.0 0.566529 -0.824042 247.911114 0.824042 0.566529 -228.964882 0.000000 0.000000 1.000000
26 34 236.0 0.577465 -0.816416 242.406742 0.816416 0.577465 -229.329970 0.000000 0.000000 1.000000
26 34 164.0 0.583929 -0.811804 239.550899 0.811804 0.583929 -231.552138 0.000000 0.000000 1.000000
27 40 124.0 -0.178885 0.983870 0.797116 -0.983870 -0.178885 630.250350 0.000000 0.000000 1.000000
28 33 200.0 0.876579 -0.481259 -76.489667 0.481259 0.876579 -215.275841 0.000000 0.000000 1.000000
28 33 200.0 0.853860 -0.520503 -60.006362 0.520503 0.853860 -223.473957 0.000000 0.000000 1.000000
28 33 200.0 0.870677 -0.491856 -71.803005 0.491856 0.870677 -216.481807 0.000000 0.000000 1.000000
28 33 93.0 0.891039 -0.453926 -84.270824 0.453926 0.891039 -207.628048 0.000000 0.000000 1.000000
28 36 302.0 -0.252693 -0.967547 364.246601 0.967547 -0.252693 206.276456 0.000000 0.000000 1.000000
28 36 290.0 -0.279404 -0.960174 366.094650 0.960174 -0.279404 210.900404 0.000000 0.000000 1.000000
28 36 277.0 -0.274624 -0.961552 365.142725 0.961552 -0.274624 210.911636 0.000000 0.000000 1.000000
28 36 262.0 -0.239223 -0.970965 363.189198 0.970965 -0.239223 203.726652 0.000000 0.000000 1.000000
28 36 102.0 -0.288201 -0.957570 365.083260 0.957570 -0.288201 215.114427 0.000000 0.000000 1.000000
29 30 176.0 -0.026307 -0.999654 619.337333 0.999654 -0.026307 -76.714101 0.000000 0.000000 1.000000
29 33 192.0 -0.857493 -0.514496 299.196625 0.514496 -0.857493 387.167012 0.000000 0.000000 1.000000
29 33 192.0 -0.873198 -0.487366 296.326407 0.487366 -0.873198 394.044680 0.000000 0.000000 1.000000
29 33 172.0 -0.886250 -0.463206 293.427151 0.463206 -0.886250 399.610196 0.000000 0.000000 1.000000
29 33 172.0 -0.890906 -0.454187 292.287072 0.454187 -0.890906 401.450784 0.000000 0.000000 1.000000
29 37 197.0 -0.302741 0.953073 1.607586 -0.953073 -0.302741 304.941005 0.000000 0.000000 1.000000
29 37 186.0 -0.302244 0.953231 0.743711 -0.953231 -0.302244 307.410385 0.000000 0.000000 1.000000
29 37 99.0 -0.274721 0.961524 -2.108719 -0.961524 -0.274721 305.575254 0.000000 0.000000 1.000000
29 37 99.0 0.326849 -0.945076 414.692285 0.945076 0.326849 120.957837 0.000000 0.000000 1.000000
29 37 98.0 -0.371391 0.928477 12.164523 -0.928477 -0.371391 316.327926 0.000000 0.000000 1.000000
29 79 89.0 -0.995893 -0.090536 376.621891 0.090536 -0.995893 276.572707 0.000000 0.000000 1.000000
29 81 100.0 -0.294086 0.955779 107.971563 -0.955779 -0.294086 624.473567 0.000000 0.000000 1.000000
29 81 85.0 0.474100 -0.880471 500.619850 0.880471 0.474100 -178.043416 0.000000 0.000000 1.000000
29 84 83.0 -0.992278 0.124035 290.212103 -0.124035 -0.992278 315.369430 0.000000 0.000000 1.000000
30 34 174.0 0.485643 0.874157 -169.809102 -0.874157 0.485643 133.015231 0.000000 0.000000 1.000000
30 34 172.0 0.521590 0.853196 -168.074748 -0.853196 0.521590 118.677793 0.000000 0.000000 1.000000
30 34 172.0 0.485643 0.874157 -171.433197 -0.874157 0.485643 133.311611 0.000000 0.000000 1.000000
30 34 159.0 0.469613 0.882872 -171.162779 -0.882872 0.469613 138.340909 0.000000 0.000000 1.000000
30 34 121.0 0.570215 0.821496 -161.966390 -0.821496 0.570215 102.003830 0.000000 0.000000 1.000000
30 73 85.0 -0.910366 0.413803 200.918666 -0.413803 -0.910366 607.750256 0.000000 0.000000 1.000000
31 41 176.0 0.963679 0.267063 -195.813190 -0.267063 0.963679 -26.828455 0.000000 0.000000 1.000000
31 41 132.0 0.948683 0.316228 -205.619617 -0.316228 0.948683 -7.138190 0.000000 0.000000 1.000000
31 41 97.0 0.941998 0.335617 -210.890550 -0.335617 0.941998 -2.535533 0.000000 0.000000 1.000000
32 40 207.0 0.888145 0.459563 -249.229748 -0.459563 0.888145 157.296896 0.000000 0.000000 1.000000
32 40 207.0 0.883788 0.467888 -249.693925 -0.467888 0.883788 162.267695 0.000000 0.000000 1.000000
32 40 127.0 0.907061 0.420999 -244.970697 -0.420999 0.907061 141.744832 0.000000 0.000000 1.000000
33 35 240.0 -0.877119 0.480273 280.431709 -0.480273 -0.877119 683.687159 0.000000 0.000000 1.000000
33 35 222.0 -0.870349 0.492435 273.864951 -0.492435 -0.870349 683.848473 0.000000 0.000000 1.000000
33 35 212.0 -0.857939 0.513751 264.173818 -0.513751 -0.857939 684.463246 0.000000 0.000000 1.000000
33 35 204.0 -0.857754 0.514060 264.284684 -0.514060 -0.857754 683.238690 0.000000 0.000000 1.000000
33 35 129.0 -0.894427 0.447214 294.249224 -0.447214 -0.894427 682.020100 0.000000 0.000000 1.000000
34 39 341.0 0.046723 -0.998908 272.707777 0.998908 0.046723 -115.558805 0.000000 0.000000 1.000000
34 39 299.0 0.081489 -0.996674 261.892971 0.996674 0.081489 -121.188292 0.000000 0.000000 1.000000
34 39 296.0 0.037012 -0.999315 275.056920 0.999315 0.037012 -113.638181 0.000000 0.000000 1.000000
34 39 290.0 0.049236 -0.998787 270.296500 0.998787 0.049236 -115.721901 0.000000 0.000000 1.000000
34 39 206.0 0.088540 -0.996073 261.596557 0.996073 0.088540 -120.343399 0.000000 0.000000 1.000000
34 39 107.0 0.110432 -0.993884 249.647120 0.993884 0.110432 -126.725257 0.000000 0.000000 1.000000
34 71 89.0 -0.447214 0.894427 -9.177929 -0.894427 -0.447214 692.795799 0.000000 0.000000 1.000000
35 36 268.0 -0.707107 0.707107 -8.391919 -0.707107 -0.707107 617.851334 0.000000 0.000000 1.000000
35 36 268.0 -0.707107 0.707107 -8.199531 -0.707107 -0.707107 617.653896 0.000000 0.000000 1.000000
35 36 241.0 -0.707107 0.707107 -8.634560 -0.707107 -0.707107 616.401587 0.000000 0.000000 1.000000
35 36 226.0 -0.691571 0.722308 -17.161251 -0.722308 -0.691571 615.341258 0.000000 0.000000 1.000000
35 36 134.0 -0.664364 0.747409 -32.630540 -0.747409 -0.664364 610.438395 0.000000 0.000000 1.000000
35 36 94.0 -0.728253 0.685309 -0.353935 -0.685309 -0.728253 623.093686 0.000000 0.000000 1.000000
35 37 362.0 -0.318577 0.947897 280.869749 -0.947897 -0.318577 375.408835 0.000000 0.000000 1.000000
35 37 362.0 -0.316228 0.948683 280.711458 -0.948683 -0.316228 375.186694 0.000000 0.000000 1.000000
35 37 345.0 -0.302741 0.953073 276.964499 -0.953073 -0.302741 375.233972 0.000000 0.000000 1.000000
35 37 340.0 -0.311551 0.950230 278.242388 -0.950230 -0.311551 376.297352 0.000000 0.000000 1.000000
35 37 84.0 -0.260909 0.965363 260.649777 -0.965363 -0.260909 375.047648 0.000000 0.000000 1.000000
35 44 200.0 -0.624096 -0.781348 459.781122 0.781348 -0.624096 19.391711 0.000000 0.000000 1.000000
35 44 113.0 -0.675725 -0.737154 465.594611 0.737154 -0.675725 37.185360 0.000000 0.000000 1.000000
36 40 195.0 -0.998284 0.058559 496.679102 -0.058559 -0.998284 228.009113 0.000000 0.000000 1.000000
36 40 195.0 -0.998324 0.057874 497.132184 -0.057874 -0.998324 228.638569 0.000000 0.000000 1.000000
36 40 195.0 -0.997607 0.069141 495.625677 -0.069141 -0.997607 231.003011 0.000000 0.000000 1.000000
36 40 165.0 -1.000000 0.000000 504.000000 -0.000000 -1.000000 215.000000 0.000000 0.000000 1.000000
36 40 135.0 -0.999635 0.027017 502.207214 -0.027017 -0.999635 219.230936 0.000000 0.000000 1.000000
36 40 90.0 -1.000000 0.000000 503.000000 -0.000000 -1.000000 218.000000 0.000000 0.000000 1.000000
36 45 115.0 -0.778075 -0.628171 684.283819 0.628171 -0.778075 330.184604 0.000000 0.000000 1.000000
37 38 137.0 0.868243 -0.496139 156.146480 0.496139 0.868243 110.791292 0.000000 0.000000 1.000000
37 38 121.0 0.798041 -0.602603 185.073701 0.602603 0.798041 104.346538 0.000000 0.000000 1.000000
37 47 122.0 0.999363 0.035692 168.310990 -0.035692 0.999363 -12.284321 0.000000 0.000000 1.000000
38 39 222.0 -0.959018 0.283346 473.501397 -0.283346 -0.959018 647.470549 0.000000 0.000000 1.000000
38 48 108.0 0.870466 0.492228 64.943005 -0.492228 0.870466 18.383420 0.000000 0.000000 1.000000
39 46 292.0 0.302244 0.953231 -170.573142 -0.953231 0.302244 497.955670 0.000000 0.000000 1.000000
39 46 292.0 0.282166 0.959366 -167.845607 -0.959366 0.282166 504.788482 0.000000 0.000000 1.000000
39 46 292.0 0.293711 0.955894 -169.994511 -0.955894 0.293711 500.122606 0.000000 0.000000 1.000000
39 46 292.0 0.297866 0.954608 -170.115424 -0.954608 0.297866 499.223607 0.000000 0.000000 1.000000
39 46 292.0 0.306654 0.951821 -171.749509 -0.951821 0.306654 497.652278 0.000000 0.000000 1.000000
39 46 271.0 0.277630 0.960688 -163.843040 -0.960688 0.277630 505.714581 0.000000 0.000000 1.000000
39 46 249.0 0.268273 0.963343 -162.412857 -0.963343 0.268273 508.268980 0.000000 0.000000 1.000000
39 46 171.0 0.342328 0.939581 -179.207117 -0.939581 0.342328 484.272596 0.000000 0.000000 1.000000
39 46 168.0 0.239968 0.970781 -157.993458 -0.970781 0.239968 516.844618 0.000000 0.000000 1.000000
39 68 90.0 -0.650791 -0.759257 397.158936 0.759257 -0.650791 355.686152 0.000000 0.000000 1.000000
40 43 240.0 0.897483 -0.441049 -46.085107 0.441049 0.897483 -144.871420 0.000000 0.000000 1.000000
41 42 257.0 -0.489796 -0.871837 408.496424 0.871837 -0.489796 -7.143741 0.000000 0.000000 1.000000
41 42 257.0 -0.498964 -0.866622 409.395486 0.866622 -0.498964 -3.747738 0.000000 0.000000 1.000000
41 42 221.0 -0.504883 -0.863188 409.969480 0.863188 -0.504883 -2.540013 0.000000 0.000000 1.000000
41 42 115.0 -0.447214 -0.894427 398.449827 0.894427 -0.447214 -21.948439 0.000000 0.000000 1.000000
42 52 87.0 -0.058722 -0.998274 378.323073 0.998274 -0.058722 177.726869 0.000000 0.000000 1.000000
43 45 256.0 0.447214 0.894427 -107.430788 -0.894427 0.447214 81.108514 0.000000 0.000000 1.000000
43 45 256.0 0.436904 0.899508 -107.474933 -0.899508 0.436904 83.994528 0.000000 0.000000 1.000000
43 45 199.0 0.384615 0.923077 -107.153846 -0.923077 0.384615 100.769231 0.000000 0.000000 1.000000
43 45 194.0 0.384615 0.923077 -108.230769 -0.923077 0.384615 102.153846 0.000000 0.000000 1.000000
43 45 127.0 0.477092 0.878853 -106.228733 -0.878853 0.477092 72.287260 0.000000 0.000000 1.000000
43 45 116.0 0.480833 0.876812 -108.148018 -0.876812 0.480833 68.562390 0.000000 0.000000 1.000000
44 47 144.0 -0.461353 -0.887217 307.935373 0.887217 -0.461353 56.422871 0.000000 0.000000 1.000000
45 70 120.0 0.904819 0.425797 -243.048313 -0.425797 0.904819 253.868861 0.000000 0.000000 1.000000
46 55 299.0 -0.959366 -0.282166 323.144050 0.282166 -0.959366 293.308800 0.000000 0.000000 1.000000
46 55 290.0 -0.949757 -0.312988 327.225700 0.312988 -0.949757 289.274163 0.000000 0.000000 1.000000
46 55 273.0 -0.952268 -0.305263 326.027972 0.305263 -0.952268 291.504785 0.000000 0.000000 1.000000
46 55 260.0 -0.960501 -0.278276 325.076855 0.278276 -0.960501 294.583462 0.000000 0.000000 1.000000
46 55 224.0 -0.961764 -0.273880 324.339987 0.273880 -0.961764 295.925465 0.000000 0.000000 1.000000
46 55 223.0 -0.961069 -0.276307 321.410913 0.276307 -0.961069 295.358923 0.000000 0.000000 1.000000
46 55 223.0 -0.948683 -0.316228 329.720680 0.316228 -0.948683 288.625023 0.000000 0.000000 1.000000
46 55 167.0 -0.965005 -0.262230 324.308395 0.262230 -0.965005 299.446316 0.000000 0.000000 1.000000
46 55 167.0 -0.967252 -0.253818 323.481397 0.253818 -0.967252 300.619319 0.000000 0.000000 1.000000
46 55 152.0 -0.939793 -0.341743 328.391596 0.341743 -0.939793 282.860369 0.000000 0.000000 1.000000
46 55 138.0 -0.941075 -0.338199 333.819657 0.338199 -0.941075 283.965889 0.000000 0.000000 1.000000
46 61 85.0 0.496139 -0.868243 142.038370 0.868243 0.496139 -121.402722 0.000000 0.000000 1.000000
47 51 151.0 -0.370770 0.928725 262.813563 -0.928725 -0.370770 493.469198 0.000000 0.000000 1.000000
47 51 133.0 -0.360399 0.932798 259.639242 -0.932798 -0.360399 495.773886 0.000000 0.000000 1.000000
47 51 113.0 -0.341743 0.939793 254.711013 -0.939793 -0.341743 494.982184 0.000000 0.000000 1.000000
47 51 90.0 -0.422885 0.906183 277.918977 -0.906183 -0.422885 495.027293 0.000000 0.000000 1.000000
48 54 199.0 -0.216930 0.976187 216.535935 -0.976187 -0.216930 456.017437 0.000000 0.000000 1.000000
50 51 266.0 -0.978200 -0.207663 701.506406 0.207663 -0.978200 396.911757 0.000000 0.000000 1.000000
51 54 302.0 0.966420 -0.256967 -114.104189 0.256967 0.966420 -113.911838 0.000000 0.000000 1.000000
51 54 206.0 0.962651 -0.270746 -111.005493 0.270746 0.962651 -117.407540 0.000000 0.000000 1.000000
52 58 333.0 -0.861366 -0.507985 675.156112 0.507985 -0.861366 332.519194 0.000000 0.000000 1.000000
52 58 306.0 -0.861145 -0.508360 675.214799 0.508360 -0.861145 334.420752 0.000000 0.000000 1.000000
52 58 200.0 -0.883845 -0.467780 667.131049 0.467780 -0.883845 350.550889 0.000000 0.000000 1.000000
52 58 176.0 -0.886445 -0.462834 671.218715 0.462834 -0.886445 352.535764 0.000000 0.000000 1.000000
52 58 174.0 -0.854199 -0.519947 679.207685 0.519947 -0.854199 328.226304 0.000000 0.000000 1.000000
52 58 156.0 -0.850566 -0.525869 680.523737 0.525869 -0.850566 327.748431 0.000000 0.000000 1.000000
52 58 152.0 -0.843661 -0.536875 679.980965 0.536875 -0.843661 321.606717 0.000000 0.000000 1.000000
53 54 93.0 0.887018 -0.461735 23.205172 0.461735 0.887018 57.042406 0.000000 0.000000 1.000000
53 56 150.0 -0.978085 0.208206 471.001778 -0.208206 -0.978085 329.997639 0.000000 0.000000 1.000000
53 56 150.0 -0.970143 0.242536 466.286191 -0.242536 -0.970143 335.252884 0.000000 0.000000 1.000000
53 56 85.0 -0.967901 0.251333 465.864253 -0.251333 -0.967901 336.894058 0.000000 0.000000 1.000000
53 56 83.0 -0.371391 -0.928477 373.300378 0.928477 -0.371391 249.736965 0.000000 0.000000 1.000000
54 55 122.0 0.454187 -0.890906 91.126129 0.890906 0.454187 -103.679785 0.000000 0.000000 1.000000
54 60 171.0 0.803098 0.595847 -87.494664 -0.595847 0.803098 343.240701 0.000000 0.000000 1.000000
54 60 171.0 0.804574 0.593852 -87.574828 -0.593852 0.804574 342.330791 0.000000 0.000000 1.000000
54 60 122.0 0.783839 0.620964 -85.048907 -0.620964 0.783839 348.632553 0.000000 0.000000 1.000000
55 61 307.0 -0.148051 0.988980 182.972618 -0.988980 -0.148051 552.030089 0.000000 0.000000 1.000000
55 61 307.0 -0.132889 0.991131 178.046552 -0.991131 -0.132889 551.083567 0.000000 0.000000 1.000000
55 61 307.0 -0.159689 0.987167 185.610218 -0.987167 -0.159689 553.353411 0.000000 0.000000 1.000000
55 61 275.0 -0.174854 0.984594 189.893599 -0.984594 -0.174854 555.242835 0.000000 0.000000 1.000000
55 84 138.0 -0.949395 -0.314085 318.852419 0.314085 -0.949395 234.999580 0.000000 0.000000 1.000000
56 57 90.0 -0.831835 -0.555023 291.977153 0.555023 -0.831835 199.875298 0.000000 0.000000 1.000000
56 58 247.0 -0.407940 0.913009 325.388514 -0.913009 -0.407940 598.411225 0.000000 0.000000 1.000000
56 58 153.0 -0.360994 0.932568 310.321609 -0.932568 -0.360994 598.542123 0.000000 0.000000 1.000000
56 58 153.0 -0.358979 0.933346 309.153782 -0.933346 -0.358979 598.860182 0.000000 0.000000 1.000000
56 58 146.0 -0.423170 0.906050 333.476314 -0.906050 -0.423170 597.081580 0.000000 0.000000 1.000000
56 66 182.0 -0.212014 -0.977267 414.318212 0.977267 -0.212014 232.694846 0.000000 0.000000 1.000000
56 66 182.0 -0.182089 -0.983282 411.356552 0.983282 -0.182089 223.901599 0.000000 0.000000 1.000000
56 66 182.0 -0.196116 -0.980581 413.393584 0.980581 -0.196116 228.341856 0.000000 0.000000 1.000000
58 67 314.0 -0.728923 -0.684596 391.000612 0.684596 -0.728923 105.281642 0.000000 0.000000 1.000000
58 67 314.0 -0.728584 -0.684956 390.802783 0.684956 -0.728584 104.904199 0.000000 0.000000 1.000000
58 67 314.0 -0.726770 -0.686881 390.287422 0.686881 -0.726770 104.341648 0.000000 0.000000 1.000000
58 67 269.0 -0.728200 -0.685365 391.144867 0.685365 -0.728200 106.235831 0.000000 0.000000 1.000000
58 67 269.0 -0.727589 -0.686013 390.959576 0.686013 -0.727589 105.693963 0.000000 0.000000 1.000000
58 67 269.0 -0.730657 -0.682745 389.719839 0.682745 -0.730657 107.231516 0.000000 0.000000 1.000000
58 67 253.0 -0.732879 -0.680360 390.176541 0.680360 -0.732879 106.641798 0.000000 0.000000 1.000000
58 67 137.0 -0.737154 -0.675725 389.833661 0.675725 -0.737154 105.681077 0.000000 0.000000 1.000000
60 61 321.0 0.999201 0.039968 -169.091219 -0.039968 0.999201 -134.832641 0.000000 0.000000 1.000000
60 61 308.0 0.998989 0.044958 -171.656319 -0.044958 0.998989 -133.512699 0.000000 0.000000 1.000000
60 61 292.0 0.998344 0.057532 -174.778402 -0.057532 0.998344 -128.353606 0.000000 0.000000 1.000000
60 61 233.0 0.997352 0.072724 -180.899466 -0.072724 0.997352 -125.095855 0.000000 0.000000 1.000000
60 61 233.0 0.999904 0.013888 -161.590656 -0.013888 0.999904 -142.086365 0.000000 0.000000 1.000000
60 61 197.0 0.999959 0.009009 -163.689324 -0.009009 0.999959 -145.039748 0.000000 0.000000 1.000000
60 61 156.0 0.999940 0.010988 -163.893468 -0.010988 0.999940 -141.629808 0.000000 0.000000 1.000000
60 65 197.0 -0.239968 -0.970781 371.705032 0.970781 -0.239968 176.542308 0.000000 0.000000 1.000000
60 65 155.0 -0.300598 -0.953751 379.363687 0.953751 -0.300598 188.405453 0.000000 0.000000 1.000000
61 68 187.0 -0.745241 -0.666795 398.779950 0.666795 -0.745241 350.142186 0.000000 0.000000 1.000000
61 68 151.0 -0.767451 -0.641108 394.932351 0.641108 -0.767451 358.059822 0.000000 0.000000 1.000000
65 68 179.0 0.834586 -0.550878 61.720211 0.550878 0.834586 116.549044 0.000000 0.000000 1.000000
65 73 150.0 0.126254 -0.991998 567.690002 0.991998 0.126254 49.389125 0.000000 0.000000 1.000000
66 67 266.0 0.174323 0.984689 1.664193 -0.984689 0.174323 158.100168 0.000000 0.000000 1.000000
66 67 266.0 0.177466 0.984127 1.039286 -0.984127 0.177466 157.946399 0.000000 0.000000 1.000000
66 67 227.0 0.196116 0.980581 0.641314 -0.980581 0.196116 153.058163 0.000000 0.000000 1.000000
66 67 186.0 0.219512 0.975610 -0.902439 -0.975610 0.219512 147.121951 0.000000 0.000000 1.000000
66 67 154.0 0.141421 0.989949 3.556782 -0.989949 0.141421 168.553824 0.000000 0.000000 1.000000
66 74 228.0 -0.703387 -0.710807 696.309101 0.710807 -0.703387 250.837246 0.000000 0.000000 1.000000
67 70 151.0 -0.961524 0.274721 346.986015 -0.274721 -0.961524 648.934497 0.000000 0.000000 1.000000
68 76 277.0 -0.994545 0.104308 571.010916 -0.104308 -0.994545 439.443497 0.000000 0.000000 1.000000
68 76 277.0 -0.992734 0.120331 566.555269 -0.120331 -0.992734 444.473585 0.000000 0.000000 1.000000
68 76 277.0 -0.994327 0.106370 568.972171 -0.106370 -0.994327 440.880074 0.000000 0.000000 1.000000
68 76 277.0 -0.990733 0.135826 564.118297 -0.135826 -0.990733 447.567245 0.000000 0.000000 1.000000
68 76 152.0 -0.997054 0.076696 572.064573 -0.076696 -0.997054 433.568256 0.000000 0.000000 1.000000
70 77 326.0 -0.924481 0.381229 294.459870 -0.381229 -0.924481 332.660393 0.000000 0.000000 1.000000
70 77 304.0 -0.924340 0.381571 294.043115 -0.381571 -0.924340 332.831737 0.000000 0.000000 1.000000
70 77 280.0 -0.930655 0.365898 296.182956 -0.365898 -0.930655 331.729161 0.000000 0.000000 1.000000
70 77 180.0 -0.914461 0.404675 288.034376 -0.404675 -0.914461 332.730660 0.000000 0.000000 1.000000
71 72 98.0 -0.487975 -0.872857 390.716163 0.872857 -0.487975 -78.095692 0.000000 0.000000 1.000000
71 73 203.0 0.894427 -0.447214 215.974383 0.447214 0.894427 86.237785 0.000000 0.000000 1.000000
71 80 116.0 0.952671 -0.304003 194.945914 0.304003 0.952671 -154.609167 0.000000 0.000000 1.000000
72 82 98.0 -0.381117 -0.924527 372.726999 0.924527 -0.381117 29.560037 0.000000 0.000000 1.000000
73 76 243.0 -0.666795 -0.745241 708.947037 0.745241 -0.666795 321.117864 0.000000 0.000000 1.000000
73 76 243.0 -0.675725 -0.737154 708.515393 0.737154 -0.675725 325.272150 0.000000 0.000000 1.000000
73 76 217.0 -0.707107 -0.707107 706.571681 0.707107 -0.707107 342.953319 0.000000 0.000000 1.000000
73 76 202.0 -0.709118 -0.705089 703.814755 0.705089 -0.709118 344.242033 0.000000 0.000000 1.000000
73 76 186.0 -0.711521 -0.702664 705.835375 0.702664 -0.711521 346.756313 0.000000 0.000000 1.000000
73 76 186.0 -0.709136 -0.705072 705.885236 0.705072 -0.709136 345.799014 0.000000 0.000000 1.000000
73 76 167.0 -0.648466 -0.761243 711.383957 0.761243 -0.648466 311.174659 0.000000 0.000000 1.000000
74 75 101.0 -0.642952 0.765907 378.975591 -0.765907 -0.642952 387.400520 0.000000 0.000000 1.000000
74 81 128.0 0.554700 -0.832050 208.382089 0.832050 0.554700 -217.618232 0.000000 0.000000 1.000000
74 81 90.0 0.519947 -0.854199 220.451025 0.854199 0.519947 -219.840171 0.000000 0.000000 1.000000
76 78 291.0 0.908321 -0.418273 -43.163923 0.418273 0.908321 -43.395017 0.000000 0.000000 1.000000
76 78 234.0 0.916363 -0.400349 -48.430674 0.400349 0.916363 -40.531433 0.000000 0.000000 1.000000
76 78 181.0 0.916539 -0.399944 -48.266423 0.399944 0.916539 -41.292392 0.000000 0.000000 1.000000
76 78 152.0 0.915549 -0.402206 -49.076896 0.402206 0.915549 -38.570277 0.000000 0.000000 1.000000
76 78 89.0 -0.880824 0.473443 341.813522 -0.473443 -0.880824 753.900089 0.000000 0.000000 1.000000
77 81 270.0 -0.580352 0.814365 -33.643018 -0.814365 -0.580352 658.579364 0.000000 0.000000 1.000000
77 81 270.0 -0.600000 0.800000 -24.800000 -0.800000 -0.600000 660.600000 0.000000 0.000000 1.000000
77 81 154.0 -0.551622 0.834094 -48.488810 -0.834094 -0.551622 654.045308 0.000000 0.000000 1.000000
77 87 355.0 -0.156082 -0.987744 557.688658 0.987744 -0.156082 166.392616 0.000000 0.000000 1.000000
77 87 286.0 -0.160125 -0.987097 559.110413 0.987097 -0.160125 167.345587 0.000000 0.000000 1.000000
77 87 270.0 -0.154968 -0.987920 558.823858 0.987920 -0.154968 166.824078 0.000000 0.000000 1.000000
77 87 260.0 -0.178419 -0.983955 561.099655 0.983955 -0.178419 172.845777 0.000000 0.000000 1.000000
77 87 230.0 -0.189675 -0.981847 560.974054 0.981847 -0.189675 173.887330 0.000000 0.000000 1.000000
77 87 172.0 -0.180302 -0.983611 558.783846 0.983611 -0.180302 175.835374 0.000000 0.000000 1.000000
77 87 121.0 -0.113359 -0.993554 554.216388 0.993554 -0.113359 155.659255 0.000000 0.000000 1.000000
77 87 95.0 -0.175213 -0.984531 557.994698 0.984531 -0.175213 175.094894 0.000000 0.000000 1.000000
77 87 95.0 -0.183480 -0.983023 559.552577 0.983023 -0.183480 178.272580 0.000000 0.000000 1.000000
78 79 288.0 -0.477612 0.878571 261.105010 -0.878571 -0.477612 701.398289 0.000000 0.000000 1.000000
78 79 173.0 -0.505719 0.862698 275.260949 -0.862698 -0.505719 702.554972 0.000000 0.000000 1.000000
78 79 140.0 -0.428086 0.903738 241.914504 -0.903738 -0.428086 701.053440 0.000000 0.000000 1.000000
78 89 186.0 -0.999610 -0.027908 298.989495 0.027908 -0.999610 520.124730 0.000000 0.000000 1.000000
78 89 186.0 -0.999233 -0.039170 302.113220 0.039170 -0.999233 518.238769 0.000000 0.000000 1.000000
78 89 164.0 -0.998498 -0.054796 306.794164 0.054796 -0.998498 515.250392 0.000000 0.000000 1.000000
79 80 109.0 0.634183 0.773183 -284.801018 -0.773183 0.634183 280.994637 0.000000 0.000000 1.000000
79 80 96.0 0.640184 0.768221 -282.980298 -0.768221 0.640184 275.897671 0.000000 0.000000 1.000000
79 80 96.0 0.625450 0.780264 -283.288647 -0.780264 0.625450 286.118311 0.000000 0.000000 1.000000
79 90 217.0 -0.870378 0.492385 274.340831 -0.492385 -0.870378 344.878633 0.000000 0.000000 1.000000
80 86 139.0 -0.936952 0.349458 426.536351 -0.349458 -0.936952 351.804937 0.000000 0.000000 1.000000
80 86 101.0 -0.945667 0.325136 431.153006 -0.325136 -0.945667 345.602049 0.000000 0.000000 1.000000
81 83 85.0 0.782424 -0.622746 174.598040 0.622746 0.782424 -278.346859 0.000000 0.000000 1.000000
81 88 307.0 0.891827 0.452376 -243.174817 -0.452376 0.891827 142.491544 0.000000 0.000000 1.000000
81 88 255.0 0.884414 0.466703 -242.800067 -0.466703 0.884414 148.392782 0.000000 0.000000 1.000000
81 88 166.0 0.912195 0.409756 -240.209756 -0.409756 0.912195 124.687805 0.000000 0.000000 1.000000
81 88 159.0 0.903698 0.428171 -239.162591 -0.428171 0.903698 133.819880 0.000000 0.000000 1.000000
81 88 115.0 0.903738 0.428086 -240.049505 -0.428086 0.903738 129.659606 0.000000 0.000000 1.000000
82 83 148.0 0.747409 0.664364 105.564481 -0.664364 0.747409 244.883852 0.000000 0.000000 1.000000
82 83 126.0 0.780869 0.624695 108.009248 -0.624695 0.780869 231.673251 0.000000 0.000000 1.000000
82 84 286.0 0.735641 -0.677372 185.000904 0.677372 0.735641 75.956079 0.000000 0.000000 1.000000
82 84 254.0 0.723481 -0.690344 186.379374 0.690344 0.723481 75.238997 0.000000 0.000000 1.000000
82 84 224.0 0.725953 -0.687745 185.565544 0.687745 0.725953 74.488192 0.000000 0.000000 1.000000
82 84 211.0 0.759257 -0.650791 176.037098 0.650791 0.759257 76.640909 0.000000 0.000000 1.000000
82 84 129.0 0.752215 -0.658917 176.097920 0.658917 0.752215 75.539190 0.000000 0.000000 1.000000
84 85 343.0 -0.234641 0.972082 227.600139 -0.972082 -0.234641 360.146838 0.000000 0.000000 1.000000
84 85 343.0 -0.244533 0.969641 230.460866 -0.969641 -0.244533 360.213358 0.000000 0.000000 1.000000
84 85 343.0 -0.256400 0.966571 232.675539 -0.966571 -0.256400 361.833902 0.000000 0.000000 1.000000
84 85 329.0 -0.236120 0.971724 228.123620 -0.971724 -0.236120 359.517284 0.000000 0.000000 1.000000
84 85 329.0 -0.232275 0.972650 227.570582 -0.972650 -0.232275 359.671751 0.000000 0.000000 1.000000
84 85 292.0 -0.219038 0.975716 223.725358 -0.975716 -0.219038 359.050482 0.000000 0.000000 1.000000
84 85 133.0 -0.178885 0.983870 217.536787 -0.983870 -0.178885 352.477823 0.000000 0.000000 1.000000
84 85 130.0 -0.190477 0.981692 216.400770 -0.981692 -0.190477 357.946739 0.000000 0.000000 1.000000
84 85 116.0 -0.172927 0.984935 219.019263 -0.984935 -0.172927 349.289593 0.000000 0.000000 1.000000
84 86 303.0 0.568636 0.822589 -245.917756 -0.822589 0.568636 389.322419 0.000000 0.000000 1.000000
84 86 286.0 0.559630 0.828742 -245.409260 -0.828742 0.559630 394.371170 0.000000 0.000000 1.000000
84 86 192.0 0.601577 0.798815 -249.647092 -0.798815 0.601577 371.651730 0.000000 0.000000 1.000000
84 86 173.0 0.533221 0.845976 -240.923733 -0.845976 0.533221 404.520775 0.000000 0.000000 1.000000
84 86 124.0 0.613941 0.789352 -249.018470 -0.789352 0.613941 364.511848 0.000000 0.000000 1.000000
85 88 275.0 0.677476 0.735545 -31.929943 -0.735545 0.677476 421.598593 0.000000 0.000000 1.000000
85 88 275.0 0.656781 0.754082 -28.718142 -0.754082 0.656781 428.929472 0.000000 0.000000 1.000000
85 88 275.0 0.685365 0.728200 -32.071421 -0.728200 0.685365 419.290934 0.000000 0.000000 1.000000
85 88 275.0 0.659590 0.751626 -29.141598 -0.751626 0.659590 427.167350 0.000000 0.000000 1.000000
85 88 220.0 0.647648 0.761939 -26.194522 -0.761939 0.647648 432.510817 0.000000 0.000000 1.000000
85 88 220.0 0.645352 0.763886 -25.953205 -0.763886 0.645352 433.254716 0.000000 0.000000 1.000000
85 88 168.0 0.707107 0.707107 -35.113005 -0.707107 0.707107 412.499260 0.000000 0.000000 1.000000
85 88 168.0 0.707107 0.707107 -34.495995 -0.707107 0.707107 412.988853 0.000000 0.000000 1.000000
85 88 168.0 0.695638 0.718393 -33.230304 -0.718393 0.695638 417.533345 0.000000 0.000000 1.000000
85 88 147.0 0.701140 0.713024 -36.015386 -0.713024 0.701140 410.648423 0.000000 0.000000 1.000000
85 88 98.0 0.700001 0.714142 -136.621536 -0.714142 0.700001 23.099895 0.000000 0.000000 1.000000
85 88 81.0 0.707107 0.707107 -17.627723 -0.707107 0.707107 405.963726 0.000000 0.000000 1.000000
86 90 271.0 0.533993 -0.845489 62.519109 0.845489 0.533993 -149.736948 0.000000 0.000000 1.000000
86 90 239.0 0.547249 -0.836970 58.004049 0.836970 0.547249 -150.505487 0.000000 0.000000 1.000000
86 90 221.0 0.557964 -0.829865 52.296677 0.829865 0.557964 -149.649766 0.000000 0.000000 1.000000
86 90 165.0 0.519947 -0.854199 66.969544 0.854199 0.519947 -152.329764 0.000000 0.000000 1.000000
86 90 155.0 0.577465 -0.816416 41.842163 0.816416 0.577465 -147.189124 0.000000 0.000000 1.000000
86 90 118.0 0.573756 -0.819026 44.592229 0.819026 0.573756 -150.684302 0.000000 0.000000 1.000000
87 88 303.0 -0.270563 -0.962702 647.045256 0.962702 -0.270563 214.801889 0.000000 0.000000 1.000000
87 88 303.0 -0.303204 -0.952926 649.741904 0.952926 -0.303204 226.924650 0.000000 0.000000 1.000000
87 88 290.0 -0.263117 -0.964764 646.018930 0.964764 -0.263117 212.406600 0.000000 0.000000 1.000000
87 88 221.0 -0.258509 -0.966009 646.585534 0.966009 -0.258509 211.325335 0.000000 0.000000 1.000000
87 88 86.0 -0.293002 -0.956112 637.192455 0.956112 -0.293002 235.826713 0.000000 0.000000 1.000000
89 90 234.0 0.082844 0.996563 -141.256176 -0.996563 0.082844 213.076782 0.000000 0.000000 1.000000
89 90 234.0 0.099504 0.995037 -143.441183 -0.995037 0.099504 208.894290 0.000000 0.000000 1.000000
89 90 216.0 0.090536 0.995893 -143.453047 -0.995893 0.090536 210.986558 0.000000 0.000000 1.000000
89 90 111.0 0.000000 1.000000 -132.000000 -1.000000 0.000000 236.000000 0.000000 0.000000 1.000000
