1 
1 0 651.977816  0 1 652.107113  0 0 1
2 
0.866025 0.500000 728.710425  -0.500000 0.866025 713.379561  0 0 1
3 
-0.325568 0.945519 1027.314402  -0.945519 -0.325568 928.753766  0 0 1
4 
0.933580 -0.358368 861.562689  0.358368 0.933580 745.102004  0 0 1
5 
0.587785 0.809017 832.794805  -0.809017 0.587785 1053.037698  0 0 1
6 
-0.258819 -0.965926 915.830022  0.965926 -0.258819 861.953305  0 0 1
7 
-0.573576 0.819152 710.839728  -0.819152 -0.573576 1434.195433  0 0 1
8 
-0.798636 -0.601815 1131.619249  0.601815 -0.798636 1285.110639  0 0 1
9 
-0.990268 -0.139173 1224.233981  0.139173 -0.990268 1355.791589  0 0 1
