1 
1 0 651.939857  0 1 652.057721  0 0 1
2 
-0.990268 -0.139173 1063.740707  0.139173 -0.990268 898.804475  0 0 1
3 
0.981627 0.190809 934.243915  -0.190809 0.981627 667.212998  0 0 1
4 
0.390731 -0.920505 1143.228130  0.920505 0.390731 789.412315  0 0 1
5 
0.945519 -0.325568 849.476173  0.325568 0.945519 792.975341  0 0 1
6 
-0.438371 0.898794 678.240679  -0.898794 -0.438371 1185.419482  0 0 1
7 
-0.544639 0.838671 880.243622  -0.838671 -0.544639 1458.753134  0 0 1
8 
-0.906308 -0.422618 958.545595  0.422618 -0.906308 1304.177902  0 0 1
9 
0.500000 -0.866025 1142.877292  0.866025 0.500000 1013.849411  0 0 1
