1 
1 0 3479.673695  0 1 3480.031489  0 0 1
2 
0.984808 -0.173648 3668.032121  0.173648 0.984808 3445.489657  0 0 1
3 
-0.933580 0.358368 4034.558167  -0.358368 -0.933580 3768.112194  0 0 1
4 
-0.906308 0.422618 4202.090947  -0.422618 -0.906308 3788.770852  0 0 1
5 
0.104528 -0.994522 4387.170992  0.994522 0.104528 3460.066406  0 0 1
6 
-0.406737 -0.913545 4640.234333  0.913545 -0.406737 3516.394157  0 0 1
7 
-0.656059 -0.754710 4849.013912  0.754710 -0.656059 3579.188336  0 0 1
8 
0.707107 0.707107 4599.776834  -0.707107 0.707107 3599.323051  0 0 1
9 
-0.857167 -0.515038 5211.395569  0.515038 -0.857167 3693.909432  0 0 1
10 
-0.629320 -0.777146 5399.404820  0.777146 -0.629320 3597.368345  0 0 1
11 
0.034899 -0.999391 5450.090173  0.999391 0.034899 3472.707443  0 0 1
12 
0.777146 -0.629320 5494.691478  0.629320 0.777146 3388.581071  0 0 1
13 
-0.984808 0.173648 5775.839443  -0.173648 -0.984808 3829.098199  0 0 1
14 
-0.997564 -0.069756 6008.271062  0.069756 -0.997564 3780.136078  0 0 1
15 
0.707107 0.707107 5804.481781  -0.707107 0.707107 3614.640879  0 0 1
16 
-0.866025 -0.500000 6451.108457  0.500000 -0.866025 3699.070261  0 0 1
17 
-0.788011 0.615661 6404.113556  -0.615661 -0.788011 3883.969736  0 0 1
18 
-0.258819 0.965926 6469.957390  -0.965926 -0.258819 3807.581439  0 0 1
19 
-0.190809 -0.981627 6888.760921  0.981627 -0.190809 3491.948452  0 0 1
20 
-0.438371 0.898794 6857.019743  -0.898794 -0.438371 3862.714311  0 0 1
21 
0.500000 0.866025 3397.919775  -0.866025 0.500000 3808.943583  0 0 1
22 
0.390731 -0.920505 3839.445083  0.920505 0.390731 3592.107569  0 0 1
23 
-0.559193 0.829038 3926.265690  -0.829038 -0.559193 3933.562645  0 0 1
24 
-0.017452 0.999848 4203.649966  -0.999848 -0.017452 3856.194044  0 0 1
25 
-0.587785 -0.809017 4329.067802  0.809017 -0.587785 3736.531734  0 0 1
26 
-0.406737 0.913545 4378.648462  -0.913545 -0.406737 3885.106377  0 0 1
27 
-0.731354 -0.681998 4799.325949  0.681998 -0.731354 3747.045756  0 0 1
28 
0.987688 -0.156434 4708.197030  0.156434 0.987688 3670.982118  0 0 1
29 
-0.087156 0.996195 5959.473219  -0.996195 -0.087156 3817.386052  0 0 1
30 
-0.798636 -0.601815 6701.791652  0.601815 -0.798636 3773.792294  0 0 1
31 
-0.573576 -0.819152 5119.490848  0.819152 -0.573576 3752.358548  0 0 1
32 
-0.453990 -0.891007 6874.990304  0.891007 -0.453990 3745.880366  0 0 1
33 
0.642788 0.766044 6764.428785  -0.766044 0.642788 3773.412266  0 0 1
34 
-0.258819 0.965926 5764.680473  -0.965926 -0.258819 3870.405574  0 0 1
35 
-0.788011 -0.615661 6518.567406  0.615661 -0.788011 3783.101009  0 0 1
36 
0.275637 0.961262 4958.507961  -0.961262 0.275637 4113.774369  0 0 1
37 
-0.809017 0.587785 5021.473870  -0.587785 -0.809017 4234.048136  0 0 1
38 
-0.857167 0.515038 5399.401923  -0.515038 -0.857167 4300.980315  0 0 1
39 
0.309017 -0.951057 4905.009197  0.951057 0.309017 3708.841074  0 0 1
40 
-0.913545 0.406737 6140.875553  -0.406737 -0.913545 4274.281704  0 0 1
41 
0.866025 0.500000 5941.972889  -0.500000 0.866025 3877.340000  0 0 1
42 
0.766044 -0.642788 5851.426549  0.642788 0.766044 3652.663631  0 0 1
43 
0 -1 5788.363525  1 0 3761.278564  0 0 1
44 
0.743145 0.669131 5220.508908  -0.669131 0.743145 3944.168410  0 0 1
45 
-0.642788 0.766044 6378.341643  -0.766044 -0.642788 4316.245231  0 0 1
46 
-0.224951 -0.974370 6943.720109  0.974370 -0.224951 3806.526202  0 0 1
47 
-0.961262 -0.275637 6805.266940  0.275637 -0.961262 4234.243992  0 0 1
48 
0.965926 -0.258819 6826.172530  0.258819 0.965926 3717.112460  0 0 1
49 
0.951057 -0.309017 4535.874717  0.309017 0.951057 3700.922211  0 0 1
50 
0.017452 -0.999848 4550.799333  0.999848 0.017452 3773.080578  0 0 1
51 
-0.241922 -0.970296 4326.952743  0.970296 -0.241922 3820.784469  0 0 1
52 
0.207912 0.978148 3819.994315  -0.978148 0.207912 4023.988569  0 0 1
53 
0.453990 0.891007 4132.151421  -0.891007 0.453990 3996.948023  0 0 1
54 
0.857167 -0.515038 3725.560898  0.515038 0.857167 3713.565164  0 0 1
55 
0.656059 -0.754710 3612.915217  0.754710 0.656059 3720.547136  0 0 1
56 
-0.994522 -0.104528 3915.267295  0.104528 -0.994522 4209.836065  0 0 1
57 
0.882948 0.469472 3757.401535  -0.469472 0.882948 4051.645971  0 0 1
58 
-0.484810 -0.874620 3824.412669  0.874620 -0.484810 4054.367006  0 0 1
59 
0.754710 0.656059 3933.622483  -0.656059 0.754710 4093.776088  0 0 1
60 
0.309017 -0.951057 4350.865009  0.951057 0.309017 3981.381325  0 0 1
61 
-0.898794 0.438371 4685.311151  -0.438371 -0.898794 4337.427912  0 0 1
62 
-0.453990 0.891007 4407.450817  -0.891007 -0.453990 4316.655322  0 0 1
63 
0.406737 0.913545 4626.819758  -0.913545 0.406737 4225.984941  0 0 1
64 
0.484810 0.874620 4796.355541  -0.874620 0.484810 4221.615587  0 0 1
65 
-0.342020 -0.939693 5249.306067  0.939693 -0.342020 4152.693597  0 0 1
66 
-0.994522 0.104528 5780.092480  -0.104528 -0.994522 4295.951602  0 0 1
67 
0.453990 -0.891007 5913.943580  0.891007 0.453990 4040.349565  0 0 1
68 
-0.017452 -0.999848 5650.956734  0.999848 -0.017452 4128.275579  0 0 1
69 
-0.573576 0.819152 5282.328217  -0.819152 -0.573576 4385.904047  0 0 1
70 
-0.358368 -0.933580 6208.195842  0.933580 -0.358368 4198.918950  0 0 1
71 
0.358368 0.933580 3644.691611  -0.933580 0.358368 4351.867033  0 0 1
72 
-0.798636 -0.601815 3835.234028  0.601815 -0.798636 4296.028326  0 0 1
73 
0.325568 0.945519 3773.138923  -0.945519 0.325568 4374.742375  0 0 1
74 
0.121869 0.992546 4019.233782  -0.992546 0.121869 4382.998845  0 0 1
75 
0.891007 0.453990 4169.447240  -0.453990 0.891007 4233.385400  0 0 1
76 
-0.994522 -0.104528 4556.956585  0.104528 -0.994522 4375.560687  0 0 1
77 
0.777146 0.629320 6074.843938  -0.629320 0.777146 4241.365346  0 0 1
78 
-0.848048 -0.529919 6512.702287  0.529919 -0.848048 4286.288578  0 0 1
79 
0.987688 -0.156434 5187.285739  0.156434 0.987688 4175.451627  0 0 1
80 
0.406737 0.913545 4652.300726  -0.913545 0.406737 4323.699065  0 0 1
81 
0.656059 0.754710 4800.046170  -0.754710 0.656059 4291.913132  0 0 1
82 
-0.978148 -0.207912 6696.744655  0.207912 -0.978148 4311.702258  0 0 1
83 
0.848048 -0.529919 5116.700993  0.529919 0.848048 4159.285412  0 0 1
84 
0.484810 -0.874620 4670.789192  0.874620 0.484810 4131.333100  0 0 1
85 
-0.573576 0.819152 5502.285645  -0.819152 -0.573576 4409.507674  0 0 1
86 
-0.087156 0.996195 6645.011026  -0.996195 -0.087156 4349.915997  0 0 1
87 
0.529919 0.848048 5552.350500  -0.848048 0.529919 4313.569110  0 0 1
88 
0.052336 -0.998630 7015.189666  0.998630 0.052336 4223.827613  0 0 1
89 
-0.559193 -0.829038 6007.092316  0.829038 -0.559193 4306.480140  0 0 1
90 
0.809017 -0.587785 6007.833086  0.587785 0.809017 4175.480284  0 0 1
91 
-0.984808 -0.173648 6481.585517  0.173648 -0.984808 4349.517448  0 0 1
92 
0.984808 0.173648 6405.962173  -0.173648 0.984808 4289.031465  0 0 1
93 
0.587785 0.809017 6094.333176  -0.809017 0.587785 4341.648594  0 0 1
94 
-0.866025 0.500000 6780.985973  -0.500000 -0.866025 4727.808665  0 0 1
95 
-0.121869 -0.992546 5649.930374  0.992546 -0.121869 4305.663403  0 0 1
96 
0.719340 -0.694658 6554.964933  0.694658 0.719340 4185.133613  0 0 1
97 
0.992546 -0.121869 6794.039885  0.121869 0.992546 4278.207160  0 0 1
98 
0.034899 0.999391 5560.008033  -0.999391 0.034899 4602.307783  0 0 1
99 
0.987688 -0.156434 4504.681218  0.156434 0.987688 4274.255409  0 0 1
100 
-0.258819 0.965926 4856.075415  -0.965926 -0.258819 4629.385474  0 0 1
101 
-0.241922 -0.970296 4934.841472  0.970296 -0.241922 4324.383647  0 0 1
102 
0.342020 0.939693 5004.327840  -0.939693 0.342020 4522.119264  0 0 1
103 
-0.956305 -0.292372 5562.966826  0.292372 -0.956305 4558.578934  0 0 1
104 
0.629320 -0.777146 5896.310357  0.777146 0.629320 4224.244380  0 0 1
105 
0.017452 -0.999848 6178.947993  0.999848 0.017452 4305.923959  0 0 1
106 
-0.927184 0.374607 6414.819935  -0.374607 -0.927184 4625.162019  0 0 1
107 
0.819152 0.573576 6024.877173  -0.573576 0.819152 4433.116307  0 0 1
108 
0.939693 0.342020 3759.518957  -0.342020 0.939693 4375.504978  0 0 1
109 
0.017452 0.999848 4000.280517  -0.999848 0.017452 4523.797900  0 0 1
110 
-0.374607 0.927184 4394.854482  -0.927184 -0.374607 4591.384454  0 0 1
111 
-0.829038 -0.559193 3926.561889  0.559193 -0.829038 4482.206319  0 0 1
112 
-1 0 3742.595703  0 -1 4571.375977  0 0 1
113 
-0.390731 -0.920505 4466.795955  0.920505 -0.390731 4389.507103  0 0 1
114 
0.857167 0.515038 3874.639425  -0.515038 0.857167 4568.074292  0 0 1
115 
0.224951 0.974370 4186.877920  -0.974370 0.224951 4739.877302  0 0 1
116 
0 -1 4039.808594  1 0 4485.346680  0 0 1
117 
0.500000 -0.866025 3683.496083  0.866025 0.500000 4421.572978  0 0 1
118 
0.857167 0.515038 4272.635025  -0.515038 0.857167 4570.549353  0 0 1
119 
-0.838671 0.544639 3781.355640  -0.544639 -0.838671 4822.175504  0 0 1
120 
-0.374607 -0.927184 4850.462118  0.927184 -0.374607 4557.651384  0 0 1
121 
0.974370 0.224951 4710.547530  -0.224951 0.974370 4519.949360  0 0 1
122 
-0.970296 -0.241922 5178.437423  0.241922 -0.970296 4719.323769  0 0 1
123 
-0.994522 0.104528 5228.865977  -0.104528 -0.994522 4745.104218  0 0 1
124 
0.990268 0.139173 5161.265674  -0.139173 0.990268 4516.974313  0 0 1
125 
-0.573576 0.819152 5486.346549  -0.819152 -0.573576 4802.182645  0 0 1
126 
0.874620 0.484810 5495.847866  -0.484810 0.874620 4599.643001  0 0 1
127 
0.965926 0.258819 5907.862544  -0.258819 0.965926 4574.149515  0 0 1
128 
0.669131 0.743145 5672.196006  -0.743145 0.669131 4661.621245  0 0 1
129 
-0.374607 0.927184 6153.704742  -0.927184 -0.374607 4827.822524  0 0 1
130 
0.992546 -0.121869 6335.501100  0.121869 0.992546 4556.676452  0 0 1
131 
-0.838671 0.544639 6590.990199  -0.544639 -0.838671 4862.166428  0 0 1
132 
-0.469472 0.882948 6838.511890  -0.882948 -0.469472 4869.522279  0 0 1
133 
0.656059 -0.754710 6739.110230  0.754710 0.656059 4505.210502  0 0 1
134 
0.034899 -0.999391 4871.630717  0.999391 0.034899 4674.301547  0 0 1
135 
0.087156 0.996195 4471.411063  -0.996195 0.087156 4912.071611  0 0 1
136 
-0.951057 0.309017 5103.219892  -0.309017 -0.951057 4973.047261  0 0 1
137 
-0.848048 0.529919 5186.420846  -0.529919 -0.848048 4959.218083  0 0 1
138 
0.241922 0.970296 4318.548956  -0.970296 0.241922 4898.579393  0 0 1
139 
0.559193 0.829038 5111.047251  -0.829038 0.559193 4825.143939  0 0 1
140 
0.573576 0.819152 5355.573397  -0.819152 0.573576 4817.125024  0 0 1
141 
0.866025 0.500000 5489.885822  -0.500000 0.866025 4744.958226  0 0 1
142 
-0.956305 0.292372 4232.130199  -0.292372 -0.956305 5013.722105  0 0 1
143 
0.258819 0.965926 4174.524969  -0.965926 0.258819 4925.431408  0 0 1
144 
0.906308 0.422618 5691.767993  -0.422618 0.906308 4735.973928  0 0 1
145 
0.034899 0.999391 3473.060797  -0.999391 0.034899 4922.273334  0 0 1
146 
-0.190809 -0.981627 3882.689154  0.981627 -0.190809 4714.699455  0 0 1
147 
-0.956305 -0.292372 6496.725321  0.292372 -0.956305 4905.553175  0 0 1
148 
0.809017 0.587785 3705.747415  -0.587785 0.809017 4784.058528  0 0 1
149 
0.017452 -0.999848 6657.751912  0.999848 0.017452 4704.419600  0 0 1
150 
0.939693 0.342020 6062.057742  -0.342020 0.939693 4753.580051  0 0 1
151 
-0.866025 0.500000 6102.959511  -0.500000 -0.866025 4963.712022  0 0 1
152 
-0.999848 0.017452 6833.548069  -0.017452 -0.999848 4947.631754  0 0 1
153 
0.970296 0.241922 6750.361294  -0.241922 0.970296 4755.018436  0 0 1
154 
0.999848 -0.017452 5551.164878  0.017452 0.999848 4812.833374  0 0 1
155 
0.809017 -0.587785 5815.770209  0.587785 0.809017 4729.028361  0 0 1
156 
0.173648 -0.984808 5597.110032  0.984808 0.173648 4803.331959  0 0 1
157 
-0.390731 0.920505 5232.846304  -0.920505 -0.390731 5238.882783  0 0 1
158 
-0.707107 0.707107 6079.149141  -0.707107 -0.707107 5282.412232  0 0 1
159 
-0.707107 0.707107 4668.901486  -0.707107 -0.707107 5264.516570  0 0 1
160 
-0.777146 -0.629320 4994.808494  0.629320 -0.777146 5016.446813  0 0 1
161 
-0.121869 0.992546 4835.807097  -0.992546 -0.121869 5166.100402  0 0 1
162 
0.819152 -0.573576 5146.640765  0.573576 0.819152 4800.443836  0 0 1
163 
-0.777146 0.629320 6290.706389  -0.629320 -0.777146 5290.517299  0 0 1
164 
-0.629320 -0.777146 4530.846550  0.777146 -0.629320 4976.258416  0 0 1
165 
0 -1 6489.414062  1 0 4871.610352  0 0 1
166 
-0.999848 0.017452 4552.276838  -0.017452 -0.999848 5127.705822  0 0 1
167 
0.615661 0.788011 3389.293041  -0.788011 0.615661 5012.754717  0 0 1
168 
-0.325568 0.945519 3968.523897  -0.945519 -0.325568 5211.986975  0 0 1
169 
-0.999391 -0.034899 4001.430570  0.034899 -0.999391 5115.226929  0 0 1
170 
-0.190809 -0.981627 6716.738308  0.981627 -0.190809 4908.165911  0 0 1
171 
0.994522 -0.104528 3647.575779  0.104528 0.994522 4867.641789  0 0 1
172 
0.139173 -0.990268 7015.211448  0.990268 0.139173 4871.015003  0 0 1
173 
0.406737 0.913545 6474.135691  -0.913545 0.406737 5159.438021  0 0 1
174 
0.034899 -0.999391 3705.893156  0.999391 0.034899 5042.621804  0 0 1
175 
-0.656059 0.754710 3744.945564  -0.754710 -0.656059 5338.760236  0 0 1
176 
-0.438371 0.898794 3845.816901  -0.898794 -0.438371 5328.321625  0 0 1
177 
0.992546 -0.121869 3936.930015  0.121869 0.992546 5029.526951  0 0 1
178 
-0.866025 0.500000 4498.728805  -0.500000 -0.866025 5315.171807  0 0 1
179 
-0.891007 0.453990 4379.924547  -0.453990 -0.891007 5361.543447  0 0 1
180 
0.848048 0.529919 4424.221122  -0.529919 0.848048 5139.949786  0 0 1
181 
-0.951057 -0.309017 5187.568474  0.309017 -0.951057 5253.726958  0 0 1
182 
0.515038 0.857167 5027.999766  -0.857167 0.515038 5221.485311  0 0 1
183 
-0.422618 -0.906308 4921.503269  0.906308 -0.422618 5120.536513  0 0 1
184 
0.978148 -0.207912 5189.843139  0.207912 0.978148 5053.025123  0 0 1
185 
-0.052336 -0.998630 5612.351783  0.998630 -0.052336 5104.887509  0 0 1
186 
-0.156434 0.987688 5569.814437  -0.987688 -0.156434 5361.180764  0 0 1
187 
0.754710 -0.656059 5863.680553  0.656059 0.754710 5026.935979  0 0 1
188 
-0.819152 -0.573576 6266.939674  0.573576 -0.819152 5273.827068  0 0 1
189 
0.999391 -0.034899 6130.295450  0.034899 0.999391 5129.323533  0 0 1
190 
-0.898794 0.438371 6461.526003  -0.438371 -0.898794 5419.014656  0 0 1
191 
0.987688 -0.156434 6453.721503  0.156434 0.987688 5155.158902  0 0 1
192 
0.882948 -0.469472 6787.336249  0.469472 0.882948 5082.968552  0 0 1
193 
-0.777146 0.629320 6699.918901  -0.629320 -0.777146 5436.536592  0 0 1
194 
0.615661 -0.788011 4830.919494  0.788011 0.615661 5154.215665  0 0 1
195 
-0.990268 0.139173 5132.301273  -0.139173 -0.990268 5463.862467  0 0 1
196 
0.406737 -0.913545 4735.921177  0.913545 0.406737 5128.028912  0 0 1
197 
0.615661 0.788011 5092.496316  -0.788011 0.615661 5343.634779  0 0 1
198 
-0.961262 -0.275637 4299.780435  0.275637 -0.961262 5418.820265  0 0 1
199 
0.438371 0.898794 3594.764739  -0.898794 0.438371 5401.804536  0 0 1
200 
-0.920505 -0.390731 3773.206185  0.390731 -0.920505 5389.855380  0 0 1
201 
-0.139173 -0.990268 3998.044120  0.990268 -0.139173 5228.497954  0 0 1
202 
-0.998630 -0.052336 4453.699758  0.052336 -0.998630 5430.695118  0 0 1
203 
0.970296 0.241922 4366.278709  -0.241922 0.970296 5237.054057  0 0 1
204 
0.707107 -0.707107 5155.793062  0.707107 0.707107 5189.917156  0 0 1
205 
-0.438371 0.898794 5452.252413  -0.898794 -0.438371 5487.083559  0 0 1
206 
0.798636 -0.601815 5648.058917  0.601815 0.798636 5144.232779  0 0 1
207 
-0.544639 0.838671 5848.862931  -0.838671 -0.544639 5468.366503  0 0 1
208 
-0.406737 -0.913545 6188.877571  0.913545 -0.406737 5336.273819  0 0 1
209 
0.898794 0.438371 6107.851647  -0.438371 0.898794 5332.705907  0 0 1
210 
0.121869 -0.992546 6497.762398  0.992546 0.121869 5307.406070  0 0 1
211 
0.961262 -0.275637 6471.014342  0.275637 0.961262 5296.593296  0 0 1
212 
0.999391 -0.034899 6828.630577  0.034899 0.999391 5324.183919  0 0 1
213 
0.978148 0.207912 5547.891699  -0.207912 0.978148 5384.813218  0 0 1
214 
1 0 5783  0 1 5348  0 0 1
215 
-0.990268 -0.139173 6190.216909  0.139173 -0.990268 5509.439981  0 0 1
216 
-0.838671 0.544639 5041.336482  -0.544639 -0.838671 5763.022623  0 0 1
217 
-0.965926 -0.258819 6763.874993  0.258819 -0.965926 5434.549646  0 0 1
218 
-0.951057 0.309017 6927.966530  -0.309017 -0.951057 5503.838112  0 0 1
219 
0.970296 -0.241922 5414.000860  0.241922 0.970296 5325.793175  0 0 1
220 
-0.453990 -0.891007 6423.938137  0.891007 -0.453990 5390.653076  0 0 1
221 
0.358368 -0.933580 6635.565028  0.933580 0.358368 5309.286965  0 0 1
222 
0.190809 0.981627 5139.549888  -0.981627 0.190809 5576.946362  0 0 1
223 
-0.945519 0.325568 4738.335526  -0.325568 -0.945519 5711.167626  0 0 1
224 
-0.992546 -0.121869 4576.574080  0.121869 -0.992546 5627.131294  0 0 1
225 
0.438371 -0.898794 6472.047281  0.898794 0.438371 5314.555151  0 0 1
226 
0.484810 0.874620 4110.395237  -0.874620 0.484810 5565.979687  0 0 1
227 
0.087156 -0.996195 4856.729689  0.996195 0.087156 5364.201146  0 0 1
228 
0.990268 0.139173 5091.959137  -0.139173 0.990268 5389.579355  0 0 1
229 
-0.798636 0.601815 6890.724068  -0.601815 -0.798636 5947.656736  0 0 1
230 
0.788011 0.615661 3388.765232  -0.615661 0.788011 5487.716226  0 0 1
231 
-0.374607 0.927184 3659.605172  -0.927184 -0.374607 5710.679030  0 0 1
232 
0.829038 0.559193 6298.671491  -0.559193 0.829038 5529.442282  0 0 1
233 
0.121869 -0.992546 6754.309353  0.992546 0.121869 5386.998070  0 0 1
234 
0.939693 0.342020 3845.276858  -0.342020 0.939693 5461.597545  0 0 1
235 
0.882948 0.469472 6169.078804  -0.469472 0.882948 5547.863423  0 0 1
236 
-0.453990 0.891007 3817.666684  -0.891007 -0.453990 5710.814516  0 0 1
237 
0.052336 0.998630 6114.879602  -0.998630 0.052336 5843.750349  0 0 1
238 
-0.544639 -0.838671 6330.909573  0.838671 -0.544639 5551.671116  0 0 1
239 
0.994522 -0.104528 5780.545487  0.104528 0.994522 5469.383156  0 0 1
240 
-0.939693 0.342020 5595.771382  -0.342020 -0.939693 5832.004139  0 0 1
241 
-0.087156 0.996195 5584.341176  -0.996195 -0.087156 5805.575850  0 0 1
242 
-0.515038 0.857167 5238.024531  -0.857167 -0.515038 5858.273088  0 0 1
243 
0.034899 0.999391 4822.181126  -0.999391 0.034899 5711.278060  0 0 1
244 
0.484810 0.874620 4456.515841  -0.874620 0.484810 5680.412166  0 0 1
245 
-0.615661 -0.788011 3731.344885  0.788011 -0.615661 5655.580204  0 0 1
246 
0.207912 0.978148 4171.513057  -0.978148 0.207912 5757.230175  0 0 1
247 
-1 0 4878.445312  0 -1 5704.229492  0 0 1
248 
-0.788011 0.615661 4123.940863  -0.615661 -0.788011 5931.074796  0 0 1
249 
0.309017 0.951057 3556.146515  -0.951057 0.309017 5784.044062  0 0 1
250 
-0.573576 0.819152 4484.664398  -0.819152 -0.573576 5755.705851  0 0 1
251 
-0.529919 0.848048 3830.026674  -0.848048 -0.529919 5828.861293  0 0 1
252 
0.559193 0.829038 4586.871940  -0.829038 0.559193 5892.171924  0 0 1
253 
-0.656059 -0.754710 5332.980222  0.754710 -0.656059 5828.860125  0 0 1
254 
-0.898794 0.438371 4723.778200  -0.438371 -0.898794 6075.497025  0 0 1
255 
-0.731354 -0.681998 4692.618687  0.681998 -0.731354 5843.100492  0 0 1
256 
0.906308 -0.422618 5181.566669  0.422618 0.906308 5613.976164  0 0 1
257 
0.500000 -0.866025 4440.669305  0.866025 0.500000 5606.713299  0 0 1
258 
-0.241922 -0.970296 5697.001980  0.970296 -0.241922 5737.218708  0 0 1
259 
0.939693 0.342020 5490.539783  -0.342020 0.939693 5758.114166  0 0 1
260 
-0.965926 0.258819 4219.325054  -0.258819 -0.965926 6075.714168  0 0 1
261 
0.629320 -0.777146 3743.956543  0.777146 0.629320 5645.602460  0 0 1
262 
-0.069756 0.997564 3766.586901  -0.997564 -0.069756 6001.675467  0 0 1
263 
-0.669131 0.743145 6851.861723  -0.743145 -0.669131 6211.997088  0 0 1
264 
0.906308 0.422618 5680.642976  -0.422618 0.906308 5800.560624  0 0 1
265 
-0.469472 0.882948 3508.538793  -0.882948 -0.469472 6015.043072  0 0 1
266 
0.052336 -0.998630 6520.613352  0.998630 0.052336 5755.678713  0 0 1
267 
-0.819152 0.573576 6595.322708  -0.573576 -0.819152 6100.156045  0 0 1
268 
0.656059 -0.754710 6681.704254  0.754710 0.656059 5724.716291  0 0 1
269 
-0.292372 0.956305 5979.494493  -0.956305 -0.292372 6087.840400  0 0 1
270 
-0.374607 0.927184 6155.522200  -0.927184 -0.374607 6120.822793  0 0 1
271 
-0.956305 0.292372 3772.731967  -0.292372 -0.956305 6202.040333  0 0 1
272 
-0.798636 -0.601815 4630.500212  0.601815 -0.798636 6104.170799  0 0 1
273 
-0.390731 0.920505 3937.838521  -0.920505 -0.390731 6303.026213  0 0 1
274 
-0.642788 -0.766044 3684.727837  0.766044 -0.642788 6011.984755  0 0 1
275 
-0.573576 -0.819152 4856.210035  0.819152 -0.573576 6031.236779  0 0 1
276 
-0.529919 0.848048 4509.393022  -0.848048 -0.529919 6219.375487  0 0 1
277 
0.615661 0.788011 3674.795829  -0.788011 0.615661 6073.195498  0 0 1
278 
-0.984808 0.173648 4844.425969  -0.173648 -0.984808 6180.109289  0 0 1
279 
-0.990268 0.139173 5168.595812  -0.139173 -0.990268 6214.548971  0 0 1
280 
-0.829038 -0.559193 5701.084127  0.559193 -0.829038 6115.814613  0 0 1
281 
-0.104528 0.994522 5782.136306  -0.994522 -0.104528 6199.580971  0 0 1
282 
-0.224951 -0.974370 5445.757757  0.974370 -0.224951 5999.718834  0 0 1
283 
-0.642788 -0.766044 6739.498025  0.766044 -0.642788 6075.468011  0 0 1
284 
-0.173648 -0.984808 6176.522430  0.984808 -0.173648 6005.627578  0 0 1
285 
-0.390731 -0.920505 5872.895783  0.920505 -0.390731 6018.527333  0 0 1
286 
-0.927184 0.374607 6500.048536  -0.374607 -0.927184 6234.055247  0 0 1
287 
-0.438371 -0.898794 6801.945266  0.898794 -0.438371 6043.182021  0 0 1
288 
-0.906308 -0.422618 7082.065546  0.422618 -0.906308 6183.654984  0 0 1
289 
-0.453990 -0.891007 6397.986137  0.891007 -0.453990 6055.580705  0 0 1
290 
0.857167 -0.515038 3516.189631  0.515038 0.857167 6063.087422  0 0 1
291 
0.913545 0.406737 5103.045405  -0.406737 0.913545 6132.053316  0 0 1
292 
0.224951 0.974370 3826.225337  -0.974370 0.224951 6287.441808  0 0 1
293 
1 0 3538  0 1 6099  0 0 1
294 
0.207912 0.978148 3718.813625  -0.978148 0.207912 6296.113403  0 0 1
295 
-0.994522 -0.104528 5194.894038  0.104528 -0.994522 6263.698215  0 0 1
296 
-0.809017 -0.587785 5647.219492  0.587785 -0.809017 6185.178508  0 0 1
297 
-0.857167 -0.515038 6410.796221  0.515038 -0.857167 6235.026271  0 0 1
298 
0.987688 0.156434 4194.677428  -0.156434 0.987688 6136.440055  0 0 1
299 
-0.325568 -0.945519 6555.131330  0.945519 -0.325568 6175.662857  0 0 1
300 
-0.882948 0.469472 4831.457677  -0.469472 -0.882948 6289.658243  0 0 1
301 
-0.615661 0.788011 4604.256599  -0.788011 -0.615661 6366.558961  0 0 1
302 
-0.990268 0.139173 6162.282527  -0.139173 -0.990268 6274.751575  0 0 1
303 
0.987688 -0.156434 5591.448960  0.156434 0.987688 6093.428017  0 0 1
304 
0.515038 0.857167 5744.448750  -0.857167 0.515038 6199.301121  0 0 1
305 
-0.587785 -0.809017 6660.392881  0.809017 -0.587785 6193.931562  0 0 1
306 
0.981627 0.190809 6659.154108  -0.190809 0.981627 6179.892590  0 0 1
307 
-0.629320 0.777146 6634.288426  -0.777146 -0.629320 6324.726410  0 0 1
308 
-0.207912 -0.978148 5860.700390  0.978148 -0.207912 6200.999910  0 0 1
309 
-0.453990 0.891007 5451.021049  -0.891007 -0.453990 6537.382015  0 0 1
310 
0.615661 -0.788011 5899.654976  0.788011 0.615661 6109.294807  0 0 1
311 
-0.766044 0.642788 5343.652094  -0.642788 -0.766044 6595.220326  0 0 1
312 
0.325568 0.945519 5859.460520  -0.945519 0.325568 6437.159667  0 0 1
313 
-0.994522 0.104528 4830.974525  -0.104528 -0.994522 6493.255479  0 0 1
314 
-0.857167 0.515038 4714.323235  -0.515038 -0.857167 6578.328576  0 0 1
315 
-0.156434 0.987688 5118.794756  -0.987688 -0.156434 6474.819126  0 0 1
316 
0.788011 0.615661 4132.370581  -0.615661 0.788011 6316.064923  0 0 1
317 
-0.857167 -0.515038 5264.279117  0.515038 -0.857167 6389.308666  0 0 1
318 
0.999848 0.017452 6549.016519  -0.017452 0.999848 6224.537970  0 0 1
319 
0.819152 0.573576 6037.009264  -0.573576 0.819152 6297.331725  0 0 1
320 
0.241922 -0.970296 6617.857359  0.970296 0.241922 6219.531052  0 0 1
321 
-0.777146 0.629320 4550.139219  -0.629320 -0.777146 6506.836734  0 0 1
322 
-0.990268 0.139173 7010.000709  -0.139173 -0.990268 6492.679105  0 0 1
323 
-0.731354 0.681998 4079.524327  -0.681998 -0.731354 6658.938295  0 0 1
324 
0.406737 -0.913545 6479.272561  0.913545 0.406737 6172.915780  0 0 1
325 
0.913545 -0.406737 3783.652056  0.406737 0.913545 6208.374867  0 0 1
326 
0.719340 0.694658 3445.437051  -0.694658 0.719340 6381.230010  0 0 1
327 
0.719340 0.694658 3387.857230  -0.694658 0.719340 6381.826985  0 0 1
328 
-0.874620 -0.484810 6607.025667  0.484810 -0.874620 6556.887393  0 0 1
329 
-0.629320 0.777146 6535.839282  -0.777146 -0.629320 6651.705254  0 0 1
330 
0.422618 0.906308 6492.006780  -0.906308 0.422618 6548.378217  0 0 1
331 
0.978148 -0.207912 6671.180232  0.207912 0.978148 6333.692506  0 0 1
332 
-0.766044 0.642788 6248.248638  -0.642788 -0.766044 6700.701711  0 0 1
333 
-0.694658 -0.719340 6076.209531  0.719340 -0.694658 6540.606218  0 0 1
334 
-0.121869 -0.992546 5476.620789  0.992546 -0.121869 6442.510883  0 0 1
335 
0.731354 0.681998 5459.799785  -0.681998 0.731354 6529.153762  0 0 1
336 
0.866025 0.500000 5823.457833  -0.500000 0.866025 6502.210785  0 0 1
337 
-0.992546 -0.121869 4333.992598  0.121869 -0.992546 6697.043006  0 0 1
338 
1 0 3740  0 1 6420  0 0 1
339 
-0.358368 0.933580 3577.812463  -0.933580 -0.358368 6752.271737  0 0 1
340 
0.669131 -0.743145 4396.262833  0.743145 0.669131 6291.082574  0 0 1
341 
0.052336 0.998630 5097.102899  -0.998630 0.052336 6642.139556  0 0 1
342 
-0.156434 0.987688 4816.615527  -0.987688 -0.156434 6678.785387  0 0 1
343 
0.669131 0.743145 5310.923121  -0.743145 0.669131 6565.200991  0 0 1
344 
-0.906308 -0.422618 4651.783276  0.422618 -0.906308 6614.876868  0 0 1
345 
0.309017 0.951057 4686.992070  -0.951057 0.309017 6619.905124  0 0 1
346 
0.642788 -0.766044 4676.807088  0.766044 0.642788 6339.934987  0 0 1
347 
-0.970296 -0.241922 3622.896594  0.241922 -0.970296 6647.104371  0 0 1
348 
0 -1 7019.220703  1 0 6521.232422  0 0 1
349 
-0.173648 -0.984808 6700.374972  0.984808 -0.173648 6560.230186  0 0 1
350 
-0.866025 0.500000 6586.565566  -0.500000 -0.866025 6729.965689  0 0 1
351 
1 0 6277  0 1 6556  0 0 1
352 
-0.898794 -0.438371 6363.597041  0.438371 -0.898794 6667.636237  0 0 1
353 
-0.087156 -0.996195 5157.351783  0.996195 -0.087156 6591.294757  0 0 1
354 
0.819152 -0.573576 6032.564307  0.573576 0.819152 6488.035293  0 0 1
355 
0.906308 -0.422618 5121.104026  0.422618 0.906308 6559.563537  0 0 1
356 
-0.990268 0.139173 4774.185724  -0.139173 -0.990268 6843.437693  0 0 1
357 
-0.529919 -0.848048 4898.771731  0.848048 -0.529919 6638.754165  0 0 1
358 
0.529919 0.848048 5134.018608  -0.848048 0.529919 6717.105249  0 0 1
359 
0.453990 0.891007 4428.445780  -0.891007 0.453990 6782.166660  0 0 1
360 
0.987688 0.156434 5382.815042  -0.156434 0.987688 6631.111602  0 0 1
361 
-0.999848 0.017452 3593.637057  -0.017452 -0.999848 6843.490561  0 0 1
362 
-0.601815 0.798636 5665.722562  -0.798636 -0.601815 6817.206026  0 0 1
363 
-0.515038 -0.857167 3823.105620  0.857167 -0.515038 6678.957060  0 0 1
364 
0.224951 0.974370 3684.823475  -0.974370 0.224951 6823.929714  0 0 1
365 
0.719340 0.694658 4197.596675  -0.694658 0.719340 6736.540433  0 0 1
366 
-0.438371 -0.898794 4366.980541  0.898794 -0.438371 6696.358402  0 0 1
367 
0 -1 7019.202637  1 0 6639.277832  0 0 1
368 
0.681998 0.731354 5734.863553  -0.731354 0.681998 6879.337662  0 0 1
369 
0.190809 0.981627 5730.896695  -0.981627 0.190809 6999.466334  0 0 1
370 
0.874620 -0.484810 6188.549088  0.484810 0.874620 6595.343635  0 0 1
371 
-0.559193 -0.829038 6691.218066  0.829038 -0.559193 6760.954260  0 0 1
372 
0.906308 -0.422618 6519.809638  0.422618 0.906308 6607.615789  0 0 1
373 
0.292372 -0.956305 6658.761841  0.956305 0.292372 6630.191815  0 0 1
374 
0.992546 -0.121869 5578.844054  0.121869 0.992546 6628.570044  0 0 1
375 
-0.587785 -0.809017 5780.989641  0.809017 -0.587785 6802.389895  0 0 1
376 
-0.992546 0.121869 5137.307029  -0.121869 -0.992546 7055.812855  0 0 1
377 
0.970296 0.241922 4690.515248  -0.241922 0.970296 6724.333194  0 0 1
378 
0.719340 0.694658 5045.953152  -0.694658 0.719340 6867.834612  0 0 1
379 
-0.342020 0.939693 5115.382184  -0.939693 -0.342020 7051.083035  0 0 1
380 
-0.707107 0.707107 4664.771045  -0.707107 -0.707107 7142.434139  0 0 1
381 
-0.981627 0.190809 4318.754611  -0.190809 -0.981627 7104.621264  0 0 1
382 
-0.224951 -0.974370 4590.097296  0.974370 -0.224951 6795.568255  0 0 1
383 
-0.754710 -0.656059 4684.789192  0.656059 -0.754710 6907.865353  0 0 1
384 
0.258819 0.965926 3645.409350  -0.965926 0.258819 7000.607332  0 0 1
385 
0.438371 0.898794 3469.033977  -0.898794 0.438371 6977.457916  0 0 1
386 
0.275637 -0.961262 3580.434699  0.961262 0.275637 6772.141097  0 0 1
