1	2	0.597997	0
-0.999823 -0.018821 136.442000
0.018821 -0.999823 452.304000
0 0 1
1	3	0.743844	0
0.609916 -0.792466 306.564000
0.792466 0.609916 -260.253000
0 0 1
1	4	0.743844	0
0.459109 -0.888380 47.296600
0.888380 0.459109 -123.056000
0 0 1
1	4	0.597997	0
-0.219693 0.975569 224.506000
-0.975569 -0.219693 191.191000
0 0 1
1	4	0.689711	0
-0.482837 0.875710 286.085000
-0.875710 -0.482837 197.495000
0 0 1
1	8	0.689711	0
-0.238806 0.971067 -69.000100
-0.971067 -0.238806 430.087000
0 0 1
1	8	0.689711	0
-0.428411 0.903584 -9.358470
-0.903584 -0.428411 454.770000
0 0 1
1	8	0.689711	0
0.734154 0.678983 -251.141000
-0.678983 0.734154 168.894000
0 0 1
1	8	0.689711	0
0.821345 0.570432 -249.938000
-0.570432 0.821345 133.211000
0 0 1
2	3	0.597997	0
-0.121097 0.992641 187.351000
-0.992641 -0.121097 602.481000
0 0 1
2	4	0.689711	0
-0.488089 -0.872794 204.025000
0.872794 -0.488089 201.681000
0 0 1
2	4	0.689711	0
-0.428801 -0.903399 199.303000
0.903399 -0.428801 197.440000
0 0 1
2	5	0.689711	0
0.721160 0.692769 -188.938000
-0.692769 0.721160 237.325000
0 0 1
2	7	0.689711	0
0.531124 -0.847294 36.067900
0.847294 0.531124 55.719700
0 0 1
