5 6 278 0.8645825337623965 -0.5024908832854525 53.27330726725854 0.5024908832854524 0.8645825337623964 120.7280679168978 0 0 1
4 5 334 -0.10798170702714247 0.9941532632227814 233.1186775597703 -0.9941532632227812 -0.10798170702714253 526.0380208098443 0 0 1
0 16 229 -0.9838677241822944 -0.1788962594616014 334.9027629961321 0.17889625946160137 -0.9838677241822945 286.57590813361566 0 0 1
3 4 277 0.6636325456145359 0.7480579014937085 110.17028050979643 -0.7480579014937084 0.6636325456145359 143.89417774387258 0 0 1
2 3 432 -0.24410419301660766 0.9697490122360071 -70.24037872278144 -0.9697490122360071 -0.24410419301660757 304.6307773018106 0 0 1
2 15 245 -0.48453363647097086 -0.8747720264172931 372.4529660387433 0.8747720264172931 -0.48453363647097086 226.0864677512891 0 0 1
1 2 362 0.3676298863581197 -0.9299726238262692 443.6904966387515 0.9299726238262689 0.36762988635811955 -232.71822641167844 0 0 1
0 1 399 0.9734531933478583 -0.22888607316928794 202.68342952547374 0.22888607316928783 0.9734531933478584 -219.31300438400143 0 0 1
4 65 99.0 0.384615 0.923077 -33.692308 -0.923077 0.384615 167.461538 0 0 1
1 7 198 -0.812190761312937 -0.5833920055767924 664.0930695171267 0.5833920055767923 -0.812190761312937 352.35786305562993 0 0 1
5 9 133.0 0.837411 0.546574 66.140874 -0.546574 0.837411 252.240075 0 0 1
5 10 335.0 -0.13598 0.990712 191.399353 -0.990712 -0.13598 543.255721 0 0 1
1 17 285.0 0.910219 -0.414128 -37.204006 0.414128 0.910219 -134.773389 0 0 1
0 147 183 0.08460105746822637 -0.9964152327640609 532.9525267730673 0.9964152327640605 0.08460105746822603 -173.52184981571895 0 0 1
4 9 190 -0.6269273674531087 0.7790773055424699 259.2301175731359 -0.7790773055424698 -0.6269273674531087 354.1311957859956 0 0 1
6 7 319 -0.376838671147635 -0.9262790151059695 513.8592262168427 0.9262790151059691 -0.37683867114763475 306.8534787205632 0 0 1
5 151 165 0.7823325518999568 0.6228613280776882 -163.41264294787672 -0.6228613280776882 0.7823325518999567 410.8805426502573 0 0 1
0 149 158 -0.9738826567854328 0.2270522815774986 521.7159809538898 -0.2270522815774987 -0.9738826567854327 300.00081842661405 0 0 1
5 100 85.0 -0.873198 0.487366 418.094823 -0.487366 -0.873198 579.288306 0 0 1
6 11 216 0.828123187277056 -0.5605454276114381 329.3015492003688 0.560545427611438 0.828123187277056 -91.28066337770704 0 0 1
7 8 425 -0.5896041334021752 0.8076926212341364 354.6642206953132 -0.8076926212341363 -0.5896041334021751 415.42778986043214 0 0 1
7 13 220.0 0.31296 0.949766 -128.008585 -0.949766 0.31296 191.009141 0 0 1
8 14 331.0 0.219512 0.97561 113.804878 -0.97561 0.219512 402.756098 0 0 1
5 120 95 -0.6821090333242078 0.7312501572700791 336.95219083073425 -0.7312501572700791 -0.6821090333242075 608.3120856650169 0 0 1
8 152 188 0.01917240610971818 0.9998164671098216 18.168405115455883 -0.9998164671098216 0.019172406109717953 221.88535461810412 0 0 1
10 26 231.0 0.739239 0.673443 -222.055366 -0.673443 0.739239 359.735326 0 0 1
9 10 424 0.44619929746618003 0.894933632771552 -253.99388308204044 -0.8949336327715518 0.44619929746618026 425.46381587907183 0 0 1
9 12 407 -0.4710257039372282 -0.882119132141707 708.0483619725276 0.8821191321417069 -0.4710257039372282 -5.140895688225424 0 0 1
9 23 312.0 0.76652 0.64222 10.153186 -0.64222 0.76652 358.536972 0 0 1
11 25 278 0.3309986530392702 0.943631826978186 97.81675205176222 -0.9436318269781859 0.3309986530392702 224.96285030302082 0 0 1
10 11 315.0 -0.941683 -0.336502 308.78623 0.336502 -0.941683 233.419335 0 0 1
11 137 89 -0.9909705319552506 0.13408038737387096 557.3843374270448 -0.13408038737387087 -0.9909705319552509 346.22027213286816 0 0 1
11 13 508 0.9951297117431945 -0.09857246679934241 160.71241154441935 0.09857246679934233 0.9951297117431944 139.3099235710519 0 0 1
12 19 349 0.14122450591321 -0.9899779357246145 511.3365884779274 0.9899779357246147 0.1412245059132099 -191.79075488344304 0 0 1
12 23 176 -0.9036412330862991 0.4282902262558335 199.73531056290352 -0.4282902262558334 -0.9036412330862992 668.845624980101 0 0 1
11 12 115.0 0.961069 -0.276307 248.210511 0.276307 0.961069 -176.738819 0 0 1
12 36 158 -0.995987731898137 0.08948807347018334 534.8776979136578 -0.08948807347018321 -0.9959877318981369 291.54678024278815 0 0 1
10 48 112 0.9327273517473385 -0.36058201499297815 236.12376312988798 0.36058201499297815 0.9327273517473386 -263.4595025130067 0 0 1
14 22 286 -0.8773952678150599 -0.479768870119497 511.2367760729508 0.47976887011949737 -0.8773952678150602 483.00957709645195 0 0 1
13 24 228 0.9585137691060209 0.28504703615749116 77.31334520082738 -0.2850470361574911 0.9585137691060206 -48.50018324285326 0 0 1
13 14 149.0 -0.640184 0.768221 322.254206 -0.768221 -0.640184 676.33054 0 0 1
12 15 248 0.13506616283945846 0.9908369219744613 -192.00545652030945 -0.9908369219744614 0.13506616283945855 286.3963416687859 0 0 1
12 65 100.0 -0.514496 -0.857493 423.403448 0.857493 -0.514496 337.006126 0 0 1
15 17 376 -0.9486817390617874 0.31623123378424034 438.4346881962354 -0.31623123378424023 -0.9486817390617874 283.2239997499855 0 0 1
12 45 98 -0.9472664323578558 0.3204463895896156 244.57679452005314 -0.32044638958961547 -0.9472664323578558 680.487979032051 0 0 1
15 21 461 0.162104934879062 0.9867736167834317 152.44387410569772 -0.9867736167834318 0.16210493487906194 431.0628810632261 0 0 1
12 144 86.0 -0.976045 -0.21757 568.981001 0.21757 -0.976045 223.297226 0 0 1
12 132 166 -0.060383237111457294 -0.9981748930102087 543.3669677691244 0.9981748930102088 -0.060383237111457266 -143.82469018805085 0 0 1
14 152 141 -0.9845861203592615 -0.1748992336544045 483.9141008801634 0.1748992336544046 -0.9845861203592616 541.544923420483 0 0 1
14 106 123 -0.9402824565331221 -0.3403955263690123 496.6806850628112 0.34039552636901227 -0.9402824565331223 483.1880723285281 0 0 1
16 20 210 0.80846114882736 0.5885496775623489 9.217274216944155 -0.5885496775623488 0.80846114882736 295.2508033290123 0 0 1
16 56 133 0.9608922211476733 -0.2769233043243035 244.47225887947852 0.2769233043243036 0.9608922211476734 -212.84242760810898 0 0 1
16 17 229.0 -0.650791 0.759257 8.442205 -0.759257 -0.650791 654.405999 0 0 1
18 32 117 -0.9894039439536332 -0.14519070998860859 409.9253097696578 0.14519070998860867 -0.9894039439536333 539.1533401731269 0 0 1
18 127 136.0 -0.161132 0.986933 200.348661 -0.986933 -0.161132 561.367589 0 0 1
20 27 320 -0.8570928839015769 0.5151622729104662 292.3382288204671 -0.5151622729104663 -0.8570928839015769 660.2736793227047 0 0 1
18 21 390 0.9551215910794824 -0.2962133042822317 -105.39725751199502 0.29621330428223175 0.9551215910794821 -138.1267492052652 0 0 1
18 82 95.0 -0.639477 -0.76881 454.698058 0.76881 -0.639477 380.908913 0 0 1
19 35 317.0 0.952029 0.306009 -164.877386 -0.306009 0.952029 -18.025546 0 0 1
22 31 345 -0.32075594914198385 0.9471618495204638 140.54874078807427 -0.9471618495204638 -0.3207559491419838 361.52920420412124 0 0 1
19 21 352.0 -0.447214 -0.894427 350.703546 0.894427 -0.447214 305.416408 0 0 1
18 109 105 -0.552887360886313 -0.8332555782424551 696.3647633310784 0.833255578242455 -0.552887360886313 222.26972617704848 0 0 1
22 24 264 0.8034649411282241 0.5953528971348162 -264.9318848262904 -0.595352897134816 0.8034649411282243 76.33892527300321 0 0 1
13 121 113 0.08938007005225632 0.9959976167935609 -183.22483264777603 -0.9959976167935609 0.08938007005225625 255.44216942662618 0 0 1
19 23 367 -0.5201255511016488 -0.8540899748359104 652.3733400798187 0.8540899748359104 -0.5201255511016489 -40.90867319581206 0 0 1
17 18 139.0 0.465351 -0.885126 141.062648 0.885126 0.465351 -74.169404 0 0 1
20 69 121.0 -0.956767 0.290857 354.475794 -0.290857 -0.956767 278.447438 0 0 1
22 143 105.0 0.817107 0.576486 -158.44427 -0.576486 0.817107 311.012647 0 0 1
23 26 225 0.41133667214298103 0.9114830272607041 -303.9686661583843 -0.9114830272607043 0.41133667214298103 302.6146125125092 0 0 1
24 25 170 0.523153581881619 0.8522381767988524 -167.05754481013602 -0.8522381767988524 0.5231535818816188 90.84861357032948 0 0 1
25 28 379 0.9778815425233441 -0.20916009802341692 152.95884990636395 0.2091600980234168 0.977881542523344 25.060674752510007 0 0 1
20 124 168.0 0.995036 -0.099515 262.894974 0.099515 0.995036 -31.988628 0 0 1
24 30 341 -0.981634682897146 -0.190767632997371 591.0898461943973 0.190767632997371 -0.9816346828971457 318.44180798637717 0 0 1
19 120 96.0 -0.436553 0.899679 -90.175764 -0.899679 -0.436553 405.822911 0 0 1
25 26 375 -0.690053618648235 0.7237576132404248 310.6537996824431 -0.7237576132404246 -0.690053618648235 358.0232372802715 0 0 1
20 48 107.0 -0.973417 -0.229039 463.967774 0.229039 -0.973417 573.730634 0 0 1
27 32 238 0.41064572640260566 0.9117945295691771 97.40381982685618 -0.9117945295691772 0.4106457264026055 226.28501318741758 0 0 1
22 47 106 0.17638613458957317 0.9843214532202117 51.23856002622474 -0.9843214532202119 0.17638613458957286 204.59469224212302 0 0 1
22 118 103.0 -0.998892 0.047068 332.624387 -0.047068 -0.998892 620.737413 0 0 1
24 83 84.0 -0.485643 -0.874157 660.574271 0.874157 -0.485643 25.900005 0 0 1
27 28 177 -0.766840260647435 0.641838057340926 415.55498101470454 -0.641838057340926 -0.766840260647435 422.49778043405126 0 0 1
28 30 287 -0.7996505011280276 0.6004657159619478 189.22414810070987 -0.6004657159619476 -0.7996505011280276 715.2627430287091 0 0 1
27 44 353 0.7253731346797117 -0.6883549159568261 128.27414979341157 0.6883549159568262 0.7253731346797115 -234.32610431828917 0 0 1
22 98 107.0 -0.59051 0.80703 123.132082 -0.80703 -0.59051 679.124264 0 0 1
25 144 112 0.24813240814123844 -0.9687258829736255 217.47538445785975 0.9687258829736255 0.24813240814123838 -121.40510869051153 0 0 1
28 41 321.0 0.013888 0.999904 127.960218 -0.999904 0.013888 466.74284 0 0 1
28 105 103 -0.966094108271513 0.2581886945880285 277.1761427392849 -0.2581886945880286 -0.9660941082715129 690.4098983054096 0 0 1
28 53 137 0.4233488592770799 0.9059667408248466 -140.83296818507287 -0.9059667408248467 0.42334885927708005 489.6191480271116 0 0 1
33 103 176 0.5570613909445169 0.8304708900491095 -69.27075719381516 -0.8304708900491093 0.5570613909445168 167.21967306207017 0 0 1
23 48 141 -0.9987919999552795 -0.04913503306536043 378.1621413416374 0.049135033065359865 -0.9987919999552793 627.5472961328173 0 0 1
30 103 88.0 -0.976839 0.213974 471.796915 -0.213974 -0.976839 659.441532 0 0 1
30 43 488 0.5198532944215026 -0.8542557157573549 163.9542958019805 0.8542557157573549 0.5198532944215026 -33.6228499284251 0 0 1
31 40 279.0 0.942428 -0.33441 176.405784 0.33441 0.942428 30.71645 0 0 1
32 42 244 -0.8476757241178364 0.5305142926880498 377.5837895800722 -0.5305142926880498 -0.8476757241178365 374.0602699629371 0 0 1
30 65 122 0.9702007645481402 0.24230482499365275 126.24616152193556 -0.24230482499365272 0.9702007645481401 29.204964248650665 0 0 1
29 36 317.0 -0.110432 -0.993884 587.647618 0.993884 -0.110432 105.393144 0 0 1
32 88 191.0 -0.994309 0.106533 305.977695 -0.106533 -0.994309 577.460286 0 0 1
30 69 132.0 0.196116 0.980581 142.210919 -0.980581 0.196116 322.142475 0 0 1
26 48 112 0.5299718598159114 -0.8480149785783644 459.281772112384 0.8480149785783645 0.5299718598159114 -146.23965421833492 0 0 1
30 31 285 -0.489224755991202 -0.8721572578849236 454.6379262124385 0.8721572578849238 -0.48922475599120185 -65.16388430082688 0 0 1
29 35 123 -0.8858327124501278 -0.4640056083295209 384.13844214979065 0.46400560832952087 -0.8858327124501278 533.9167558677606 0 0 1
35 37 242 -0.40574232149081274 0.9139876097192161 27.982952122176968 -0.9139876097192161 -0.4057423214908125 383.1405987710526 0 0 1
30 46 202 0.9248110993910138 0.38042690275686797 111.16641207297347 -0.3804269027568678 0.9248110993910142 70.06146572997626 0 0 1
36 42 267 -0.923690047675403 0.3831394717794198 147.85625411031452 -0.38313947177941976 -0.9236900476754025 391.44886354989677 0 0 1
32 102 103.0 0.390874 -0.920444 233.973733 0.920444 0.390874 64.944301 0 0 1
35 107 112.0 0.995229 -0.097571 238.43919 0.097571 0.995229 -131.979059 0 0 1
30 36 170 -0.7230205344826992 0.6908263518174101 376.4875664209748 -0.6908263518174104 -0.7230205344826992 459.4356914818039 0 0 1
33 36 122.0 -0.850265 -0.526355 508.484592 0.526355 -0.850265 439.732508 0 0 1
29 60 115.0 -0.107482 -0.994207 557.251398 0.994207 -0.107482 -168.004371 0 0 1
38 39 393 -0.9254959681067474 -0.3787574147157448 656.3022527493431 0.3787574147157447 -0.9254959681067475 474.9937907889985 0 0 1
30 120 109 -0.9811507060877973 0.19324563374217857 549.2592134418885 -0.19324563374217843 -0.9811507060877975 435.4582406254327 0 0 1
36 92 131.0 0.0 -1.0 323.5 1.0 0.0 164.0 0 0 1
39 41 393 0.6854370320577429 -0.7281317998685902 140.49601123222314 0.7281317998685901 0.6854370320577429 -249.34670071072435 0 0 1
36 52 328.0 -0.420725 0.907188 195.208231 -0.907188 -0.420725 333.455998 0 0 1
36 37 283 0.556726354458696 0.8306954547396594 149.53475969239722 -0.8306954547396592 0.5567263544586961 388.12528832961925 0 0 1
38 46 305 -0.5842900890876274 -0.8115449734401494 638.5085758342673 0.8115449734401495 -0.5842900890876273 27.440877729813618 0 0 1
40 43 381 0.1557020736428702 0.9878041071529868 64.02737642420492 -0.9878041071529868 0.1557020736428706 196.68458001044834 0 0 1
36 78 103.0 -0.870884 -0.491489 603.927569 0.491489 -0.870884 168.696685 0 0 1
37 38 271.0 0.761243 -0.648466 216.899049 0.648466 0.761243 167.61245 0 0 1
37 50 283.0 0.686061 0.727544 97.641652 -0.727544 0.686061 192.612903 0 0 1
37 120 106.0 0.962131 -0.272586 -149.470297 0.272586 0.962131 -44.22351 0 0 1
40 47 269.0 0.997054 -0.076696 202.827235 0.076696 0.997054 50.634419 0 0 1
39 45 277 0.6138378913402135 -0.7894319103602291 88.58866261552512 0.7894319103602291 0.6138378913402135 -1.8962377962110657 0 0 1
41 43 297 0.997600809390406 -0.06922124266153205 -177.06151967070977 0.06922124266153207 0.9976008093904059 -82.15350092053177 0 0 1
38 83 111.0 -0.992034 0.125973 239.105732 -0.125973 -0.992034 319.466322 0 0 1
36 48 141.0 0.988372 -0.152057 126.867232 0.152057 0.988372 -230.240467 0 0 1
42 53 357 0.9748184046424037 -0.22299949259009552 26.712038237092685 0.2229994925900957 0.9748184046424037 129.05287500509291 0 0 1
40 133 92.0 0.001813 0.999998 173.64931 -0.999998 0.001813 478.811106 0 0 1
38 59 95 0.5416709065782949 -0.8405905768961777 111.09394456528523 0.8405905768961777 0.5416709065782948 -216.09525640143124 0 0 1
41 49 238 0.6939382857759707 -0.7200344153353413 132.6745134148845 0.7200344153353414 0.6939382857759707 87.72474082424166 0 0 1
41 122 161.0 -0.285805 -0.958288 528.986684 0.958288 -0.285805 -108.277322 0 0 1
36 110 130.0 -0.137803 -0.99046 523.076482 0.99046 -0.137803 -155.151877 0 0 1
43 48 177.0 -0.997785 0.066519 350.687818 -0.066519 -0.997785 632.608379 0 0 1
44 142 100 -0.222635855229612 -0.974902099677285 529.5179243250057 0.974902099677285 -0.22263585522961207 -95.16751038995454 0 0 1
46 60 407 -0.3108695035230782 0.9504530891949983 -94.683859927279 -0.9504530891949983 -0.31086950352307813 464.66566191016125 0 0 1
45 58 211.0 0.652593 0.757709 -130.070584 -0.757709 0.652593 420.608726 0 0 1
41 112 125.0 -0.371391 0.928477 134.039485 -0.928477 -0.371391 327.452557 0 0 1
45 46 303 0.0870400528388611 0.9962045756664686 188.56295828670014 -0.9962045756664683 0.08704005283886104 452.62057991637477 0 0 1
45 118 114 -0.13571655886524847 0.9907472888874214 -3.2655380228260595 -0.9907472888874211 -0.1357165588652483 646.544442399958 0 0 1
41 65 88.0 0.393919 0.919145 -1.201551 -0.919145 0.393919 142.408126 0 0 1
46 118 116.0 -0.235505 0.971873 12.113081 -0.971873 -0.235505 646.240025 0 0 1
47 48 437 -0.08947114590459232 -0.995989728758043 518.6502808066625 0.9959897287580429 -0.08947114590459213 -165.57962382786113 0 0 1
46 144 175 0.6694223761817722 -0.7428821244290036 25.550545681403225 0.7428821244290037 0.6694223761817722 -95.80039069533981 0 0 1
42 44 197 -0.19981298605699463 0.9798343594980671 227.63264689960488 -0.9798343594980674 -0.1998129860569945 482.40064868161426 0 0 1
46 50 263.0 -0.86305 -0.505118 464.345048 0.505118 -0.86305 545.426562 0 0 1
47 133 91.0 -0.07442 0.997227 -173.569682 -0.997227 -0.07442 397.188863 0 0 1
47 61 389 0.3492165686148399 -0.9370414904052418 519.5618835000214 0.9370414904052418 0.3492165686148399 -6.740258581390732 0 0 1
48 49 418 -0.7297960121987299 0.6836649452098824 53.31063009149342 -0.6836649452098824 -0.7297960121987299 476.73733056694823 0 0 1
47 68 137.0 -0.977802 0.209529 184.987075 -0.209529 -0.977802 403.566391 0 0 1
48 62 297 -0.945981888942518 -0.32422072425084986 538.1363811747906 0.32422072425084975 -0.9459818889425181 167.3892228126468 0 0 1
48 59 87.0 -0.866778 0.498694 253.662465 -0.498694 -0.866778 713.651619 0 0 1
48 70 133 -0.7657630471208953 -0.6431225300400547 583.1196869525467 0.6431225300400548 -0.7657630471208956 45.556645493792224 0 0 1
48 141 109 -0.9699226571146882 -0.24341567525651145 410.7571269062596 0.24341567525651134 -0.9699226571146881 547.905884531631 0 0 1
51 53 203 0.7068978387850298 0.707316099363682 -189.24982937768357 -0.707316099363682 0.7068978387850297 373.3582284690586 0 0 1
53 57 276 -0.2378886008218594 0.9712920621188137 63.026679043053655 -0.9712920621188139 -0.23788860082185936 613.5591323021964 0 0 1
48 112 123 0.4406294446386524 -0.8976886587639573 281.246360848734 0.8976886587639573 0.44062944463865245 139.15759113129084 0 0 1
51 56 388 -0.9999249821411034 -0.012250434690836845 555.3875884246152 0.012250434690836833 -0.9999249821411033 526.6804775189204 0 0 1
54 60 265 -0.979406377654555 -0.20190029823302194 217.25950232874047 0.20190029823302183 -0.9794063776545553 340.9464688808626 0 0 1
48 100 118 0.2734483973474362 0.9618867761712487 -107.37371098629013 -0.9618867761712488 0.27344839734743626 559.625783022871 0 0 1
54 55 286 0.9156075168399114 -0.4020735336381287 344.2269751100074 0.40207353363812876 0.9156075168399117 -14.841695599387066 0 0 1
54 66 141.0 -0.893664 -0.448737 456.104843 0.448737 -0.893664 500.37059 0 0 1
50 52 183.0 0.975716 0.219038 113.453642 -0.219038 0.975716 -148.745232 0 0 1
57 123 125 -0.9178650205840686 -0.39689181455682343 481.73894871419 0.39689181455682315 -0.9178650205840684 467.93426352093826 0 0 1
48 66 118 0.9501518644283667 0.3117879583247228 -103.91422829685453 -0.3117879583247223 0.9501518644283664 297.4675590486533 0 0 1
58 60 276 -0.7983687686839601 0.6021688377772947 374.58232864182133 -0.6021688377772946 -0.79836876868396 693.2040693068527 0 0 1
50 54 402 0.39635742576067395 0.9180960615367936 43.96231877431832 -0.9180960615367935 0.396357425760674 413.2464247425732 0 0 1
56 57 232 0.8901744640384004 -0.45561984559383195 237.9120248011301 0.45561984559383234 0.8901744640384003 -221.05699324450578 0 0 1
48 102 107.0 0.697007 -0.717065 157.126353 0.717065 0.697007 121.826705 0 0 1
59 62 300 0.6502166986612575 0.7597488812180343 -264.62549005126016 -0.7597488812180343 0.6502166986612579 292.48111740501815 0 0 1
56 69 447 0.4425883641691478 -0.8967248717371888 179.1704844235361 0.8967248717371891 0.44258836416914776 -167.35783819302364 0 0 1
58 59 413 0.21687241470943852 -0.9761997949226876 261.54869318515756 0.9761997949226876 0.2168724147094384 -221.26329572808456 0 0 1
58 67 292 0.905011424575273 -0.42538818304959375 -7.693275161205271 0.42538818304959336 0.9050114245752731 29.636552079425545 0 0 1
59 71 320 -0.7680263807998545 0.6404186634237612 290.9396446198532 -0.6404186634237612 -0.7680263807998547 683.0098726819369 0 0 1
60 70 188 -0.8661858741902491 -0.4997223950187484 693.2832055008496 0.4997223950187483 -0.8661858741902492 358.8156335810962 0 0 1
60 65 136 0.29743817769441433 0.9547413173052826 -25.247610261850816 -0.9547413173052824 0.2974381776944142 187.1381822031208 0 0 1
62 76 88.0 -0.821922 0.5696 141.971222 -0.5696 -0.821922 427.443122 0 0 1
60 100 135 0.4388271100628097 0.8985718865260156 -135.6049559232929 -0.8985718865260156 0.4388271100628099 448.4678259178284 0 0 1
61 62 199 -0.9941241983759644 0.10824663222634774 263.0796645958977 -0.10824663222634776 -0.9941241983759646 325.00264248667645 0 0 1
62 70 378 0.9363753039047417 0.3509998353878571 -142.23320919449054 -0.35099983538785695 0.9363753039047413 225.5698699291608 0 0 1
58 83 139 -0.8926620251814354 0.45072666764235025 196.41530368235456 -0.4507266676423503 -0.8926620251814356 320.9810737325089 0 0 1
61 68 473 -0.5189038376715457 -0.8548324970184168 606.6666288376854 0.8548324970184168 -0.5189038376715458 32.69685808224803 0 0 1
62 88 157 0.040069251754165855 -0.9991967369686822 350.32514200020626 0.999196736968682 0.04006925175416572 151.2904210493968 0 0 1
60 129 119 0.7093337062524135 0.7048729925477458 -287.0550700297058 -0.7048729925477459 0.7093337062524135 143.4469362745084 0 0 1
62 101 108 -0.7607046830349052 -0.6490985029552638 663.3140747609814 0.6490985029552637 -0.7607046830349053 328.3216100753284 0 0 1
64 69 244.0 0.896527 -0.44299 116.343693 0.44299 0.896527 122.094277 0 0 1
65 77 245.0 -0.76582 -0.643055 667.918878 0.643055 -0.76582 216.71673 0 0 1
63 78 246 -0.02401798358433181 -0.999711766607527 527.0009639156285 0.9997117666075269 -0.024017983584331937 145.2681876180089 0 0 1
63 66 351.0 -0.36053 -0.932748 284.762205 0.932748 -0.36053 237.742924 0 0 1
67 75 340 0.1383907896755066 -0.9903780407627127 315.8780549042374 0.9903780407627126 0.1383907896755066 96.32437392070058 0 0 1
66 80 210 0.42697234053148175 -0.9042644309410101 394.54022760750956 0.9042644309410098 0.42697234053148175 -202.8909478716887 0 0 1
65 66 274 0.5983034715283451 -0.8012695900613791 265.0881407763028 0.8012695900613792 0.598303471528345 -297.5706745272377 0 0 1
68 70 264.0 0.681419 -0.731894 172.108099 0.731894 0.681419 105.972595 0 0 1
68 74 326.0 0.777117 0.629356 -240.21085 -0.629356 0.777117 176.361986 0 0 1
70 76 221 0.6377142164998095 -0.7702724432115134 142.38989652228446 0.7702724432115137 0.6377142164998095 6.770451273092206 0 0 1
67 71 367 0.0018733778325437439 0.9999982452262087 -215.52235601854983 -0.9999982452262088 0.00187337783254389 316.69884439117726 0 0 1
70 71 304 0.31019481076003086 0.9506727337578105 43.31660642969667 -0.9506727337578104 0.3101948107600308 500.11155713626295 0 0 1
67 139 94.0 0.995723 -0.092387 -212.23107 0.092387 0.995723 -146.962052 0 0 1
72 73 295 -0.9746936650329707 0.22354563200517924 429.2205971762095 -0.22354563200517916 -0.9746936650329705 657.5896966364238 0 0 1
73 78 398 -0.9922425855177182 0.12431844290013161 299.84647313447647 -0.12431844290013154 -0.9922425855177183 284.51215883577726 0 0 1
69 72 271 -0.9818425340564821 -0.18969496246222384 320.1222890299431 0.18969496246222392 -0.9818425340564825 461.887901234454 0 0 1
73 115 133 0.8933894537708207 -0.4492839700234979 244.3944716791218 0.4492839700234979 0.8933894537708207 -148.18693782334392 0 0 1
72 87 398 0.9605283010196455 -0.2781816810185631 204.51781906643873 0.2781816810185631 0.9605283010196455 -93.47800985138808 0 0 1
69 86 198 0.21156562671603035 0.9773634381279329 100.29573544552461 -0.977363438127933 0.21156562671603024 307.3384960851182 0 0 1
67 121 158 -0.1280973361370265 0.9917615231035121 114.18585497787618 -0.9917615231035121 -0.12809733613702637 295.29149095483547 0 0 1
72 133 163.0 -0.64164 0.767006 115.634522 -0.767006 -0.64164 287.198486 0 0 1
73 129 123 0.9906396205510244 0.13650629853058993 -104.59542554536272 -0.13650629853058988 0.9906396205510243 -117.91845482095295 0 0 1
72 104 154.0 0.707107 0.707107 -173.996302 -0.707107 0.707107 -34.020076 0 0 1
75 77 312 -0.9999824021224906 0.005867924789340121 595.6782013838447 -0.005867924789340271 -0.9999824021224906 254.03959304884538 0 0 1
76 79 197 0.9955381398097704 0.09436518436956581 165.78178780366292 -0.09436518436956579 0.9955381398097704 25.283622277471437 0 0 1
77 80 205 0.949201481028773 0.31466870770031097 -198.2143920480784 -0.31466870770031097 0.9492014810287731 221.48095600406575 0 0 1
73 98 128 -0.0021804948667949373 -0.9999976227182419 340.2100252580668 0.9999976227182418 -0.002180494866794442 -159.61135504006887 0 0 1
74 84 301.0 -0.970664 0.24044 257.444867 -0.24044 -0.970664 352.324594 0 0 1
70 100 109 0.8600343141298649 0.5102358742661799 -249.41555295382622 -0.5102358742661799 0.860034314129865 189.5283030258069 0 0 1
76 88 251.0 -0.87531 -0.483563 502.684619 0.483563 -0.87531 459.187529 0 0 1
75 79 169 0.6127412412917871 0.7902836848911912 -231.87380744707863 -0.7902836848911912 0.612741241291787 421.2107497980122 0 0 1
80 81 336 -0.9776966580401552 -0.21001986626534214 381.47541996075813 0.21001986626534228 -0.9776966580401552 271.2912311316628 0 0 1
75 82 278 0.6504577020468705 -0.7595418023209155 359.7198461793172 0.7595418023209156 0.6504577020468704 2.2772352797895863 0 0 1
77 85 352 0.21949947501361602 -0.975612644993261 263.25704901052995 0.9756126449932608 0.21949947501361625 -131.94009529033656 0 0 1
79 83 195.0 0.894427 0.447214 -72.460041 -0.447214 0.894427 261.205262 0 0 1
78 98 163.0 0.171341 -0.985212 238.968652 0.985212 0.171341 -232.782808 0 0 1
79 119 167 -0.9128773334894592 -0.4082345164108174 494.7013727176644 0.4082345164108175 -0.9128773334894595 462.8510194535155 0 0 1
78 86 347 0.10288330838938996 0.994693014962332 85.16163432815372 -0.994693014962332 0.10288330838938985 336.6404160140012 0 0 1
81 97 295 0.9627652723727076 0.270338934578624 -5.318780007653138 -0.2703389345786238 0.9627652723727076 221.86017041453246 0 0 1
80 96 170 0.3970558776816804 0.9177942899361656 -123.8572499750613 -0.9177942899361656 0.3970558776816805 211.53241997560616 0 0 1
81 83 108.0 0.634183 0.773183 92.167146 -0.773183 0.634183 211.753276 0 0 1
81 85 376.0 0.334948 0.942237 -271.858656 -0.942237 0.334948 409.215676 0 0 1
82 83 302.0 -0.69978 0.714359 245.758121 -0.714359 -0.69978 731.663114 0 0 1
83 129 134 0.8314314791557224 0.5556266623992485 24.49090404353201 -0.5556266623992485 0.8314314791557218 8.053823735740917 0 0 1
83 88 341 -0.9960558083228864 0.08873232091094044 233.38349140076815 -0.08873232091094037 -0.996055808322886 341.13698242827724 0 0 1
84 88 467 -0.0011818293101926538 -0.9999993016394967 532.5324205229012 0.9999993016394969 -0.0011818293101927516 -175.25511598020438 0 0 1
81 101 226 -0.1066957437961498 -0.9942919635966021 402.2434723993904 0.9942919635966021 -0.10669574379615007 -157.24934963656295 0 0 1
82 85 322 -0.8800382013119864 0.4749028912025739 269.7556951902683 -0.4749028912025741 -0.8800382013119863 270.0451436138809 0 0 1
82 94 217 0.5619144356440042 0.8271951590283153 99.5307328382695 -0.8271951590283155 0.561914435644004 248.2600892251705 0 0 1
87 89 296 0.5487293820679006 0.8360002306533052 26.991193275069627 -0.8360002306533051 0.5487293820679007 442.84349146154625 0 0 1
84 98 321.0 0.83957 0.543251 85.489215 -0.543251 0.83957 256.279628 0 0 1
89 91 346 0.8199710869116055 -0.5724055807056743 309.6063413526637 0.5724055807056743 0.8199710869116055 -27.966160098613493 0 0 1
89 98 82.0 -0.613941 0.789352 363.156025 -0.789352 -0.613941 585.340826 0 0 1
90 91 275 0.6042784235646277 -0.7967732342481441 121.10459277279278 0.7967732342481437 0.6042784235646277 55.22576836473307 0 0 1
87 90 194 0.28437496621405606 0.9587127008581636 86.05910586173162 -0.9587127008581635 0.2843749662140561 266.31296105240364 0 0 1
85 95 234 -0.9999998202968828 0.0005995049643069799 286.2146366395468 -0.0005995049643068731 -0.9999998202968827 514.9344569452862 0 0 1
86 102 105.0 0.28097 -0.959717 213.057288 0.959717 0.28097 116.594991 0 0 1
82 98 114 -0.30831957130210513 -0.9512826206890811 437.75782570928834 0.951282620689081 -0.3083195713021054 -144.31119241362893 0 0 1
90 104 306 -0.9762549348396131 0.21662406623065036 515.7004527533229 -0.21662406623065059 -0.9762549348396135 586.6092798811485 0 0 1
86 92 192.0 -0.935864 0.352362 456.176837 -0.352362 -0.935864 608.5158 0 0 1
91 101 408 0.14896077150988757 0.988843544364921 139.24483855941648 -0.988843544364921 0.14896077150988757 348.3940537329671 0 0 1
92 97 223 -0.4706118909108259 -0.8823403409871595 599.2327773234061 0.8823403409871595 -0.4706118909108257 -65.24163256596553 0 0 1
89 112 119.0 -0.956352 -0.292219 416.522345 0.292219 -0.956352 527.014781 0 0 1
91 92 226 -0.8111464915304641 -0.5848421814565182 544.5084333776349 0.5848421814565183 -0.8111464915304641 457.75536661341596 0 0 1
95 97 156.0 -0.579379 0.815058 20.159384 -0.815058 -0.579379 328.939747 0 0 1
94 95 282 0.09505091706458667 -0.9954722481642474 564.1271697704836 0.9954722481642473 0.09505091706458649 -181.74108537213633 0 0 1
93 96 331.0 -0.863188 -0.504883 713.105404 0.504883 -0.863188 316.32862 0 0 1
88 102 100.0 0.546268 -0.837611 172.833407 0.837611 0.546268 95.634355 0 0 1
94 143 192 -0.19868552937079526 0.980063570999171 187.2656522437995 -0.9800635709991712 -0.1986855293707953 324.5287851399768 0 0 1
96 107 209.0 0.277161 -0.960824 264.090566 0.960824 0.277161 61.481286 0 0 1
94 103 351 0.27094666445884874 -0.9625943698898431 446.56714942084864 0.9625943698898433 0.27094666445884863 51.72426694514692 0 0 1
98 106 369 -0.7206438733801552 -0.6933056839552427 557.415716443987 0.6933056839552426 -0.7206438733801552 338.9684465768946 0 0 1
95 100 306.0 0.834114 0.551592 38.328966 -0.551592 0.834114 87.080821 0 0 1
96 98 354 0.38894258592219544 -0.921261838155774 178.48373297284945 0.9212618381557739 0.38894258592219577 -182.43388451837777 0 0 1
97 99 207 0.6479840869013157 0.7616539508547627 -84.92000422112336 -0.7616539508547628 0.6479840869013155 417.40454333412083 0 0 1
93 105 367 -0.057991935059266 -0.9983166771260922 461.00959200335444 0.9983166771260921 -0.057991935059265795 -133.7250425680691 0 0 1
94 101 149 0.36820569969991157 -0.9297445618348612 434.567296084952 0.9297445618348613 0.3682056996999117 48.72435440425236 0 0 1
93 94 268 -0.6167654467843506 0.7871470754038923 -52.01224565900748 -0.7871470754038924 -0.6167654467843505 485.5901014531837 0 0 1
99 100 290.0 -0.793309 -0.608819 377.559858 0.608819 -0.793309 38.876868 0 0 1
100 103 179.0 0.929129 -0.369755 117.423961 0.369755 0.929129 144.097494 0 0 1
99 102 422 -0.23776689867763046 0.9713217420269256 194.00639077478502 -0.9713217420269257 -0.23776689867763026 648.6319480985264 0 0 1
97 120 101.0 -0.406138 -0.913812 527.874817 0.913812 -0.406138 -55.314772 0 0 1
100 110 327.0 0.933346 0.358979 110.782035 -0.358979 0.933346 88.185453 0 0 1
99 113 226 0.9831313685260078 -0.18289898497580306 -75.08898531137373 0.18289898497580293 0.983131368526008 71.4223976302558 0 0 1
101 102 401 -0.9932863941438499 0.11568268464082285 221.33305215858553 -0.11568268464082287 -0.9932863941438499 535.1214375792106 0 0 1
101 104 392 -0.7428086062591781 0.6695041993925779 413.06938442947705 -0.6695041993925777 -0.7428086062591783 467.4722161908668 0 0 1
103 105 205 -0.8480340049357213 -0.5299427447967195 633.1659815536877 0.5299427447967195 -0.8480340049357212 472.5963565546564 0 0 1
101 115 266 0.5892708964257514 0.8079355334744174 -27.43322970996486 -0.8079355334744174 0.5892708964257515 413.85797057898344 0 0 1
102 116 239.0 -0.567777 -0.823183 422.930673 0.823183 -0.567777 30.524137 0 0 1
103 109 331 -0.916871988830124 -0.3991811248903099 641.0406452194163 0.3991811248903099 -0.9168719888301239 244.1926612090127 0 0 1
101 118 101.0 0.673884 0.738837 -237.475953 -0.738837 0.673884 288.234898 0 0 1
106 108 355 0.9607952333239134 -0.2772589396611893 112.2929142050548 0.27725893966118903 0.9607952333239133 -156.98307135210771 0 0 1
104 114 321.0 -0.998809 -0.048797 299.169318 0.048797 -0.998809 340.478546 0 0 1
106 124 157 -0.9318985696980423 0.36271919172376765 295.9049339517936 -0.3627191917237677 -0.9318985696980422 606.7249690268279 0 0 1
105 112 269 0.8391497246468574 0.5439002355681628 -230.08156677421152 -0.5439002355681629 0.8391497246468573 159.0620319034537 0 0 1
108 111 231 -0.9984864858605516 0.0550008723462414 188.40203480837252 -0.055000872346241354 -0.9984864858605512 409.54138503265716 0 0 1
107 111 271 0.8598235932622438 0.510591774276284 1.6862918740173911 -0.5105917742762839 0.8598235932622437 240.11632313201972 0 0 1
108 118 228.0 -0.906183 -0.422885 506.701783 0.422885 -0.906183 110.754094 0 0 1
109 112 269.0 0.716471 0.697617 -109.20234 -0.697617 0.716471 5.701857 0 0 1
109 110 268.0 -0.926092 -0.377297 507.927742 0.377297 -0.926092 529.598634 0 0 1
114 115 243 -0.029344609320050445 0.9995692858790994 -100.9472800795346 -0.9995692858790994 -0.029344609320050414 586.4313077445872 0 0 1
110 113 325.0 -0.351123 0.936329 192.846001 -0.936329 -0.351123 250.17081 0 0 1
112 125 174.0 0.850265 -0.526355 -3.880468 0.526355 0.850265 -187.208387 0 0 1
111 112 262 -0.6967904891025493 0.7172742987785288 438.6588507157026 -0.7172742987785286 -0.6967904891025493 511.31860128478604 0 0 1
108 134 104.0 -0.637474 0.770472 -28.982148 -0.770472 -0.637474 490.777993 0 0 1
113 116 144 0.9936638539239236 -0.11239434915535192 210.61417024852526 0.11239434915535194 0.9936638539239239 127.38421360354698 0 0 1
115 123 297 -0.041915669819777526 0.9991208094327532 -87.8818165335927 -0.9991208094327533 -0.04191566981977756 562.772782265718 0 0 1
110 120 309.0 -0.69695 0.717119 399.521796 -0.717119 -0.69695 579.885308 0 0 1
111 117 278.0 0.51399 -0.857796 296.560909 0.857796 0.51399 97.924839 0 0 1
114 124 343 -0.6337619604203363 -0.77352753455916 641.3075520578832 0.7735275345591599 -0.6337619604203363 269.7467353065708 0 0 1
113 121 332.0 0.040301 -0.999188 315.203971 0.999188 0.040301 128.87555 0 0 1
116 119 227.0 0.999883 -0.015315 -81.555297 0.015315 0.999883 138.272859 0 0 1
111 139 98 0.9123775082610461 0.4093504123612979 -350.96240167775017 -0.4093504123612979 0.9123775082610461 82.72032369396544 0 0 1
117 118 417 0.05278709841567075 0.9986056604089795 -122.95892406304554 -0.9986056604089795 0.052787098415670676 623.086577701104 0 0 1
118 133 211 0.9999990824714177 -0.0012798208171156385 -73.10800375751592 0.0012798208171156615 0.9999990824714173 192.17632045247203 0 0 1
118 149 91.0 -0.996729 -0.080816 540.089531 0.080816 -0.996729 161.22274 0 0 1
117 125 232 -0.9554377885875424 0.2951927679533272 480.8578170104074 -0.29519276795332744 -0.9554377885875421 270.2673922046141 0 0 1
119 129 339.0 -0.740819 -0.671705 429.375025 0.671705 -0.740819 377.789185 0 0 1
119 123 286 -0.11982837343905715 0.9927945604982685 187.1812653490487 -0.9927945604982684 -0.11982837343905724 525.9474900269197 0 0 1
117 119 138.0 -0.033315 -0.999445 302.126071 0.999445 -0.033315 233.375331 0 0 1
119 121 355 0.21243072967289836 -0.9771761239999879 172.79883021047294 0.977176123999988 0.2124307296728983 -150.22463311943602 0 0 1
117 131 287.0 -0.453926 -0.891039 676.533076 0.891039 -0.453926 206.653178 0 0 1
120 121 211.0 -0.407283 -0.913302 617.189413 0.913302 -0.407283 341.457183 0 0 1
123 124 234 0.7064407031492136 0.7077726695995291 -205.2191762718652 -0.7077726695995291 0.7064407031492138 363.1625227579252 0 0 1
120 122 248.0 -0.921186 -0.389122 402.240912 0.389122 -0.921186 140.459218 0 0 1
120 134 257.0 -0.287348 -0.957826 320.852605 0.957826 -0.287348 178.966847 0 0 1
125 128 258 -0.780738896626631 -0.624858430160969 346.73481280865474 0.6248584301609688 -0.7807388966266311 196.5226909463269 0 0 1
126 127 379 0.30969906651550405 -0.9508345671837061 529.57819031836 0.9508345671837061 0.3096990665155039 -3.122776727357155 0 0 1
122 130 124.0 -0.52145 -0.853282 679.158293 0.853282 -0.52145 158.008367 0 0 1
124 126 315.0 0.914023 0.405662 -91.136634 -0.405662 0.914023 -60.471792 0 0 1
121 132 194.0 -0.973417 0.229039 526.200849 -0.229039 -0.973417 593.242024 0 0 1
126 135 293.0 -0.891453 -0.453114 552.936464 0.453114 -0.891453 152.685409 0 0 1
128 130 352 -0.9932021580435413 -0.11640533209287851 585.1599354573901 0.11640533209287846 -0.9932021580435413 290.722307377137 0 0 1
129 132 286 -0.6837382303668871 -0.7297270869474136 613.8915753444119 0.7297270869474134 -0.6837382303668871 406.00153519487253 0 0 1
129 136 383 -0.5554214321770592 -0.8315687212554261 641.5902696611331 0.8315687212554262 -0.555421432177059 113.03918723228757 0 0 1
130 134 332 -0.9866536388956426 0.16283007533618038 163.64212466688377 -0.1628300753361802 -0.986653638895643 579.9307078356017 0 0 1
128 131 280.0 -0.789352 -0.613941 343.738655 0.613941 -0.789352 395.730653 0 0 1
131 133 250.0 -0.910058 -0.414482 723.404177 0.414482 -0.910058 306.918582 0 0 1
133 143 289.0 -0.8 -0.6 453.8 0.6 -0.8 406.4 0 0 1
132 140 192 0.21634251065158647 -0.9763173674343645 253.33797018191154 0.9763173674343644 0.2163425106515866 -100.30921571566604 0 0 1
131 139 294.0 0.883884 0.467706 -75.392617 -0.467706 0.883884 -35.34627 0 0 1
132 134 308 -0.9276552727931235 -0.37343876240839885 597.0472617670689 0.3734387624083985 -0.9276552727931233 113.72288900531166 0 0 1
136 138 203 -0.9667729513925808 -0.25563855250074863 359.35773887715555 0.2556385525007487 -0.966772951392581 518.5707991444972 0 0 1
135 147 361 -0.9999999175880104 -0.00040598518697883404 335.65055633739576 0.00040598518697894674 -0.9999999175880103 546.3383749761026 0 0 1
134 142 215 0.7273319926967884 -0.6862859323239249 305.0435602106112 0.6862859323239249 0.7273319926967884 21.088929021278716 0 0 1
137 141 414 -0.9440516635733052 0.32979887041115696 189.4007824280946 -0.3297988704111569 -0.9440516635733052 375.63230355394785 0 0 1
133 139 83.0 -0.987241 -0.159232 670.909917 0.159232 -0.987241 451.600722 0 0 1
136 145 385 0.3331672176610568 0.9428674144735251 -170.9572722281734 -0.9428674144735253 0.3331672176610567 240.54638221389206 0 0 1
130 137 205 -0.3021283730941961 -0.9532671882129659 403.50729402914396 0.9532671882129663 -0.3021283730941963 -56.34514064143503 0 0 1
136 140 251 -0.0018256833507213027 -0.9999983334387628 544.7167780510206 0.9999983334387628 -0.001825683350721109 -186.56798304285206 0 0 1
137 142 132.0 -0.576221 -0.817294 698.528744 0.817294 -0.576221 337.987382 0 0 1
141 150 226 -0.13316795543831722 0.9910939022052239 82.98753148817956 -0.9910939022052238 -0.13316795543831692 328.4387990103722 0 0 1
137 149 378.0 0.210153 0.977669 -131.350196 -0.977669 0.210153 495.700375 0 0 1
139 141 331 0.994847270085304 -0.10138144889879012 -154.070909936056 0.1013814488987902 0.9948472700853039 -120.02342935928826 0 0 1
139 143 289 0.8461936720676574 0.53287556946219 119.69773889257085 -0.5328755694621898 0.8461936720676575 241.62278385417906 0 0 1
139 151 262 0.5604234866952682 -0.8282064658926049 332.7278834492722 0.8282064658926047 0.5604234866952681 -211.7775656812378 0 0 1
143 152 354 0.5918023866510995 -0.806083226503977 373.0209895791749 0.806083226503977 0.5918023866510996 -163.04316473551515 0 0 1
142 148 356 -0.8866305454157943 -0.46247856002704757 635.9103501323322 0.4624785600270477 -0.8866305454157942 308.40942340334254 0 0 1
140 146 290 -0.9423033787768854 0.3347599764094652 263.75562568072894 -0.3347599764094652 -0.9423033787768855 591.9215740194212 0 0 1
144 147 399 -0.9994842138128993 -0.03211014792571244 584.1423908469214 0.03211014792571247 -0.9994842138128993 566.3876158969429 0 0 1
144 145 381 -0.9133755153687112 0.4071191653434424 175.2275574841551 -0.4071191653434425 -0.9133755153687112 367.4167524302826 0 0 1
145 146 401 0.9999998459908601 -0.0005549939249809892 192.34645652674084 0.000554993924980804 0.9999998459908599 61.22780105255475 0 0 1
146 148 257.0 0.213785 -0.976881 613.386457 0.976881 0.213785 23.963094 0 0 1
148 149 338 0.9999975520651165 0.0022126598866823925 124.8302124691626 -0.002212659886682404 0.9999975520651166 -213.85507105702555 0 0 1
149 150 312 -0.9998104546397757 0.019483425084013992 518.8909453323549 -0.019483425084014017 -0.9998104546397757 251.89801419463475 0 0 1
150 151 389 -0.8319028104110069 -0.5549210822092349 417.655887979 0.5549210822092348 -0.8319028104110069 442.33008043353635 0 0 1
151 152 337 0.8163382349029141 0.5775730978539382 104.94934189112921 -0.5775730978539383 0.8163382349029139 55.15650009942248 0 0 1
