1
-0.7635837908694245 -0.6457087534806066 395.7932507630817 0.6457087534806066 -0.7635837908694245 134.78419551990146 0 0 1
2
-0.8834996319896711 -0.46843185232658524 386.48930338583693 0.46843185232658524 -0.8834996319896711 429.5320387377319 0 0 1
3
-0.7666757934241453 0.6420344443855465 108.23556936877947 -0.6420344443855465 -0.7666757934241453 844.6683460101789 0 0 1
4
-0.4392528513033 -0.898363474670426 358.41870192136423 0.898363474670426 -0.4392528513033 658.0207712877515 0 0 1
5
0.3525993222242791 -0.9357743948019623 184.59105306791304 0.9357743948019623 0.3525993222242791 698.1438376978713 0 0 1
6
0.8996191323421783 0.43667541346394384 -224.1351800754132 -0.43667541346394384 0.8996191323421783 1098.1985723006187 0 0 1
7
0.9966030104802218 -0.08235556752132116 -123.60607651468419 0.08235556752132116 0.9966030104802218 1183.0633850186691 0 0 1
8
-0.441297411506992 -0.8973609054317156 364.6422089833528 0.8973609054317156 -0.441297411506992 1528.6743805531469 0 0 1
9
0.986594575445009 0.163190513518656 -165.12890158270613 -0.163190513518656 0.986594575445009 1662.8798287167972 0 0 1
10
0.5137764770135508 0.8579240826947011 -54.729770057420026 -0.8579240826947011 0.5137764770135508 1067.3196614186068 0 0 1
11
-0.537374616637848 0.8433436555718705 179.86964114865216 -0.8433436555718705 -0.537374616637848 1504.6640693889847 0 0 1
12
0.7764213624857494 -0.6302141444586692 214.13855173319126 0.6302141444586692 0.7764213624857494 1118.7766837604222 0 0 1
13
0.511886981541003 -0.8590528028758424 306.96706867632304 0.8590528028758424 0.511886981541003 457.43341624258665 0 0 1
14
0.7123217899397165 -0.7018530241988549 251.25444974858516 0.7018530241988549 0.7123217899397165 1329.1595023672764 0 0 1
15
0.057471508692689514 0.9983471468825792 14.026898379104864 -0.9983471468825792 0.057471508692689514 2041.3178243917314 0 0 1
16
0.9315046612482569 0.36372938577020425 -31.327703085459923 -0.36372938577020425 0.9315046612482569 431.71220340995774 0 0 1
17
0.6240346865399539 0.7813966406345637 -41.96501967893403 -0.7813966406345637 0.6240346865399539 136.2541391532938 0 0 1
18
-0.9984102141195731 -0.056365276027961486 481.74934263664613 0.056365276027961486 -0.9984102141195731 533.5686392206507 0 0 1
19
-0.4860268118502781 0.873943898750174 337.2917848599723 -0.873943898750174 -0.4860268118502781 617.2137174237969 0 0 1
20
-0.779284248564795 -0.6266706151869599 734.0773182747514 0.6266706151869599 -0.779284248564795 798.2356243595457 0 0 1
21
0.016621578834667382 0.9998618520160888 201.4643040825128 -0.9998618520160888 0.016621578834667382 318.4050385974149 0 0 1
22
-0.21155423068373932 0.9773662606616883 269.23331956972993 -0.9773662606616883 -0.21155423068373932 778.5234453935942 0 0 1
23
0.4332872743592525 -0.9012558670423898 524.879263130533 0.9012558670423898 0.4332872743592525 1556.2404961693478 0 0 1
24
-0.13931610035118347 0.9902479609587383 253.97511589967945 -0.9902479609587383 -0.13931610035118347 1241.7914911509783 0 0 1
25
0.8846173995239394 -0.46631754895082284 339.7746820520665 0.46631754895082284 0.8846173995239394 1348.7244535521636 0 0 1
26
0.8574537645035415 0.5145610184795436 150.20282905012826 -0.5145610184795436 0.8574537645035415 1351.9495059778524 0 0 1
27
-0.964026098385719 0.26580760265878045 602.2678673334283 -0.26580760265878045 -0.964026098385719 1498.2993288740452 0 0 1
28
-0.5248633693657827 -0.8511864916092113 866.6626951791362 0.8511864916092113 -0.5248633693657827 35.503690278784575 0 0 1
29
0.9457786450802396 0.32481187556828367 294.95833332089177 -0.32481187556828367 0.9457786450802396 1293.3026279396854 0 0 1
30
0.8573155445459871 0.5147912752561153 268.18308715244905 -0.5147912752561153 0.8573155445459871 438.02854423732254 0 0 1
31
-0.9592593080974867 0.2825271311366945 716.65905195809 -0.2825271311366945 -0.9592593080974867 1905.8631912157318 0 0 1
32
0.718201631516873 0.6958350497686229 261.1891318642612 -0.6958350497686229 0.718201631516873 1839.7023682150004 0 0 1
33
0.5908996436440674 -0.8067450719659303 614.7988443750396 0.8067450719659303 0.5908996436440674 -0.2947914983445088 0 0 1
34
-0.11233480503705778 0.9936704139589174 378.45351188626114 -0.9936704139589174 -0.11233480503705778 1464.7381194746367 0 0 1
35
-0.03708333982283635 0.9993121764031418 368.10191455352447 -0.9993121764031418 -0.03708333982283635 1242.8068382304723 0 0 1
36
-0.5343972740224929 -0.8452334313769946 873.43078630819 0.8452334313769946 -0.5343972740224929 703.8256442474594 0 0 1
37
0.4335028798030174 -0.9011521809342141 821.8107750926417 0.9011521809342141 0.4335028798030174 221.21648947186384 0 0 1
38
0.9877247992743566 -0.15620410013322905 537.1388100342281 0.15620410013322905 0.9877247992743566 522.1272510770729 0 0 1
39
0.6637194584174307 -0.747981604398178 721.5742303128702 0.747981604398178 0.6637194584174307 721.690122026052 0 0 1
40
-0.8975028448457149 0.4410086660076518 801.4180013607646 -0.4410086660076518 -0.8975028448457149 1528.6107190780472 0 0 1
41
0.9182921844785066 0.3959033517484947 412.60505747930824 -0.3959033517484947 0.9182921844785066 1734.4475953794124 0 0 1
42
-0.29297818127697933 0.9561191271466299 564.2562671109599 -0.9561191271466299 -0.29297818127697933 1691.4313726568644 0 0 1
43
-0.06860545770119365 0.9976438699123098 536.2212605807156 -0.9976438699123098 -0.06860545770119365 526.2104807730965 0 0 1
44
-0.26727406453553043 0.9636205552117789 553.1336777499448 -0.9636205552117789 -0.26727406453553043 1891.526895935798 0 0 1
45
-0.966771563250961 -0.25564182852047707 999.7076725349734 0.25564182852047707 -0.966771563250961 269.0373280996888 0 0 1
46
-0.2110747977586119 0.9774699124531461 725.1082478980225 -0.9774699124531461 -0.2110747977586119 1491.442840340422 0 0 1
47
-0.9938832071111539 -0.11043627403370358 1127.376528705572 0.11043627403370358 -0.9938832071111539 1214.999367145113 0 0 1
48
0.9493854693786311 0.3141134039367253 622.479491673856 -0.3141134039367253 0.9493854693786311 1698.2341419627112 0 0 1
49
0.23402629242853445 -0.9722302682246393 1060.8447528082645 0.9722302682246393 0.23402629242853445 1375.7579677398942 0 0 1
50
0.4939807456409622 0.8694728419772517 609.0392054558931 -0.8694728419772517 0.4939807456409622 1538.0430546641342 0 0 1
51
0.8061930038820982 0.591652634990802 606.662110461763 -0.591652634990802 0.8061930038820982 721.4810908728169 0 0 1
52
0.8254572034648355 0.5644647068223249 602.3617502434041 -0.5644647068223249 0.8254572034648355 68.51710947018145 0 0 1
53
0.6372413364183855 0.7706643102932106 606.5042387803626 -0.7706643102932106 0.6372413364183855 542.11922789615 0 0 1
54
0.15322825200557688 0.9881908230637013 664.6656083976399 -0.9881908230637013 0.15322825200557688 491.59947149196773 0 0 1
55
-0.22183002431871632 0.9750853502697894 886.9267325834949 -0.9750853502697894 -0.22183002431871632 1029.2383478492345 0 0 1
56
0.1888532877712332 0.982005313477476 795.3508300321519 -0.982005313477476 0.1888532877712332 695.631109513989 0 0 1
57
-0.8125435503284624 -0.5829004879219244 1359.822746204708 0.5829004879219244 -0.8125435503284624 185.7584368862024 0 0 1
58
-0.993006844115525 -0.11805679793948982 1287.8231512208006 0.11805679793948982 -0.993006844115525 513.1767849047594 0 0 1
59
-0.8637914972133893 0.5038494312211251 1155.7075731553407 -0.5038494312211251 -0.8637914972133893 1534.8589791492034 0 0 1
60
0.29080176509546485 0.9567833262642917 820.8929979033322 -0.9567833262642917 0.29080176509546485 1599.3530448707133 0 0 1
61
0.4134870068718422 -0.9105100192464469 1171.1114361543528 0.9105100192464469 0.4134870068718422 742.502637897627 0 0 1
62
0.6305791298903634 -0.7761249647748178 1111.7195815827154 0.7761249647748178 0.6305791298903634 1528.7619716943186 0 0 1
63
-0.5419677262552245 0.8403993001530534 1026.4864273989156 -0.8403993001530534 -0.5419677262552245 1938.0177271645757 0 0 1
64
0.545636354403307 0.8380220574385073 934.7052706599309 -0.8380220574385073 0.545636354403307 590.2167333010505 0 0 1
65
-0.9982143703402159 0.059733331116609105 1416.8041829134636 -0.059733331116609105 -0.9982143703402159 558.429781962489 0 0 1
66
0.9999343961145192 0.011454408194744808 1018.5571014756629 -0.011454408194744808 0.9999343961145192 781.4710425912084 0 0 1
67
0.5918136660576788 -0.8060748009132714 1287.4590134265245 0.8060748009132714 0.5918136660576788 481.65292383473115 0 0 1
68
-0.5724061750967894 0.8199702255027701 1179.3975111879172 -0.8199702255027701 -0.5724061750967894 1513.1647379286055 0 0 1
69
-0.9902271654337721 -0.1394638334371928 1470.818719257822 0.1394638334371928 -0.9902271654337721 2018.9887347132662 0 0 1
70
-0.8826417195035687 0.47004637536288224 1313.0017013181773 -0.47004637536288224 -0.8826417195035687 426.65159634885373 0 0 1
71
-0.7961652744465364 0.605079214454993 1291.487959868186 -0.605079214454993 -0.7961652744465364 1936.0669428693782 0 0 1
72
-0.8265434241395928 -0.5628729590339167 1561.5298141907178 0.5628729590339167 -0.8265434241395928 1513.0573147651676 0 0 1
73
0.9601986551362914 -0.27931799561513615 1245.4510985327122 0.27931799561513615 0.9601986551362914 -129.37632158618123 0 0 1
74
-0.8806703998203522 0.4737295081375667 1479.7888212659575 -0.4737295081375667 -0.8806703998203522 621.0187802569736 0 0 1
75
-0.6988783325593022 -0.7152405723105544 1685.8285050945842 0.7152405723105544 -0.6988783325593022 1819.9902995733564 0 0 1
76
0.7348135858725434 0.6782691162194652 1078.3937604012642 -0.6782691162194652 0.7348135858725434 1200.3712112594148 0 0 1
77
-0.01346141294667501 0.9999093910757509 1176.9069086913132 -0.9999093910757509 -0.01346141294667501 1839.8680374628104 0 0 1
78
-0.7474736396014079 -0.6642914707423427 1690.3236161687346 0.6642914707423427 -0.7474736396014079 985.3425752202695 0 0 1
79
0.814716599512685 -0.579859347151089 1350.1231193684375 0.579859347151089 0.814716599512685 229.36345944062046 0 0 1
80
-0.10340075125965238 0.9946397763205227 1198.3292291244434 -0.9946397763205227 -0.10340075125965238 1672.0296931659475 0 0 1
81
-0.47538690137932377 -0.8797768432943465 1685.1826232325022 0.8797768432943465 -0.47538690137932377 678.7583574592277 0 0 1
82
0.2801676208070643 0.9599510947185326 1266.4945355197594 -0.9599510947185326 0.2801676208070643 884.3135551540099 0 0 1
83
0.9905099948091178 -0.1374407151583593 1350.5166395149122 0.1374407151583593 0.9905099948091178 956.5545727119761 0 0 1
84
-0.5735270541088051 0.8191866198890676 1481.8060231401337 -0.8191866198890676 -0.5735270541088051 1716.2370830725436 0 0 1
85
0.8566532897244588 0.5158925675024428 1255.0889136248297 -0.5158925675024428 0.8566532897244588 1755.4068250833775 0 0 1
86
-0.8062025635195763 0.5916396086930484 1579.5237538102901 -0.5916396086930484 -0.8062025635195763 1260.337145939608 0 0 1
87
0.6665561384665312 0.7454548371783407 1224.623645724175 -0.7454548371783407 0.6665561384665312 552.4237708736832 0 0 1
88
0.8396801581239711 -0.5430812389071296 1470.8795318279874 0.5430812389071296 0.8396801581239711 -160.1023196631711 0 0 1
89
0.5003746237012394 -0.8658090066266595 1627.8856751375026 0.8658090066266595 0.5003746237012394 1330.4536112946657 0 0 1
90
0.91677079071251 0.3994137169606963 1252.1784231040972 -0.3994137169606963 0.91677079071251 225.52690768023595 0 0 1
91
0.7445892748053238 0.667522892375147 1398.6019401397891 -0.667522892375147 0.7445892748053238 115.96926096872707 0 0 1
92
0.9821881189703382 -0.1879002367042384 1524.1252492539215 0.1879002367042384 0.9821881189703382 77.51604770780332 0 0 1
93
-0.8898915473467467 -0.4561721538638817 1981.2306639096796 0.4561721538638817 -0.8898915473467467 619.5328099020745 0 0 1
94
0.16542032754820057 -0.9862231569142179 1904.5622068990108 0.9862231569142179 0.16542032754820057 1188.4724725828112 0 0 1
95
0.6605253659422319 0.7508037299766701 1414.7699089253956 -0.7508037299766701 0.6605253659422319 1220.864709085387 0 0 1
96
0.8019060970897659 -0.597450091179388 1656.644186732224 0.597450091179388 0.8019060970897659 675.3380976162665 0 0 1
97
-0.6435155412667722 0.7654330461563135 1712.3486952011933 -0.7654330461563135 -0.6435155412667722 1944.719472002252 0 0 1
98
0.011857618773564957 0.9999296959671818 1478.4716209881099 -0.9999296959671818 0.011857618773564957 952.4414605580308 0 0 1
99
0.4450235865272073 0.8955188481737619 1460.953647756642 -0.8955188481737619 0.4450235865272073 1929.1312336231858 0 0 1
100
-0.758512966163029 0.65165794721047 1897.4204015653238 -0.65165794721047 -0.758512966163029 1041.9816609186155 0 0 1
101
0.9986284121655093 -0.0523573721245968 1635.5248619112242 0.0523573721245968 0.9986284121655093 768.0635492697722 0 0 1
102
0.33845432018394156 0.9409828229828778 1595.0607327907173 -0.9409828229828778 0.33845432018394156 445.7423638503718 0 0 1
103
-0.45215322590389934 -0.8919402784406013 2173.8080566818953 0.8919402784406013 -0.45215322590389934 422.1656772308774 0 0 1
104
0.9019058851244545 -0.4319326039764471 1748.6907311937525 0.4319326039764471 0.9019058851244545 919.3916440878565 0 0 1
105
-0.8741307343139423 -0.48569070335736103 2174.1816983804947 0.48569070335736103 -0.8741307343139423 208.82038664018665 0 0 1
106
-0.9938158480607375 -0.11104080395655044 2114.491751857708 0.11104080395655044 -0.9938158480607375 1620.855246960348 0 0 1
107
0.29498828055343196 -0.9555008709237944 2015.1799506344428 0.9555008709237944 0.29498828055343196 1582.2700770081349 0 0 1
108
0.5482170230079273 0.8363361140619994 1590.5133520985007 -0.8363361140619994 0.5482170230079273 1706.3015450310984 0 0 1
109
0.009243720738758926 -0.9999572759007775 2201.008057582253 0.9999572759007775 0.009243720738758926 1646.0263862208194 0 0 1
110
-0.9987541823028401 0.049900734790034464 2219.0290644914967 -0.049900734790034464 -0.9987541823028401 1421.4364797164217 0 0 1
111
0.9460380482477642 0.32405556817860887 1740.064919276543 -0.32405556817860887 0.9460380482477642 865.0847580251661 0 0 1
112
0.054969331154770214 0.9984880433096819 1791.533393177375 -0.9984880433096819 0.054969331154770214 1835.8847637572285 0 0 1
113
-0.7613846090460987 -0.6483004528054253 2325.877445767152 0.6483004528054253 -0.7613846090460987 1428.7565515136246 0 0 1
114
-0.6230458106427645 0.7821853474979574 2000.364569344561 -0.7821853474979574 -0.6230458106427645 1037.9220834211849 0 0 1
115
0.853402831612909 0.5212519611426597 1748.6365469539305 -0.5212519611426597 0.853402831612909 56.25363828413154 0 0 1
116
-0.5592786647269156 0.8289797194028805 1975.6491237720056 -0.8289797194028805 -0.5592786647269156 612.2814233958413 0 0 1
117
-0.4909578787704968 0.8711833109473426 1959.9416447980666 -0.8711833109473426 -0.4909578787704968 787.6792851944765 0 0 1
118
0.8783713707606651 0.47797880186053265 1905.562887972753 -0.47797880186053265 0.8783713707606651 1547.6157939709217 0 0 1
119
-0.42420841810790855 0.9055645852209471 2093.2491021542533 -0.9055645852209471 -0.42420841810790855 2153.7363092140395 0 0 1
120
-0.4776993196137974 0.8785233975487021 2121.523235282963 -0.8785233975487021 -0.4776993196137974 790.4097728313561 0 0 1
121
-0.8922889240787867 0.4514648114375264 2307.0567721615503 -0.4514648114375264 -0.8922889240787867 1284.7351762682492 0 0 1
122
0.7598829431692187 0.6500599300683638 1906.0672536905386 -0.6500599300683638 0.7598829431692187 709.9429636898667 0 0 1
123
0.9980220473644362 -0.06286487870424182 2011.9087873223882 0.06286487870424182 0.9980220473644362 979.9397543582686 0 0 1
124
-0.7960686770015426 -0.6052062966435608 2493.0734818468745 0.6052062966435608 -0.7960686770015426 364.4399805867871 0 0 1
125
-0.12222339752458442 -0.992502615159047 2434.608729720639 0.992502615159047 -0.12222339752458442 -53.17489218259223 0 0 1
126
-0.9814834392604197 -0.19154701370039154 2458.115032160094 0.19154701370039154 -0.9814834392604197 1555.941363282626 0 0 1
127
0.3119001993568683 -0.9501148697084715 2501.397046790419 0.9501148697084715 0.3119001993568683 -141.20223231451538 0 0 1
128
-0.805529299360157 -0.5925559449303791 2670.38928490032 0.5925559449303791 -0.805529299360157 361.18278452518734 0 0 1
129
0.6278442826827788 0.778338972879135 2082.8736916819694 -0.778338972879135 0.6278442826827788 1435.7811110471184 0 0 1
130
0.941476217162669 -0.33707941574215255 2251.856886095299 0.33707941574215255 0.941476217162669 231.24981674191577 0 0 1
131
-0.5384971973382623 -0.8426273010405233 2678.7512049022494 0.8426273010405233 -0.5384971973382623 1164.264092755865 0 0 1
132
-0.002784157495915588 -0.9999961242260081 2605.5963704293526 0.9999961242260081 -0.002784157495915588 1413.598033136395 0 0 1
133
-0.8968387584014951 -0.44235759451925855 2689.7576177015017 0.44235759451925855 -0.8968387584014951 825.9862096527397 0 0 1
134
-0.40539450928770704 0.9141418335462934 2294.3736989465333 -0.9141418335462934 -0.40539450928770704 2136.540545537893 0 0 1
135
0.6776625985715732 0.7353729682937922 2102.4038709073793 -0.7353729682937922 0.6776625985715732 984.878874305416 0 0 1
136
-0.6919213534871588 0.7219728807846582 2523.0539473946865 -0.7219728807846582 -0.6919213534871588 433.78031325130473 0 0 1
137
-0.7970808169477706 -0.6038726448961524 2819.0045175655214 0.6038726448961524 -0.7970808169477706 549.9431529050721 0 0 1
138
-0.6639018400372417 0.747819728808464 2519.4996128585726 -0.747819728808464 -0.6639018400372417 1532.3142765174039 0 0 1
139
0.6309412937110724 0.7758305767950875 2219.747433776429 -0.7758305767950875 0.6309412937110724 348.5787512215212 0 0 1
140
0.4768916340544206 -0.8789620977999589 2638.744114473418 0.8789620977999589 0.4768916340544206 1335.6693745172356 0 0 1
141
-0.6097519922879697 0.7925922709065814 2502.2807602363077 -0.7925922709065814 -0.6097519922879697 1028.3028444552313 0 0 1
142
0.3695518284128065 -0.9292101194653186 2677.546703430764 0.9292101194653186 0.3695518284128065 1144.9155621801422 0 0 1
143
0.998303399392418 0.05822647818254478 2325.8743412601707 -0.05822647818254478 0.998303399392418 773.8535004004822 0 0 1
144
0.8678412967704376 -0.4968415075452183 2485.9205452111905 0.4968415075452183 0.8678412967704376 1556.7755384742918 0 0 1
145
-0.6653297776861005 0.7465495877195059 2654.0783507478345 -0.7465495877195059 -0.6653297776861005 628.3481238795025 0 0 1
146
0.3088886990219089 -0.951098192415774 2809.2539363329843 0.951098192415774 0.3088886990219089 253.23281178661702 0 0 1
147
0.31595334076011683 -0.9487747290387332 2808.2401877857633 0.9487747290387332 0.31595334076011683 455.2158290281467 0 0 1
148
0.6944472101666055 -0.7195436555844394 2684.8831875421256 0.7195436555844394 0.6944472101666055 -184.80104070359914 0 0 1
149
-0.8613649587965106 -0.5079866216323865 2979.2259140019983 0.5079866216323865 -0.8613649587965106 1046.2996533217047 0 0 1
150
-0.8651802333694429 -0.5014610291805299 2978.644550816969 0.5014610291805299 -0.8651802333694429 1297.517769298522 0 0 1
151
0.8764850812003482 0.48142902117884323 2404.2274250396636 -0.48142902117884323 0.8764850812003482 1339.760475125387 0 0 1
152
-0.4568346210140088 -0.8895516449554725 2984.2998540504536 0.8895516449554725 -0.4568346210140088 1525.6821983645561 0 0 1
153
0.12261081082528506 -0.992454829737236 2889.081542056613 0.992454829737236 0.12261081082528506 1599.3184200993392 0 0 1
