1 
1 0 652.240861  0 1 652.070234  0 0 1
2 
0.956305 -0.292372 847.573667  0.292372 0.956305 600.540161  0 0 1
3 
-0.156434 0.987688 996.513383  -0.987688 -0.156434 909.543488  0 0 1
4 
0.933580 -0.358368 1023.617904  0.358368 0.933580 769.383022  0 0 1
5 
-0.984808 0.173648 1064.138028  -0.173648 -0.984808 1200.183785  0 0 1
6 
-0.996195 -0.087156 886.301385  0.087156 -0.996195 1154.536373  0 0 1
7 
-0.999848 0.017452 1072.973850  -0.017452 -0.999848 1367.818666  0 0 1
8 
0 1 652.022095  -1 0 1362.851929  0 0 1
9 
-0.087156 -0.996195 1213.877752  0.996195 -0.087156 1129.189068  0 0 1
