1 
1 0 652.297566  0 1 652.020872  0 0 1
2 
-0.857167 -0.515038 1113.033757  0.515038 -0.857167 817.650285  0 0 1
3 
-0.857167 0.515038 1143.540981  -0.515038 -0.857167 987.841692  0 0 1
4 
0.809017 0.587785 731.284425  -0.587785 0.809017 923.905693  0 0 1
5 
-0.731354 -0.681998 1313.939220  0.681998 -0.731354 1015.117394  0 0 1
6 
0.719340 -0.694658 782.259493  0.694658 0.719340 761.431513  0 0 1
7 
0.342020 -0.939693 997.918236  0.939693 0.342020 1006.252669  0 0 1
8 
-0.798636 -0.601815 1017.043918  0.601815 -0.798636 1247.350766  0 0 1
9 
-0.891007 -0.453990 1293.217522  0.453990 -0.891007 1304.611429  0 0 1
