1 
1 0 652.370741  0 1 652.353852  0 0 1
2 
0.997564 0.069756 817.625297  -0.069756 0.997564 653.675383  0 0 1
3 
-0.190809 0.981627 995.667914  -0.981627 -0.190809 959.969546  0 0 1
4 
0.573576 0.819152 530.088170  -0.819152 0.573576 1055.068256  0 0 1
5 
0.438371 -0.898794 1157.949484  0.898794 0.438371 824.281055  0 0 1
6 
0.829038 0.559193 757.130966  -0.559193 0.829038 957.909340  0 0 1
7 
-0.974370 -0.224951 987.235993  0.224951 -0.974370 1348.452622  0 0 1
8 
-0.974370 -0.224951 1032.751713  0.224951 -0.974370 1345.210087  0 0 1
9 
0.992546 -0.121869 953.031649  0.121869 0.992546 1146.838258  0 0 1
