1 
1 0 651.559203  0 1 651.857211  0 0 1
2 
-0.987688 0.156434 1041.916997  -0.156434 -0.987688 960.063460  0 0 1
3 
0.819152 0.573576 882.547383  -0.573576 0.819152 737.525168  0 0 1
4 
-0.913545 0.406737 837.583227  -0.406737 -0.913545 1225.018098  0 0 1
5 
0.866025 0.500000 720.349051  -0.500000 0.866025 950.565872  0 0 1
6 
-0.069756 -0.997564 1210.398854  0.997564 -0.069756 902.347614  0 0 1
7 
-0.951057 0.309017 1022.781020  -0.309017 -0.951057 1423.202465  0 0 1
8 
-0.422618 -0.906308 1289.740021  0.906308 -0.422618 1144.327814  0 0 1
9 
0.374607 -0.927184 833.862770  0.927184 0.374607 1041.115586  0 0 1
