1
-0.7366265875632338 -0.6762996898527643 280.00357299947973 0.6762996898527643 -0.7366265875632338 90.35066914512277 0 0 1
2
0.3637822887457844 0.9314840022216585 -139.76627509995365 -0.9314840022216585 0.3637822887457844 315.9937655887605 0 0 1
3
-0.19729246029144393 -0.9803446766888414 246.5337562319442 0.9803446766888414 -0.19729246029144393 275.62690645840337 0 0 1
4
-0.9299369065211928 -0.3677191182000121 266.13668383178674 0.3677191182000121 -0.9299369065211928 636.1437571897831 0 0 1
5
0.6251557915149467 0.7804999912462014 -154.87664632797794 -0.7804999912462014 0.6251557915149467 734.0783509583445 0 0 1
6
-0.27940463980483005 0.9601734464436794 -40.51916502902165 -0.9601734464436794 -0.27940463980483005 1057.134603368519 0 0 1
7
-0.2548508381792137 0.9669803774013991 -37.3800785794387 -0.9669803774013991 -0.2548508381792137 1215.383838414995 0 0 1
8
-0.9785446817211403 0.20603472007230272 195.73904405556982 -0.20603472007230272 -0.9785446817211403 1375.6098072779837 0 0 1
9
-0.3656007478560578 -0.9307717728675979 277.9377407121666 0.9307717728675979 -0.3656007478560578 1269.3984911232112 0 0 1
10
-0.9940296487789484 0.10911029900243403 214.16249921535973 -0.10911029900243403 -0.9940296487789484 1671.9866919061142 0 0 1
11
0.02620360772407453 -0.9996566265184474 311.8852179131278 0.9996566265184474 0.02620360772407453 529.9916636924091 0 0 1
12
0.5807898250475666 -0.8140535480674579 208.15587706808316 0.8140535480674579 0.5807898250475666 2.799277167171198 0 0 1
13
0.7829286525690411 -0.6221115052676858 146.0733421682899 0.6221115052676858 0.7829286525690411 -137.78122446469268 0 0 1
14
0.9612376193012481 0.2757213071927319 -24.728633606566902 -0.2757213071927319 0.9612376193012481 279.74497162318 0 0 1
15
0.28980558593088707 0.9570855355522072 -31.268123829879585 -0.9570855355522072 0.28980558593088707 651.4283921913046 0 0 1
16
-0.6193545587736796 0.7851114128111123 135.30768762419797 -0.7851114128111123 -0.6193545587736796 1071.6922255956429 0 0 1
17
0.9219187676826751 -0.38738325440635374 81.14699544217018 0.38738325440635374 0.9219187676826751 824.0581865762006 0 0 1
18
-0.44972366113765316 -0.8931677494250144 381.14816863721353 0.8931677494250144 -0.44972366113765316 1421.266166315459 0 0 1
19
-0.834215983778119 0.5514378409296057 217.83061214151954 -0.5514378409296057 -0.834215983778119 1417.7763428296973 0 0 1
20
-0.8897853498961739 -0.4563792623576836 385.6555148993479 0.4563792623576836 -0.8897853498961739 1416.177943568466 0 0 1
21
0.8111938305329344 -0.5847773672991329 245.90544819876078 0.5847773672991329 0.8111938305329344 636.6244643360296 0 0 1
22
-0.38064293792902437 0.9247220954453078 194.66773058497606 -0.9247220954453078 -0.38064293792902437 1232.3315801730214 0 0 1
23
-0.773785736396566 -0.6334474201930449 498.12113927138967 0.6334474201930449 -0.773785736396566 1218.752439011546 0 0 1
24
0.7945992138326055 0.6071343256451618 67.73130138094608 -0.6071343256451618 0.7945992138326055 1461.9429423309462 0 0 1
25
0.9843051724744427 0.17647472181606497 104.07911638497131 -0.17647472181606497 0.9843051724744427 1219.7862801479514 0 0 1
26
0.6603117091610314 0.75099164226031 69.24798052969207 -0.75099164226031 0.6603117091610314 395.05538963038816 0 0 1
27
0.06259713465211837 -0.9980388763637139 423.9934699652973 0.9980388763637139 0.06259713465211837 526.601418292546 0 0 1
28
0.9155497532606263 0.4022047355569131 84.7480542332814 -0.4022047355569131 0.9155497532606263 445.43152225592445 0 0 1
29
0.9359844496836419 -0.35204134693301303 193.4888190736525 0.35204134693301303 0.9359844496836419 25.356001524418488 0 0 1
30
0.7147426414756186 0.6993875581224299 63.80981906230248 -0.6993875581224299 0.7147426414756186 80.61996208025573 0 0 1
31
-0.4070652691491091 0.9133990730521699 313.51826039502555 -0.9133990730521699 -0.4070652691491091 289.67197304119827 0 0 1
32
0.880402980240262 0.47422630924914405 177.03246012914207 -0.47422630924914405 0.880402980240262 168.04261599637672 0 0 1
33
-0.9077206920526856 -0.4195749578077718 596.730825728371 0.4195749578077718 -0.9077206920526856 770.6625888079616 0 0 1
34
0.5921927292439403 0.8057963585364563 178.31169139403852 -0.8057963585364563 0.5921927292439403 561.10856254034 0 0 1
35
-0.46156775080971185 -0.8871049607642062 628.0442702939573 0.8871049607642062 -0.46156775080971185 1125.0417324570533 0 0 1
36
-0.480986712860029 -0.8767278836971618 609.4457624663646 0.8767278836971618 -0.480986712860029 800.6601185202444 0 0 1
37
-0.9818515429595691 0.18965112071357104 514.7910654481298 -0.18965112071357104 -0.9818515429595691 547.5829128693367 0 0 1
38
-0.08788926095636436 0.996130251427264 272.2226464770106 -0.996130251427264 -0.08788926095636436 1655.0230244194624 0 0 1
39
-0.377413669168913 -0.9260447733908217 611.0360585967588 0.9260447733908217 -0.377413669168913 933.9621788456042 0 0 1
40
-0.028570680645235765 0.9995917747798188 273.4917304091396 -0.9995917747798188 -0.028570680645235765 1502.3651805908835 0 0 1
41
0.05998709875083536 0.998199152465808 335.98113106142023 -0.998199152465808 0.05998709875083536 374.4228683258208 0 0 1
42
0.304712156315152 -0.9524444875129313 601.3985113356557 0.9524444875129313 0.304712156315152 172.14072020664707 0 0 1
43
0.4193295123526917 0.9078341038262738 285.28963949226033 -0.9078341038262738 0.4193295123526917 605.7182116784052 0 0 1
44
-0.21479275168362796 0.976659650965563 364.91063061130006 -0.976659650965563 -0.21479275168362796 869.6751224106246 0 0 1
45
-0.44997279641339827 -0.8930422624310154 715.1673341208841 0.8930422624310154 -0.44997279641339827 22.324232767269336 0 0 1
46
0.8968816555233254 0.4422706139749046 281.43139822777437 -0.4422706139749046 0.8968816555233254 778.5352885599948 0 0 1
47
0.7368545866478307 0.6760512688665369 277.999592395273 -0.6760512688665369 0.7368545866478307 1485.5754857438994 0 0 1
48
0.9884078023022662 -0.15182231834616494 363.3292499868043 0.15182231834616494 0.9884078023022662 827.2643312994932 0 0 1
49
-0.5492366179584882 0.8356668818934503 469.60330909008087 -0.8356668818934503 -0.5492366179584882 1404.6600424770504 0 0 1
50
-0.23564001345071794 0.9718404107984734 407.8889384110979 -0.9718404107984734 -0.23564001345071794 1539.1594657586247 0 0 1
51
0.9420740830158746 -0.3354048629787575 520.9662708942468 0.3354048629787575 0.9420740830158746 661.990763370832 0 0 1
52
-0.7423270570485001 -0.6700377156352566 819.9165397659823 0.6700377156352566 -0.7423270570485001 699.2048479190528 0 0 1
53
0.7809318368754368 -0.6246162551153758 583.7710848271905 0.6246162551153758 0.7809318368754368 796.140045741424 0 0 1
54
0.6287081974518226 -0.7776413070670051 628.0846319903533 0.7776413070670051 0.6287081974518226 307.0158267995817 0 0 1
55
0.29117375940033163 -0.9566701844610178 706.1519458844064 0.9566701844610178 0.29117375940033163 987.5841887014908 0 0 1
56
0.6255032166178771 0.7802215877561253 388.11265532202964 -0.7802215877561253 0.6255032166178771 1522.9813475264284 0 0 1
57
0.8712624001516069 0.49081751199611967 395.8776136171024 -0.49081751199611967 0.8712624001516069 1301.0310423358994 0 0 1
58
-0.6265566525859644 -0.7793758792137919 833.9195424289621 0.7793758792137919 -0.6265566525859644 350.3130198726867 0 0 1
59
-0.5138517863459691 0.8578789784515393 572.6757852236367 -0.8578789784515393 -0.5138517863459691 304.6182685436138 0 0 1
60
0.6388747534604345 0.7693107625601432 407.7312450168105 -0.7693107625601432 0.6388747534604345 264.21758141045484 0 0 1
61
0.6622904556296463 0.7492471904397611 510.21166485924186 -0.7492471904397611 0.6622904556296463 536.4782938955677 0 0 1
62
0.9889884917774463 -0.14799244281980126 598.645612411565 0.14799244281980126 0.9889884917774463 519.7679551374266 0 0 1
63
0.9927634568147464 -0.12008629735833774 576.7350402842567 0.12008629735833774 0.9927634568147464 1207.508288103172 0 0 1
64
-0.874859557995192 0.4843766651939968 785.5248483841852 -0.4843766651939968 -0.874859557995192 1411.6816145943244 0 0 1
65
-0.3513905483025866 -0.9362289690901513 915.5810251958744 0.9362289690901513 -0.3513905483025866 1425.3500447779275 0 0 1
66
-0.1362762608565108 0.990670874068158 612.5688349521946 -0.990670874068158 -0.1362762608565108 431.6768059133236 0 0 1
67
0.84530276837998 -0.5342875908807371 685.7926474876174 0.5342875908807371 0.84530276837998 819.1634943145889 0 0 1
68
0.8991243818460233 0.43769320987422966 537.7932732833608 -0.43769320987422966 0.8991243818460233 312.47816834437197 0 0 1
69
-0.7748788837857322 -0.632109733719532 953.083235713316 0.632109733719532 -0.7748788837857322 116.12921826026104 0 0 1
70
0.6421891523651005 -0.7665462103386812 762.275343985905 0.7665462103386812 0.6421891523651005 661.6460187809138 0 0 1
71
0.25797875516538843 -0.9661505896511767 938.7666343452972 0.9661505896511767 0.25797875516538843 1325.2599515534323 0 0 1
72
0.9835432856940568 -0.18067264642479494 701.5550509132644 0.18067264642479494 0.9835432856940568 1196.546530521578 0 0 1
73
-0.9966024107066318 -0.0823628251927414 985.2396115644028 0.0823628251927414 -0.9966024107066318 1350.7071357546529 0 0 1
74
-0.5834268540614204 0.8121656887359833 808.5454806254428 -0.8121656887359833 -0.5834268540614204 310.31684413359756 0 0 1
75
0.9432692393949746 -0.3320288270786529 732.2577360909702 0.3320288270786529 0.9432692393949746 848.3287996965878 0 0 1
76
0.04648521654501337 0.9989189780171178 668.9623498428697 -0.9989189780171178 0.04648521654501337 1028.6272330281763 0 0 1
77
-0.4124870137530149 -0.9109634808734761 1042.1348266671062 0.9109634808734761 -0.4124870137530149 611.7361475963285 0 0 1
78
0.686579999702126 -0.727054264831057 852.2735110949843 0.727054264831057 0.686579999702126 29.88668899735663 0 0 1
79
-0.9987869752803104 0.049240004167431184 993.1797805224962 -0.049240004167431184 -0.9987869752803104 553.4441818143999 0 0 1
80
-0.6154976411969715 0.7881387274337965 818.2406316332922 -0.7881387274337965 -0.6154976411969715 741.5636371377691 0 0 1
81
-0.6070784909932868 0.7946418726529038 911.9276758427594 -0.7946418726529038 -0.6070784909932868 908.2666563651595 0 0 1
82
0.8636570341070702 0.5040798820002431 735.0007780033665 -0.5040798820002431 0.8636570341070702 819.2655414234418 0 0 1
83
0.20685590239046125 0.9783714200886225 762.289765015742 -0.9783714200886225 0.20685590239046125 1164.584905243215 0 0 1
84
-0.41701277329382463 -0.9089006254315117 1147.5165768024272 0.9089006254315117 -0.41701277329382463 1124.7573829186585 0 0 1
85
-0.9938403631685971 -0.11082117368495495 1108.2225382123006 0.11082117368495495 -0.9938403631685971 541.8679743699645 0 0 1
86
-0.7148734540884754 0.6992538484982492 938.421038866485 -0.6992538484982492 -0.7148734540884754 1594.1897319009422 0 0 1
87
-0.06689379363640482 0.9977601016140754 795.7157222634611 -0.9977601016140754 -0.06689379363640482 697.0213537638244 0 0 1
88
0.7500806905057946 0.661346322081215 718.2288130490135 -0.661346322081215 0.7500806905057946 1504.24617289419 0 0 1
89
-0.9467594342443124 -0.3219418793344374 1138.6487036047063 0.3219418793344374 -0.9467594342443124 349.84672101103064 0 0 1
90
-0.9485365375780653 -0.31666770735175287 1146.106657964122 0.31666770735175287 -0.9485365375780653 184.93966868507846 0 0 1
91
0.8911943447252507 0.4536216925255349 837.5535142261282 -0.4536216925255349 0.8911943447252507 1311.176238909044 0 0 1
92
-0.7572613404260211 -0.6531119829678413 1254.6078651260486 0.6531119829678413 -0.7572613404260211 418.14315040601787 0 0 1
93
-0.9976166999766976 -0.06899941976280562 1212.325498559623 0.06899941976280562 -0.9976166999766976 1652.9356784331533 0 0 1
94
-0.9862616851831008 0.16519046080143418 1167.2660397791583 -0.16519046080143418 -0.9862616851831008 426.4750826276029 0 0 1
95
-0.9754920193302101 -0.22003481593390822 1229.3066594659383 0.22003481593390822 -0.9754920193302101 664.0958665264268 0 0 1
96
0.697670920763699 -0.716418373801742 1060.9058552208967 0.716418373801742 0.697670920763699 -129.18384065764334 0 0 1
97
-0.9446978027579538 0.3279421617668188 1157.597124353626 -0.3279421617668188 -0.9446978027579538 1404.2591945013398 0 0 1
98
0.9582699440263502 0.28586485334111206 854.1591064080434 -0.28586485334111206 0.9582699440263502 585.7772109437881 0 0 1
99
0.5903913038633246 0.8071171589816212 842.3861882590334 -0.8071171589816212 0.5903913038633246 904.592507543336 0 0 1
100
0.8792447403563762 0.47637032501578913 854.8796648673144 -0.47637032501578913 0.8792447403563762 984.554465622209 0 0 1
101
-0.24900896844807174 0.9685011789525231 1062.47870737181 -0.9685011789525231 -0.24900896844807174 572.7140728470922 0 0 1
102
-0.7536955753649253 -0.6572236907441289 1398.6924862469034 0.6572236907441289 -0.7536955753649253 700.9531421162234 0 0 1
103
0.9951815127554877 -0.09804976629089501 1040.9445792979882 0.09804976629089501 0.9951815127554877 704.5491517478107 0 0 1
104
-0.3748710865188083 -0.9270769485281187 1380.8019454322737 0.9270769485281187 -0.3748710865188083 448.40809138855684 0 0 1
105
0.873466637772762 0.4868840033292801 969.1456506291835 -0.4868840033292801 0.873466637772762 970.0796916612603 0 0 1
106
-0.9836672452859309 -0.17999652927650672 1358.3678850571778 0.17999652927650672 -0.9836672452859309 359.56896098146075 0 0 1
107
-0.8447198002335468 0.5352087995291154 1233.9742051091869 -0.5352087995291154 -0.8447198002335468 1717.8889329632125 0 0 1
108
-0.08534784582331185 0.9963512157935676 1035.7944776546103 -0.9963512157935676 -0.08534784582331185 253.6633545506163 0 0 1
109
0.6505928641910221 0.7594267081580173 970.446966285899 -0.7594267081580173 0.6505928641910221 1392.8692458148842 0 0 1
110
0.6866384664075849 -0.7269990484515367 1198.2558902168125 0.7269990484515367 0.6866384664075849 981.8861851968361 0 0 1
111
0.9300011322555768 0.36755665414102495 1106.8785431085266 -0.36755665414102495 0.9300011322555768 4.821105892244461 0 0 1
112
0.6228616386919577 -0.7823320133076297 1341.7179080654291 0.7823320133076297 0.6228616386919577 5.19498394006397 0 0 1
113
0.7526774727317488 -0.6583894151960127 1297.3853510819608 0.6583894151960127 0.7526774727317488 316.28463237119695 0 0 1
114
0.8690529356230474 0.4947191072567983 1106.615333353624 -0.4947191072567983 0.8690529356230474 966.9782566032313 0 0 1
115
0.17009686807314223 -0.9854273466226254 1446.37622417517 0.9854273466226254 0.17009686807314223 197.893746722156 0 0 1
116
-0.07487065640200527 -0.9971932534919863 1486.1699060335686 0.9971932534919863 -0.07487065640200527 547.039997451053 0 0 1
117
0.9998680435295243 -0.016244861601175 1167.5384068011058 0.016244861601175 0.9998680435295243 1043.5024997047417 0 0 1
118
0.04244404291723644 0.9990988455707672 1160.5608522843595 -0.9990988455707672 0.04244404291723644 1636.2814944112972 0 0 1
119
0.8523378515281553 0.5229915743607808 1110.823938987215 -0.5229915743607808 0.8523378515281553 1310.9513270390569 0 0 1
120
-0.955014648715946 -0.29655862951186945 1521.9938581253114 0.29655862951186945 -0.955014648715946 963.0606829766318 0 0 1
121
0.7718479787283716 -0.635807123059287 1384.913667371292 0.635807123059287 0.7718479787283716 -122.18654077708709 0 0 1
122
-0.5016489372866426 0.8650712940094487 1366.669534707965 -0.8650712940094487 -0.5016489372866426 1407.8416358508941 0 0 1
123
-0.9173052774355028 -0.398184665687888 1625.9009411841257 0.398184665687888 -0.9173052774355028 631.4636948208803 0 0 1
124
0.945462340951096 -0.3257314259374944 1327.9417081728918 0.3257314259374944 0.945462340951096 189.96496613226847 0 0 1
125
-0.9509679977430828 -0.30928929381488773 1619.3398801914855 0.30928929381488773 -0.9509679977430828 797.4601991088703 0 0 1
126
-0.9148733320260793 0.40374098918427775 1497.2255131404793 -0.40374098918427775 -0.9148733320260793 1691.3852197876054 0 0 1
127
0.5954821338065558 0.8033685507394419 1200.1781438953703 -0.8033685507394419 0.5954821338065558 1378.2223946245974 0 0 1
128
0.9837267687196747 0.17967093394410708 1242.673356087114 -0.17967093394410708 0.9837267687196747 108.37134560978703 0 0 1
129
-0.49877013429973815 -0.8667343036540213 1634.6531878828328 0.8667343036540213 -0.49877013429973815 804.9655537500861 0 0 1
130
0.9852464040418789 0.171141822248528 1244.759824924987 -0.171141822248528 0.9852464040418789 888.8137898220306 0 0 1
131
0.9097076449526426 0.4152493235572055 1291.6316698809735 -0.4152493235572055 0.9097076449526426 1410.3589601837073 0 0 1
132
-0.19741818698167396 -0.9803193660480592 1682.5493207196087 0.9803193660480592 -0.19741818698167396 753.6503172447103 0 0 1
133
-0.316856692957717 0.9484734240493505 1400.0994066807968 -0.9484734240493505 -0.316856692957717 1543.1261681360954 0 0 1
134
0.8985659627827821 -0.43883847886010613 1442.7422399919851 0.43883847886010613 0.8985659627827821 -110.29768845464767 0 0 1
135
-0.6547520092971544 0.7558437711070582 1490.3307769194648 -0.7558437711070582 -0.6547520092971544 611.6423459626529 0 0 1
136
-0.7344101105226848 0.6787059669415452 1519.6341422550768 -0.6787059669415452 -0.7344101105226848 461.0329920069556 0 0 1
137
-0.9721643502552297 0.23429997032186559 1614.3689788896713 -0.23429997032186559 -0.9721643502552297 885.0019696894498 0 0 1
138
-0.9208355383939527 -0.389951165187026 1704.1719390550518 0.389951165187026 -0.9208355383939527 1102.2870778470738 0 0 1
139
0.8695415823130667 -0.4938597337589777 1443.7693134741162 0.4938597337589777 0.8695415823130667 978.6727960088331 0 0 1
140
0.8715919789229898 0.4902320086215368 1305.9172819305984 -0.4902320086215368 0.8715919789229898 488.8892046032748 0 0 1
141
-0.8569748728401408 -0.5153581932215927 1829.7116252395685 0.5153581932215927 -0.8569748728401408 1241.950585340875 0 0 1
142
0.8430946311961788 -0.5377652302335838 1573.6739428507979 0.5377652302335838 0.8430946311961788 481.96672147838683 0 0 1
143
-0.969646846941374 0.24450969759224594 1732.3962581491148 -0.24450969759224594 -0.969646846941374 1211.194264402711 0 0 1
144
-0.9544602752873916 -0.2983380346156296 1808.1837380349682 0.2983380346156296 -0.9544602752873916 1588.698947304123 0 0 1
145
-0.6519093193346622 0.7582969335060095 1592.509919803441 -0.7582969335060095 -0.6519093193346622 610.5819691903041 0 0 1
146
0.8949191314061261 -0.44622835885150197 1536.4529302540332 0.44622835885150197 0.8949191314061261 342.12213901006766 0 0 1
147
0.4248973379068614 0.9052415435891475 1424.8284733681187 -0.9052415435891475 0.4248973379068614 948.4533518807543 0 0 1
148
-0.44791406833420633 0.8940766115877878 1544.8448057956948 -0.8940766115877878 -0.44791406833420633 1560.008555387909 0 0 1
149
0.4038938576416799 0.9148058546813758 1412.6015445899263 -0.9148058546813758 0.4038938576416799 170.19135954115285 0 0 1
150
0.7750524124198392 0.6318969520437547 1389.922848508143 -0.6318969520437547 0.7750524124198392 215.8109036417069 0 0 1
151
0.4081698383757788 -0.9129060099705175 1819.2341065971846 0.9129060099705175 0.4081698383757788 26.233243506324072 0 0 1
152
0.9809846199817029 -0.19408548466939485 1612.0306340265922 0.19408548466939485 0.9809846199817029 -90.13586622092015 0 0 1
153
-0.33534603292558424 0.9420950260993171 1644.9539060580714 -0.9420950260993171 -0.33534603292558424 742.0033641488596 0 0 1
154
-0.20751567588423894 -0.9782316925260127 1931.790842103589 0.9782316925260127 -0.20751567588423894 268.53901742052506 0 0 1
155
0.13948708049167166 -0.9902238910347043 1864.86420563417 0.9902238910347043 0.13948708049167166 514.8947994134116 0 0 1
156
0.9961120233336781 -0.08809561266082418 1581.2574563457076 0.08809561266082418 0.9961120233336781 1190.9478164208522 0 0 1
157
-0.22225779843764 -0.9749879337887487 1910.5730884950904 0.9749879337887487 -0.22225779843764 1071.326829020578 0 0 1
158
-0.4711860181429628 -0.8820338634692999 1946.7490816499007 0.8820338634692999 -0.4711860181429628 1440.3185839744178 0 0 1
159
-0.8946220699229649 0.44682362516629504 1800.408758937284 -0.44682362516629504 -0.8946220699229649 1227.9240827388353 0 0 1
160
-0.8073201997936547 0.5901136288928883 1771.6670184896188 -0.5901136288928883 -0.8073201997936547 1085.6022434464141 0 0 1
161
-0.9998154670664912 0.019210200795776816 1996.9938162719607 -0.019210200795776816 -0.9998154670664912 1021.9489785186515 0 0 1
162
-0.9827195990580316 0.1851004852160618 1965.6309626455054 -0.1851004852160618 -0.9827195990580316 1198.0121130624843 0 0 1
163
-0.18327360007530685 0.9830619449024749 1724.032806551789 -0.9830619449024749 -0.18327360007530685 1370.7820094715562 0 0 1
164
-0.7891261372022359 0.6142311776393949 1880.1087187322403 -0.6142311776393949 -0.7891261372022359 1590.5203838004527 0 0 1
165
0.9942201753972726 0.10736034106231432 1685.2550199487641 -0.10736034106231432 0.9942201753972726 1364.5367256780814 0 0 1
166
0.9251548799249125 -0.379589842002023 1763.4374191219522 0.379589842002023 0.9251548799249125 498.764568101325 0 0 1
167
-0.9283175005217962 -0.3717884051782209 2054.5164153835026 0.3717884051782209 -0.9283175005217962 180.2620097782542 0 0 1
168
-0.6212235169419242 -0.7836334232268981 2065.7528257261674 0.7836334232268981 -0.6212235169419242 527.826464525829 0 0 1
169
-0.8054079066005729 0.5927209326363316 1901.9664809644573 -0.5927209326363316 -0.8054079066005729 445.7099700817202 0 0 1
170
-0.8496893794575818 0.5272835654910832 1921.9729011648074 -0.5272835654910832 -0.8496893794575818 590.4308064670431 0 0 1
171
-0.7188847994265881 -0.6951292291030454 2165.172174422093 0.6951292291030454 -0.7188847994265881 557.6821134001491 0 0 1
172
-0.8006396406591898 0.5991461973551392 1979.2314837121278 -0.5991461973551392 -0.8006396406591898 592.966804892221 0 0 1
173
0.4989202424065321 -0.8666479052746896 2015.9977877445644 0.8666479052746896 0.4989202424065321 494.33693710941066 0 0 1
174
-0.05390608586760449 0.9985460099096257 1816.5808117734866 -0.9985460099096257 -0.05390608586760449 251.13007484547074 0 0 1
175
0.8850183231873995 0.4655561916917911 1759.6609501937255 -0.4655561916917911 0.8850183231873995 802.9833696181806 0 0 1
176
0.26630245293655824 -0.9638895183370199 2069.1259951370716 0.9638895183370199 0.26630245293655824 827.3202444525954 0 0 1
177
-0.33003542064956326 -0.9439685487963387 2160.4706152641147 0.9439685487963387 -0.33003542064956326 127.84036513724979 0 0 1
178
-0.999589463055409 0.028651445837849687 2116.4953926687217 -0.028651445837849687 -0.999589463055409 1338.377340878455 0 0 1
179
0.5055649192733478 0.8627885676109376 1744.9052095329357 -0.8627885676109376 0.5055649192733478 1423.3696654923265 0 0 1
180
-0.1411251773519574 -0.9899917597219577 2140.3231252464566 0.9899917597219577 -0.1411251773519574 1386.42567973265 0 0 1
181
-0.7206136530359633 0.693336832324783 2065.227907210233 -0.693336832324783 -0.7206136530359633 780.1623252309157 0 0 1
182
-0.27566451172544476 -0.9612539086917525 2251.7223551646657 0.9612539086917525 -0.27566451172544476 1242.7336434702224 0 0 1
183
-0.8814789287285232 -0.4722233562707538 2270.823854174888 0.4722233562707538 -0.8814789287285232 1581.4346137309542 0 0 1
184
-0.40041640919214166 -0.9163332904842383 2273.096203449839 0.9163332904842383 -0.40041640919214166 302.03288339972505 0 0 1
185
0.9005702217848816 0.434710565358526 1868.031477992772 -0.434710565358526 0.9005702217848816 140.7917532539149 0 0 1
186
-0.7521838042672211 0.6589533554039245 2079.450719573811 -0.6589533554039245 -0.7521838042672211 1396.7262597490276 0 0 1
187
0.212263258367118 0.9772125199501766 1879.6312543608194 -0.9772125199501766 0.212263258367118 1146.5671355453742 0 0 1
188
0.11414082988881284 -0.993464579616351 2194.2951812077686 0.993464579616351 0.11414082988881284 688.3211615266996 0 0 1
189
0.9834408571988298 0.18122935852678757 1874.4761165625293 -0.18122935852678757 0.9834408571988298 581.6572177058334 0 0 1
190
-0.7338364664971619 0.6793261664612661 2083.449096505564 -0.6793261664612661 -0.7338364664971619 294.0402081085564 0 0 1
191
-0.8590874850480326 0.5118287731593901 2222.8251003427395 -0.5118287731593901 -0.8590874850480326 1073.4920200221504 0 0 1
192
0.9872587181579358 0.15912329628671493 1992.3107877610792 -0.15912329628671493 0.9872587181579358 566.6390096099608 0 0 1
193
0.7428192762319703 0.6694919886437863 1955.0917539442578 -0.6694919886437863 0.7428192762319703 546.6342704238315 0 0 1
194
0.34779852280382195 -0.9375692974577823 2267.4144700713637 0.9375692974577823 0.34779852280382195 835.7679878594513 0 0 1
195
-0.5255907250128554 0.8507375563477029 2130.6022411430986 -0.8507375563477029 -0.5255907250128554 1561.3308836108865 0 0 1
196
0.8558023223481904 0.5173029915469695 1969.1686763462503 -0.5173029915469695 0.8558023223481904 329.53260372581076 0 0 1
197
-0.6861517203422669 0.72745846388048 2176.597454751577 -0.72745846388048 -0.6861517203422669 1732.1095785545258 0 0 1
198
-0.7361174933246468 -0.6768537774301319 2404.0105469669907 0.6768537774301319 -0.7361174933246468 1181.1858759636498 0 0 1
199
-0.8783929483539251 -0.47793914704918095 2396.2314747874816 0.47793914704918095 -0.8783929483539251 130.07033920223532 0 0 1
200
0.6840678560815557 0.7294183767057036 1968.9096339179748 -0.7294183767057036 0.6840678560815557 209.02933069674293 0 0 1
