1 
1 0 651.975167  0 1 651.818409  0 0 1
2 
-0.731354 -0.681998 1189.279686  0.681998 -0.731354 832.787479  0 0 1
3 
-0.961262 -0.275637 1278.968836  0.275637 -0.961262 961.451474  0 0 1
4 
-0.390731 -0.920505 900.336082  0.920505 -0.390731 942.745624  0 0 1
5 
0.342020 -0.939693 996.464465  0.939693 0.342020 867.696940  0 0 1
6 
-0.777146 -0.629320 1238.273815  0.629320 -0.777146 1016.434911  0 0 1
7 
0.788011 0.615661 878.059209  -0.615661 0.788011 1145.228320  0 0 1
8 
-0.342020 -0.939693 1177.161423  0.939693 -0.342020 1075.507913  0 0 1
9 
0.694658 0.719340 530.533204  -0.719340 0.694658 1234.571527  0 0 1
