1 
1 0 1828.383960  0 1 1828.348743  0 0 1
2 
-0.819152 -0.573576 2232.438318  0.573576 -0.819152 1971.256987  0 0 1
3 
-0.866025 0.500000 2244.574383  -0.500000 -0.866025 2137.192690  0 0 1
4 
0.987688 0.156434 2222.175833  -0.156434 0.987688 1835.095202  0 0 1
5 
-0.656059 -0.754710 2653.649451  0.754710 -0.656059 1914.361780  0 0 1
6 
-0.920505 -0.390731 2784.377931  0.390731 -0.920505 2015.536618  0 0 1
7 
0.207912 0.978148 2626.704302  -0.978148 0.207912 2049.853014  0 0 1
8 
0.358368 -0.933580 2962.696431  0.933580 0.358368 1776.676807  0 0 1
9 
0.927184 -0.374607 2977.157745  0.374607 0.927184 1773.568959  0 0 1
10 
-0.241922 0.970296 3106.323605  -0.970296 -0.241922 2042.157440  0 0 1
11 
0.587785 -0.809017 3215.211213  0.809017 0.587785 1908.481938  0 0 1
12 
0.997564 0.069756 2922.862329  -0.069756 0.997564 1982.061384  0 0 1
13 
0.990268 0.139173 2772.887245  -0.139173 0.990268 2001.352875  0 0 1
14 
0.965926 -0.258819 2676.775726  0.258819 0.965926 1955.920068  0 0 1
15 
0.034899 -0.999391 2693.772957  0.999391 0.034899 2002.336894  0 0 1
16 
0.358368 0.933580 1758.348539  -0.933580 0.358368 2208.395179  0 0 1
17 
0.156434 0.987688 2346.646340  -0.987688 0.156434 2262.306889  0 0 1
18 
0.906308 -0.422618 2124.075991  0.422618 0.906308 1951.868001  0 0 1
19 
0.544639 0.838671 1865.886293  -0.838671 0.544639 2191.146200  0 0 1
20 
0.156434 0.987688 2220.277862  -0.987688 0.156434 2271.267574  0 0 1
21 
0.707107 -0.707107 3198.058736  0.707107 0.707107 2114.888686  0 0 1
22 
0.642788 -0.766044 3074.459793  0.766044 0.642788 2116.907888  0 0 1
23 
-0.951057 -0.309017 2066.532214  0.309017 -0.951057 2412.279486  0 0 1
24 
0.224951 -0.974370 2830.830150  0.974370 0.224951 2162.667956  0 0 1
25 
0.997564 -0.069756 2523.693385  0.069756 0.997564 2194.588710  0 0 1
26 
0.173648 0.984808 2768.739568  -0.984808 0.173648 2426.298937  0 0 1
27 
-0.087156 0.996195 2375.646716  -0.996195 -0.087156 2448.282865  0 0 1
28 
0.951057 0.309017 2017.346225  -0.309017 0.951057 2255.776392  0 0 1
29 
0.719340 0.694658 1883.004289  -0.694658 0.719340 2329.436719  0 0 1
30 
0.978148 -0.207912 2244.539258  0.207912 0.978148 2199.070587  0 0 1
31 
0.694658 -0.719340 2191.122699  0.719340 0.694658 2306.711308  0 0 1
32 
0.309017 -0.951057 1991.534174  0.951057 0.309017 2344.826887  0 0 1
33 
0.500000 0.866025 2283.878362  -0.866025 0.500000 2563.153200  0 0 1
34 
-0.707107 0.707107 2592.929540  -0.707107 -0.707107 2663.952192  0 0 1
35 
-0.573576 -0.819152 2519.248209  0.819152 -0.573576 2477.285019  0 0 1
36 
0.956305 -0.292372 1982.771762  0.292372 0.956305 2374.789446  0 0 1
37 
-0.933580 0.358368 2851.109336  -0.358368 -0.933580 2705.747642  0 0 1
38 
-0.358368 -0.933580 3065.481442  0.933580 -0.358368 2443.289982  0 0 1
39 
-0.642788 -0.766044 3343.403744  0.766044 -0.642788 2485.317410  0 0 1
40 
-0.951057 -0.309017 3202.798470  0.309017 -0.951057 2569.890360  0 0 1
41 
0.838671 0.544639 3022.913783  -0.544639 0.838671 2623.111708  0 0 1
42 
-0.275637 0.961262 2992.458643  -0.961262 -0.275637 2864.501331  0 0 1
43 
0.515038 0.857167 2765.185292  -0.857167 0.515038 2737.157135  0 0 1
44 
0.992546 0.121869 1930.689193  -0.121869 0.992546 2576.379233  0 0 1
45 
-0.139173 -0.990268 2350.827229  0.990268 -0.139173 2589.825259  0 0 1
46 
0.438371 -0.898794 1960.041490  0.898794 0.438371 2507.074124  0 0 1
47 
0.788011 0.615661 2275.100617  -0.615661 0.788011 2685.272552  0 0 1
48 
-0.681998 -0.731354 2990.887865  0.731354 -0.681998 2677.661010  0 0 1
49 
-0.544639 -0.838671 2741.597154  0.838671 -0.544639 2648.205847  0 0 1
50 
0.422618 0.906308 2180.403497  -0.906308 0.422618 2768.234985  0 0 1
51 
0.857167 0.515038 1739.557579  -0.515038 0.857167 2813.211470  0 0 1
52 
0.798636 0.601815 1854.898246  -0.601815 0.798636 2832.155934  0 0 1
53 
0.933580 -0.358368 2647.905450  0.358368 0.933580 2671.370000  0 0 1
54 
0.743145 -0.669131 2916.309336  0.669131 0.743145 2699.456274  0 0 1
55 
0.798636 -0.601815 2329.179912  0.601815 0.798636 2733.887919  0 0 1
56 
0.292372 -0.956305 2295.902681  0.956305 0.292372 2717.493441  0 0 1
57 
-0.190809 -0.981627 3299.360408  0.981627 -0.190809 2784.765297  0 0 1
58 
0.156434 -0.987688 3169.782333  0.987688 0.156434 2747.867635  0 0 1
59 
-0.891007 -0.453990 2641.010887  0.453990 -0.891007 2927.158176  0 0 1
60 
0.819152 0.573576 2469.863095  -0.573576 0.819152 2835.971321  0 0 1
61 
-0.275637 0.961262 1978.188185  -0.961262 -0.275637 3196.256122  0 0 1
62 
0.788011 0.615661 2466.736960  -0.615661 0.788011 2996.789651  0 0 1
63 
-0.529919 -0.848048 2962.491414  0.848048 -0.529919 2983.983044  0 0 1
64 
0.325568 -0.945519 2563.962735  0.945519 0.325568 2867.575387  0 0 1
65 
0.207912 -0.978148 2310.505609  0.978148 0.207912 2869.059189  0 0 1
66 
-0.052336 0.998630 2851.477079  -0.998630 -0.052336 3119.660221  0 0 1
67 
0.615661 -0.788011 2361.164757  0.788011 0.615661 2876.372169  0 0 1
68 
0.999391 0.034899 1820.707486  -0.034899 0.999391 2929.218473  0 0 1
69 
0.156434 0.987688 3103.357350  -0.987688 0.156434 3085.350941  0 0 1
70 
-0.121869 0.992546 2979.210577  -0.992546 -0.121869 3111.697939  0 0 1
71 
0.913545 -0.406737 3012.170034  0.406737 0.913545 2994.151596  0 0 1
72 
0.866025 0.500000 2973.440961  -0.500000 0.866025 3143.865732  0 0 1
73 
-0.809017 0.587785 2796.594908  -0.587785 -0.809017 3464.488254  0 0 1
74 
0.882948 -0.469472 2896.149595  0.469472 0.882948 3006.865264  0 0 1
75 
-0.224951 -0.974370 2687.204445  0.974370 -0.224951 3091.860257  0 0 1
76 
-0.241922 0.970296 2402.828131  -0.970296 -0.241922 3378.316024  0 0 1
77 
0.788011 0.615661 2203.138726  -0.615661 0.788011 3192.870591  0 0 1
78 
-0.798636 0.601815 2215.750664  -0.601815 -0.798636 3482.704411  0 0 1
79 
-0.939693 -0.342020 2069.961567  0.342020 -0.939693 3321.125297  0 0 1
80 
0.139173 0.990268 1931.674846  -0.990268 0.139173 3345.997707  0 0 1
81 
-0.857167 -0.515038 2968.735079  0.515038 -0.857167 3497.592510  0 0 1
82 
0.358368 -0.933580 2624.095267  0.933580 0.358368 3273.121853  0 0 1
83 
0.999848 -0.017452 2013.411738  0.017452 0.999848 3286.064030  0 0 1
84 
0.173648 0.984808 2256.652922  -0.984808 0.173648 3519.186662  0 0 1
85 
-0.994522 -0.104528 2606.659744  0.104528 -0.994522 3519.747364  0 0 1
86 
0.258819 0.965926 1775.778321  -0.965926 0.258819 3515.902859  0 0 1
87 
0.087156 0.996195 1917.922369  -0.996195 0.087156 3538.751341  0 0 1
88 
0.719340 0.694658 2721.247541  -0.694658 0.719340 3450.698638  0 0 1
89 
0.920505 -0.390731 2997.291460  0.390731 0.920505 3304.596046  0 0 1
90 
-0.342020 0.939693 3139.090098  -0.939693 -0.342020 3623.725157  0 0 1
91 
-0.422618 0.906308 2403.515123  -0.906308 -0.422618 3782.162579  0 0 1
92 
-0.139173 0.990268 2528.686870  -0.990268 -0.139173 3729.101103  0 0 1
93 
0.933580 0.358368 1936.874290  -0.358368 0.933580 3529.872683  0 0 1
94 
-0.819152 0.573576 2375.943877  -0.573576 -0.819152 3742.181091  0 0 1
95 
-0.984808 0.173648 2035.585949  -0.173648 -0.984808 3730.818665  0 0 1
96 
-0.121869 -0.992546 1993.690339  0.992546 -0.121869 3502.551036  0 0 1
97 
-0.961262 0.275637 2832.429396  -0.275637 -0.961262 3774.214693  0 0 1
98 
0.406737 0.913545 2761.807633  -0.913545 0.406737 3685.768618  0 0 1
99 
0.438371 0.898794 2909.988110  -0.898794 0.438371 3675.185924  0 0 1
100 
-0.754710 -0.656059 3340.250771  0.656059 -0.754710 3639.907174  0 0 1
