0	1	0.9955203533172607	0
-0.626682 0.779275 302.248
-0.779275 -0.626682 471.437
0 0 1
0	2	0.6748546361923218 2.1729591806564628 223.21848749587977	1
0.031882 0.999492 190.027
-0.999492 0.031882 354.837
0 0 1
0	8	0.9979895353317261	0
-0.116264 -0.993218 266.68
0.993218 -0.116264 302.135
0 0 1
1	2	0.9521276950836182	0
0.734614 -0.678486 3.71516
0.678486 0.734614 142.601
0 0 1
1	2	0.9553604125976562 1.9324995961233284 57.35167108754418	1
0.70794 -0.706273 -27.6742
0.706273 0.70794 94.0322
0 0 1
1	7	0.9618348479270935	0
0.926064 -0.377366 -123.467
0.377366 0.926064 -229.397
0 0 1
1	16	0.64436274766922 9.185130471320974 698.009687498722	1
-0.055562 0.998455 -256.813
-0.998455 -0.055562 221.646
0 0 1
1	20	0.9901572465896606 61.59549256568894 356.38185301338353	1
-0.197736 0.980255 -173.98
-0.980255 -0.197736 234.914
0 0 1
2	3	0.9208323955535889	0
-0.390786 0.920482 82.8283
-0.920482 -0.390786 670.51
0 0 1
2	10	0.22986379265785217 0.04030341991165187 0.45741381766837874	2
-0.259498 0.965744 -189.763
-0.965744 -0.259498 446.237
0 0 1
2	33	0.6084057092666626 2.731531669681516 1206.152245072006	1
0.280138 -0.95996 18.6542
0.95996 0.280138 -130.306
0 0 1
3	4	0.7144826054573059	0
-0.630266 0.776379 -79.5644
-0.776379 -0.630266 460.234
0 0 1
3	11	0.0007096673944033682 0.1274981259090191 1.2196914238498235	2
0.999466 -0.032662 135.47
0.032662 0.999466 -194.743
0 0 1
4	5	0.2584216892719269 0.13778379454299738 0.346228059548871	2
-0.996402 0.084754 569.725
-0.084754 -0.996402 307.227
0 0 1
4	9	0.734646737575531	0
-0.998596 0.052973 535.862
-0.052973 -0.998596 695.877
0 0 1
5	6	0.739646315574646	0
0.106332 0.994331 -174.917
-0.994331 0.106332 169.134
0 0 1
6	9	0.13045786321163177 0.2199744603532423 0.4987015990006393	2
0.13537 -0.990795 575.514
0.990795 0.13537 115.367
0 0 1
6	12	0.9742892384529114	0
-0.850437 -0.526077 794.837
0.526077 -0.850437 -89.2854
0 0 1
6	25	0.8421592116355896 6.7960532146237185 665.8584458647009	1
0.532935 0.846156 144.579
-0.846156 0.532935 125.149
0 0 1
7	8	0.9946547746658325	0
-0.912584 0.408889 371.607
-0.408889 -0.912584 180.0
0 0 1
7	26	0.9812954664230347 7.314005075313531 627.3402462791544	1
-0.458867 -0.888505 158.264
0.888505 -0.458867 41.6279
0 0 1
8	28	0.7416752576828003 4.684185185846289 931.9638757392164	1
-0.330775 0.943709 40.9701
-0.943709 -0.330775 170.145
0 0 1
9	11	0.9523680210113525	0
0.610514 0.792006 169.334
-0.792006 0.610514 108.131
0 0 1
9	13	0.7461346387863159	0
-0.03725 -0.999306 288.557
0.999306 -0.03725 -265.999
0 0 1
10	11	0.9925752878189087	0
0.994065 0.108793 -180.044
-0.108793 0.994065 -5.24651
0 0 1
10	15	0.960607647895813	0
-0.873625 0.4866 330.424
-0.4866 -0.873625 206.036
0 0 1
10	19	0.9862668514251709 4.739336755876053 564.8719147670433	1
-0.918718 0.394913 579.714
-0.394913 -0.918718 378.452
0 0 1
10	19	0.9654176831245422 1.479632811192431 575.0973195587306	1
-0.894776 0.446515 570.519
-0.446515 -0.894776 386.992
0 0 1
10	28	0.6441174149513245 10.098434585158884 595.1172091261539	1
-0.960788 -0.277284 521.141
0.277284 -0.960788 62.3499
0 0 1
11	14	0.8295308947563171	0
-0.511638 -0.859201 463.551
0.859201 -0.511638 -311.11
0 0 1
12	13	0.9912410974502563	0
0.899443 -0.437038 167.802
0.437038 0.899443 -429.869
0 0 1
12	23	0.8914214372634888	0
0.337541 -0.941311 30.7529
0.941311 0.337541 49.8539
0 0 1
13	14	0.009734096005558968 0.22593266146866497 0.8056950261319608	2
0.918957 0.394359 -180.468
-0.394359 0.918957 81.9308
0 0 1
13	22	0.9945570230484009	0
-0.97918 0.202992 125.651
-0.202992 -0.97918 634.113
0 0 1
13	23	9.802891145227477e-05 2.393150561140544 44.34138213691982	2
0.689705 0.72409 118.447
-0.72409 0.689705 521.455
0 0 1
14	15	0.995640754699707	0
-0.06918 -0.997604 481.275
0.997604 -0.06918 -313.513
0 0 1
14	21	0.9983720183372498	0
0.994451 0.105199 -210.939
-0.105199 0.994451 109.199
0 0 1
15	16	0.9845326542854309	0
0.452579 0.891724 -361.577
-0.891724 0.452579 467.268
0 0 1
15	17	0.9707455039024353 7.647973845082348 262.6558117484633	1
0.110637 -0.993861 84.1445
0.993861 0.110637 145.012
0 0 1
15	20	0.9861416220664978	0
0.961638 -0.274322 143.137
0.274322 0.961638 316.264
0 0 1
15	28	0.99710613489151 1.6640952244190714 267.92939994108036	1
0.835463 0.549547 -11.8447
-0.549547 0.835463 533.026
0 0 1
15	28	0.8466880917549133 8.435552827854487 907.9201451225061	1
0.726148 0.687539 -215.471
-0.687539 0.726148 -73.7534
0 0 1
15	28	0.6709951162338257 4.827386194608152 296.18731753139014	1
0.864515 0.502607 -71.5869
-0.502607 0.864515 527.521
0 0 1
16	17	0.9747333526611328	0
-0.756683 -0.653782 323.285
0.653782 -0.756683 49.2464
0 0 1
16	19	0.9347661137580872 2.484313917953358 619.7848998681878	1
0.430758 -0.902468 530.364
0.902468 0.430758 -189.1
0 0 1
16	19	0.9957733750343323	0
0.468226 -0.883609 69.5596
0.883609 0.468226 224.891
0 0 1
17	18	0.9973152279853821	0
0.892954 0.450149 261.449
-0.450149 0.892954 60.6095
0 0 1
18	29	0.9958213567733765	0
-0.681888 0.731457 488.521
-0.731457 -0.681888 528.838
0 0 1
19	20	0.993976354598999	0
0.957441 -0.28863 275.041
0.28863 0.957441 -186.331
0 0 1
20	21	0.995563268661499	0
-0.439907 0.898043 409.791
-0.898043 -0.439907 242.16
0 0 1
20	28	0.9883592128753662	0
0.622315 0.782767 58.098
-0.782767 0.622315 477.023
0 0 1
20	28	0.9802467823028564 79.83000365108717 243.90518842239698	1
-0.653817 -0.756653 256.73
0.756653 -0.653817 334.133
0 0 1
20	28	0.9716625809669495 70.57988883723908 266.0920751797672	1
-0.523687 -0.851911 279.788
0.851911 -0.523687 328.545
0 0 1
20	31	0.7543060183525085 103.62669090929899 192.34245270618203	1
-0.637784 -0.770215 241.964
0.770215 -0.637784 404.7
0 0 1
21	22	0.6120141744613647	0
-0.757085 0.653316 221.48
-0.653316 -0.757085 544.747
0 0 1
21	27	0.9910525679588318	0
0.156538 -0.987672 47.6078
0.987672 0.156538 12.3192
0 0 1
22	23	4.151957909925841e-05 0.5125574255372101 1.0546568801705032	2
-0.843273 0.537486 67.3543
-0.537486 -0.843273 131.664
0 0 1
22	24	0.9572342038154602	0
-0.91571 -0.401841 614.016
0.401841 -0.91571 3.52025
0 0 1
23	25	0.9811723828315735	0
-0.016135 -0.99987 253.048
0.99987 -0.016135 101.623
0 0 1
24	25	0.1745786815881729 0.5646086741607235 2.4378506611458426	2
-0.833263 -0.552878 609.787
0.552878 -0.833263 367.068
0 0 1
24	27	0.3846965730190277 0.07992964377572065 0.5800355693483308	2
0.439624 -0.898182 239.469
0.898182 0.439624 -209.686
0 0 1
24	32	0.8064441680908203	0
0.32054 -0.947235 78.9385
0.947235 0.32054 130.085
0 0 1
25	30	0.9243574738502502	0
-0.925636 0.378416 703.213
-0.378416 -0.925636 436.949
0 0 1
26	28	0.9948533177375793	0
0.925689 0.378287 144.806
-0.378287 0.925689 55.5969
0 0 1
26	29	0.9980419874191284	0
0.360677 0.932691 -262.69
-0.932691 0.360677 350.9
0 0 1
26	29	0.9531746506690979 0.6464053438701711 55.264823162871025	1
0.347813 0.937564 -257.46
-0.937564 0.347813 407.191
0 0 1
26	31	0.9834228754043579	0
0.544724 -0.838616 227.524
0.838616 0.544724 240.398
0 0 1
27	28	0.9453375935554504	0
0.960111 0.279619 -441.816
-0.279619 0.960111 35.5261
0 0 1
27	35	0.9749264121055603	0
-0.97887 0.204486 253.855
-0.204486 -0.97887 750.403
0 0 1
28	33	0.9881106615066528	0
0.999421 -0.034012 -114.22
0.034012 0.999421 304.835
0 0 1
29	34	0.9986625909805298	0
0.456659 -0.889642 32.3177
0.889642 0.456659 101.23
0 0 1
30	32	0.987128496170044	0
0.136688 -0.990614 342.313
0.990614 0.136688 -194.308
0 0 1
31	33	0.9970587491989136	0
0.262351 0.964972 65.1883
-0.964972 0.262351 144.768
0 0 1
31	34	0.9925594329833984	0
0.457951 0.888978 -111.852
-0.888978 0.457951 384.964
0 0 1
32	35	0.9573945999145508	0
-0.996428 0.084448 74.5913
-0.084448 -0.996428 451.523
0 0 1
33	35	0.0907679870724678 0.2229823291184232 1.504495273435408	2
-0.900493 0.434871 604.745
-0.434871 -0.900493 554.442
0 0 1
