5 7 294.0 -0.993357 -0.115075 260.144103 0.115075 -0.993357 75.101773 0 0 1
0 8 169.0 -0.988705 -0.149876 424.156418 0.149876 -0.988705 260.929135 0 0 1
3 8 339.0 0.263107 0.964767 183.55364 -0.964767 0.263107 304.553235 0 0 1
1 3 183.0 -1.0 -0.000826 344.867312 0.000826 -1.0 91.842656 0 0 1
3 4 407.0 -0.263775 0.964584 90.887294 -0.964584 -0.263775 170.344267 0 0 1
1 2 379.0 -0.518435 -0.855117 356.018612 0.855117 -0.518435 244.94871 0 0 1
4 6 300.0 0.446139 0.894964 -169.091832 -0.894964 0.446139 426.415833 0 0 1
2 5 300.0 -0.899379 -0.437169 381.012298 0.437169 -0.899379 451.327023 0 0 1
3 6 173.0 -0.999977 0.006805 218.278866 -0.006805 -0.999977 65.769593 0 0 1
0 1 352.0 -0.190968 0.981596 184.301717 -0.981596 -0.190968 334.248052 0 0 1
2 7 168.0 -0.971513 -0.236985 122.787298 0.236985 -0.971513 230.819771 0 0 1
6 8 389.0 -0.103031 -0.994678 350.866137 0.994678 -0.103031 -147.703431 0 0 1
1 7 156.0 0.441043 -0.897486 337.695277 0.897486 0.441043 74.660614 0 0 1
4 5 288.0 -0.864202 0.503145 291.554019 -0.503145 -0.864202 453.874319 0 0 1
1 5 152.0 0.319052 0.947737 25.616594 -0.947737 0.319052 314.327854 0 0 1
1 8 144.0 -0.447418 0.894325 34.748962 -0.894325 -0.447418 452.653137 0 0 1
5 6 192.0 0.62421 -0.781257 267.527755 0.781257 0.62421 -109.484306 0 0 1
1 6 158.0 0.948157 0.317803 -71.607868 -0.317803 0.948157 187.405853 0 0 1
7 8 204.0 -0.999997 0.002617 342.913477 -0.002617 -0.999997 114.7089 0 0 1
4 8 206.0 0.896405 -0.443237 -25.155882 0.443237 0.896405 -137.700719 0 0 1
3 5 194.0 -0.948368 0.317171 384.048199 -0.317171 -0.948368 378.057845 0 0 1
5 8 166.0 -0.318711 0.947852 184.905854 -0.947852 -0.318711 306.168059 0 0 1
0 3 244.0 0.405698 -0.914007 173.37004 0.914007 0.405698 159.144154 0 0 1
4 7 190.0 0.999999 -0.001036 -16.616816 0.001036 0.999999 203.1016 0 0 1
6 7 367.0 -0.001178 -0.999999 282.124416 0.999999 -0.001178 168.194833 0 0 1
1 4 234.0 0.467429 -0.884031 44.342843 0.884031 0.467429 -122.809167 0 0 1
