0	1	0.9679296612739563	0
-0.190968 0.981596 184.301717
-0.981596 -0.190968 334.248052
0 0 1
0	3	0.9985924363136292	0
0.405698 -0.914007 173.37004
0.914007 0.405698 159.144154
0 0 1
0	8	0.9845626950263977	1
-0.988705 -0.149876 424.156418
0.149876 -0.988705 260.929135
0 0 1
1	2	0.007932325825095177	2
-0.518435 -0.855117 356.018612
0.855117 -0.518435 244.94871
0 0 1
1	4	0.0021551731042563915	2
0.467429 -0.884031 44.342843
0.884031 0.467429 -122.809167
0 0 1
2	5	0.978929340839386	0
-0.899379 -0.437169 381.012298
0.437169 -0.899379 451.327023
0 0 1
3	4	0.1887178122997284	2
-0.263775 0.964584 90.887294
-0.964584 -0.263775 170.344267
0 0 1
3	8	0.9038556218147278	0
0.263107 0.964767 183.55364
-0.964767 0.263107 304.553235
0 0 1
4	5	0.0013556535122916102	2
-0.864202 0.503145 291.554019
-0.503145 -0.864202 453.874319
0 0 1
4	6	0.052919358015060425	2
0.446139 0.894964 -169.091832
-0.894964 0.446139 426.415833
0 0 1
5	7	0.9449310898780823	0
-0.993357 -0.115075 260.144103
0.115075 -0.993357 75.101773
0 0 1
5	8	0.9184678792953491	1
-0.318711 0.947852 184.905854
-0.947852 -0.318711 306.168059
0 0 1
6	7	0.9393951296806335	0
-0.001178 -0.999999 282.124416
0.999999 -0.001178 168.194833
0 0 1
6	8	0.9927113056182861	0
-0.103031 -0.994678 350.866137
0.994678 -0.103031 -147.703431
0 0 1
