1 
1 0 3480.365721  0 1 3479.608538  0 0 1
2 
-0.629320 -0.777146 3946.009701  0.777146 -0.629320 3554.233211  0 0 1
3 
0 1 3790.029297  -1 0 3710.091309  0 0 1
4 
0.848048 -0.529919 4071.656657  0.529919 0.848048 3393.075111  0 0 1
5 
-0.156434 -0.987688 4426.283273  0.987688 -0.156434 3488.061971  0 0 1
6 
0.874620 -0.484810 4406.127738  0.484810 0.874620 3396.012888  0 0 1
7 
-0.515038 -0.857167 4814.874253  0.857167 -0.515038 3533.116125  0 0 1
8 
-0.992546 -0.121869 4943.229117  0.121869 -0.992546 3655.933621  0 0 1
9 
-0.087156 -0.996195 5107.005815  0.996195 -0.087156 3482.832073  0 0 1
10 
-0.874620 -0.484810 5340.086939  0.484810 -0.874620 3609.780222  0 0 1
11 
0.559193 0.829038 5157.842213  -0.829038 0.559193 3610.391165  0 0 1
12 
-0.484810 -0.874620 5685.802746  0.874620 -0.484810 3520.888479  0 0 1
13 
0.656059 -0.754710 5702.697988  0.754710 0.656059 3389.656710  0 0 1
14 
-0.848048 -0.529919 6037.554775  0.529919 -0.848048 3598.086536  0 0 1
15 
0.500000 -0.866025 6086.917722  0.866025 0.500000 3399.463047  0 0 1
16 
-0.978148 0.207912 6298.660619  -0.207912 -0.978148 3688.583021  0 0 1
17 
-0.656059 0.754710 6359.742737  -0.754710 -0.656059 3718.041670  0 0 1
18 
0.052336 -0.998630 6679.599806  0.998630 0.052336 3469.530405  0 0 1
19 
-0.656059 0.754710 6731.702757  -0.754710 -0.656059 3708.479152  0 0 1
20 
-0.309017 0.951057 6836.314153  -0.951057 -0.309017 3651.421964  0 0 1
21 
0.981627 0.190809 6762.754159  -0.190809 0.981627 3585.869083  0 0 1
22 
0.933580 -0.358368 6678.253796  0.358368 0.933580 3517.203593  0 0 1
23 
-0.939693 -0.342020 5805.788949  0.342020 -0.939693 3696.812170  0 0 1
24 
-0.069756 0.997564 6268.657949  -0.997564 -0.069756 3666.786627  0 0 1
25 
0.743145 0.669131 5307.235332  -0.669131 0.743145 3690.021296  0 0 1
26 
0.529919 -0.848048 6624.090373  0.848048 0.529919 3499.851652  0 0 1
27 
0.669131 -0.743145 5853.341363  0.743145 0.669131 3496.765841  0 0 1
28 
0.819152 0.573576 6086.921040  -0.573576 0.819152 3631.380382  0 0 1
29 
0.707107 0.707107 5135.278973  -0.707107 0.707107 3721.018236  0 0 1
30 
0.422618 -0.906308 6446.359574  0.906308 0.422618 3549.497424  0 0 1
31 
0.669131 -0.743145 4833.362529  0.743145 0.669131 3524.217475  0 0 1
32 
-0.104528 0.994522 4359.906296  -0.994522 -0.104528 3830.837687  0 0 1
33 
-0.529919 0.848048 4243.828213  -0.848048 -0.529919 3874.799965  0 0 1
34 
-0.920505 0.390731 6133.654173  -0.390731 -0.920505 4173.323741  0 0 1
35 
-0.325568 0.945519 4520.953730  -0.945519 -0.325568 3868.944067  0 0 1
36 
-0.798636 0.601815 5030.094461  -0.601815 -0.798636 3877.559685  0 0 1
37 
0.951057 -0.309017 5069.530279  0.309017 0.951057 3566.155376  0 0 1
38 
0.034899 -0.999391 6353.270414  0.999391 0.034899 3616.885688  0 0 1
39 
0.292372 -0.956305 4218.947149  0.956305 0.292372 3572.887957  0 0 1
40 
0.788011 -0.615661 5843.527221  0.615661 0.788011 3546.229613  0 0 1
41 
0.573576 -0.819152 3964.870904  0.819152 0.573576 3556.411908  0 0 1
42 
0.996195 0.087156 3463.189260  -0.087156 0.996195 3660.440769  0 0 1
43 
0.052336 0.998630 3643.729891  -0.998630 0.052336 3873.620546  0 0 1
44 
0.544639 -0.838671 5748.562360  0.838671 0.544639 3639.912655  0 0 1
45 
0.866025 -0.500000 5489.638419  0.500000 0.866025 3604.496542  0 0 1
46 
-0.866025 0.500000 4384.007426  -0.500000 -0.866025 4113.563458  0 0 1
47 
0.999391 0.034899 4350.659902  -0.034899 0.999391 3751.609825  0 0 1
48 
0.069756 -0.997564 4960.952855  0.997564 0.069756 3742.571851  0 0 1
49 
-0.587785 -0.809017 5212.737476  0.809017 -0.587785 3868.491618  0 0 1
50 
0.965926 -0.258819 5242.706561  0.258819 0.965926 3713.022000  0 0 1
51 
0.819152 0.573576 4356.594652  -0.573576 0.819152 3875.767522  0 0 1
52 
0.681998 -0.731354 5159.650827  0.731354 0.681998 3683.336534  0 0 1
53 
-0.987688 -0.156434 4284.420714  0.156434 -0.987688 4031.131006  0 0 1
54 
0.777146 0.629320 3676.729131  -0.629320 0.777146 3920.463832  0 0 1
55 
-0.190809 0.981627 3488.729148  -0.981627 -0.190809 4066.509934  0 0 1
56 
0.017452 -0.999848 3812.617336  0.999848 0.017452 3826.552644  0 0 1
57 
0.694658 0.719340 4081.202734  -0.719340 0.694658 4145.623328  0 0 1
58 
0.484810 0.874620 3926.858465  -0.874620 0.484810 4174.183058  0 0 1
59 
-0.374607 -0.927184 3797.014785  0.927184 -0.374607 4036.114892  0 0 1
60 
-0.809017 -0.587785 3909.784679  0.587785 -0.809017 4161.003640  0 0 1
61 
-0.681998 0.731354 5547.270737  -0.731354 -0.681998 4437.719475  0 0 1
62 
0.731354 0.681998 4923.689193  -0.681998 0.731354 4138.030963  0 0 1
63 
-0.615661 -0.788011 5214.666124  0.788011 -0.615661 4109.987105  0 0 1
64 
0.913545 -0.406737 3807.550973  0.406737 0.913545 3938.044100  0 0 1
65 
0.258819 0.965926 4327.652522  -0.965926 0.258819 4240.616387  0 0 1
66 
0.275637 -0.961262 5397.214635  0.961262 0.275637 3964.362708  0 0 1
67 
-0.920505 -0.390731 4830.423554  0.390731 -0.920505 4231.279164  0 0 1
68 
0.994522 -0.104528 4715.043038  0.104528 0.994522 3990.765423  0 0 1
69 
-0.970296 -0.241922 5813.351620  0.241922 -0.970296 4313.569256  0 0 1
70 
0.898794 0.438371 5588.571094  -0.438371 0.898794 4095.149974  0 0 1
71 
-0.669131 -0.743145 6659.197372  0.743145 -0.669131 4197.880185  0 0 1
72 
0.965926 -0.258819 6484.414422  0.258819 0.965926 4002.822930  0 0 1
73 
-0.984808 -0.173648 6222.988993  0.173648 -0.984808 4339.932690  0 0 1
74 
-0.974370 -0.224951 6423.315194  0.224951 -0.974370 4336.194830  0 0 1
75 
0.587785 0.809017 6496.671389  -0.809017 0.587785 4253.747642  0 0 1
76 
-0.788011 -0.615661 7121.282808  0.615661 -0.788011 4215.427952  0 0 1
77 
-0.104528 -0.994522 3747.431997  0.994522 -0.104528 4201.799466  0 0 1
78 
0.743145 0.669131 3944.978370  -0.669131 0.743145 4280.460046  0 0 1
79 
0.998630 0.052336 3778.060800  -0.052336 0.998630 4189.090358  0 0 1
80 
-0.275637 -0.961262 3868.640007  0.961262 -0.275637 4214.059307  0 0 1
81 
0.241922 0.970296 4149.698965  -0.970296 0.241922 4359.862556  0 0 1
82 
-0.615661 -0.788011 4830.056226  0.788011 -0.615661 4291.678860  0 0 1
83 
-0.121869 -0.992546 4539.231856  0.992546 -0.121869 4225.874602  0 0 1
84 
-0.406737 -0.913545 5012.223934  0.913545 -0.406737 4266.762874  0 0 1
85 
-0.906308 -0.422618 5300.032935  0.422618 -0.906308 4353.276798  0 0 1
86 
0.484810 -0.874620 5383.846230  0.874620 0.484810 4146.083397  0 0 1
87 
-0.139173 0.990268 4942.634567  -0.990268 -0.139173 4375.695960  0 0 1
88 
-0.469472 0.882948 6898.507216  -0.882948 -0.469472 4430.770890  0 0 1
89 
0.994522 -0.104528 5426.318450  0.104528 0.994522 4252.505721  0 0 1
90 
-0.766044 0.642788 6779.007568  -0.642788 -0.766044 4500.243125  0 0 1
91 
-0.994522 -0.104528 6015.425100  0.104528 -0.994522 4371.680123  0 0 1
92 
-0.629320 -0.777146 6203.361322  0.777146 -0.629320 4334.038125  0 0 1
93 
0.017452 -0.999848 6407.111932  0.999848 0.017452 4309.583293  0 0 1
94 
0.857167 -0.515038 5492.167952  0.515038 0.857167 4215.153948  0 0 1
95 
-0.500000 0.866025 4837.825075  -0.866025 -0.500000 4655.840521  0 0 1
96 
-0.500000 -0.866025 6131.692718  0.866025 -0.500000 4418.273683  0 0 1
97 
-0.819152 -0.573576 5380.836441  0.573576 -0.819152 4509.548467  0 0 1
98 
-0.275637 -0.961262 4571.675666  0.961262 -0.275637 4357.041411  0 0 1
99 
0.156434 0.987688 4899.637494  -0.987688 0.156434 4581.665228  0 0 1
100 
-0.438371 -0.898794 5528.448720  0.898794 -0.438371 4359.370561  0 0 1
101 
-0.777146 0.629320 3930.148963  -0.629320 -0.777146 4649.945140  0 0 1
102 
0.829038 0.559193 5523.770570  -0.559193 0.829038 4413.466607  0 0 1
103 
0.974370 0.224951 5926.976282  -0.224951 0.974370 4342.412906  0 0 1
104 
-0.642788 0.766044 4090.784636  -0.766044 -0.642788 4627.442656  0 0 1
105 
0.981627 0.190809 4151.423015  -0.190809 0.981627 4332.529430  0 0 1
106 
-0.819152 0.573576 6477.097594  -0.573576 -0.819152 4706.226663  0 0 1
107 
0.694658 -0.719340 6567.301549  0.719340 0.694658 4256.097607  0 0 1
108 
0.656059 -0.754710 4652.079658  0.754710 0.656059 4203.322245  0 0 1
109 
0.956305 0.292372 3641.568834  -0.292372 0.956305 4366.926006  0 0 1
110 
0.500000 0.866025 6729.785328  -0.866025 0.500000 4562.626937  0 0 1
111 
0.529919 -0.848048 6818.719446  0.848048 0.529919 4221.389871  0 0 1
112 
0.694658 0.719340 3388.966808  -0.719340 0.694658 4464.484576  0 0 1
113 
0.258819 -0.965926 4772.423390  0.965926 0.258819 4416.004407  0 0 1
114 
-0.987688 0.156434 4235.941821  -0.156434 -0.987688 4802.705919  0 0 1
115 
-0.515038 0.857167 3842.581821  -0.857167 -0.515038 4861.660965  0 0 1
116 
-0.731354 0.681998 4307.273162  -0.681998 -0.731354 4862.433124  0 0 1
117 
0.743145 -0.669131 4436.728058  0.669131 0.743145 4416.422231  0 0 1
118 
0.207912 0.978148 3649.406744  -0.978148 0.207912 4751.412133  0 0 1
119 
-0.898794 -0.438371 5038.976981  0.438371 -0.898794 4688.485561  0 0 1
120 
-0.121869 -0.992546 3773.298047  0.992546 -0.121869 4505.241447  0 0 1
121 
-0.987688 0.156434 5294.599337  -0.156434 -0.987688 4772.065509  0 0 1
122 
0.139173 0.990268 5357.861343  -0.990268 0.139173 4722.742548  0 0 1
123 
0.422618 0.906308 5560.755238  -0.906308 0.422618 4702.982899  0 0 1
124 
-0.325568 0.945519 5776.315508  -0.945519 -0.325568 4834.340183  0 0 1
125 
-0.258819 0.965926 4954.869714  -0.965926 -0.258819 4769.407587  0 0 1
126 
-0.069756 0.997564 5254.011221  -0.997564 -0.069756 4750.437454  0 0 1
127 
0.987688 0.156434 5952.408610  -0.156434 0.987688 4585.785513  0 0 1
128 
-0.981627 -0.190809 7047.512090  0.190809 -0.981627 4770.797194  0 0 1
129 
-0.087156 0.996195 6378.602949  -0.996195 -0.087156 4790.189755  0 0 1
130 
-0.224951 -0.974370 6446.577008  0.974370 -0.224951 4613.194011  0 0 1
131 
0.615661 -0.788011 6774.800233  0.788011 0.615661 4462.578888  0 0 1
132 
0.996195 0.087156 6479.570541  -0.087156 0.996195 4609.346205  0 0 1
133 
0.996195 0.087156 5250.810762  -0.087156 0.996195 4691.642588  0 0 1
134 
0.656059 0.754710 4428.741886  -0.754710 0.656059 4816.818214  0 0 1
135 
0.956305 0.292372 4878.712118  -0.292372 0.956305 4708.116872  0 0 1
136 
-0.913545 -0.406737 5330.838922  0.406737 -0.913545 4795.943852  0 0 1
137 
-0.292372 -0.956305 5694.775436  0.956305 -0.292372 4720.430429  0 0 1
138 
-0.891007 0.453990 4911.560464  -0.453990 -0.891007 4923.100098  0 0 1
139 
-0.342020 -0.939693 6419.857614  0.939693 -0.342020 4725.489196  0 0 1
140 
-0.798636 -0.601815 3824.202834  0.601815 -0.798636 4850.650942  0 0 1
141 
-0.139173 0.990268 4219.120172  -0.990268 -0.139173 4902.077307  0 0 1
142 
0.258819 -0.965926 4524.645884  0.965926 0.258819 4681.411939  0 0 1
143 
0.515038 0.857167 3706.200532  -0.857167 0.515038 4858.051858  0 0 1
144 
0.173648 -0.984808 6009.290530  0.984808 0.173648 4687.901562  0 0 1
145 
0.104528 -0.994522 6186.017365  0.994522 0.104528 4700.769189  0 0 1
146 
-0.819152 0.573576 4150.327732  -0.573576 -0.819152 5015.794213  0 0 1
147 
-0.453990 0.891007 6212.380010  -0.891007 -0.453990 5172.430875  0 0 1
148 
-0.656059 -0.754710 5822.104342  0.754710 -0.656059 4859.974943  0 0 1
149 
0.920505 -0.390731 3722.613612  0.390731 0.920505 4697.129427  0 0 1
150 
-0.587785 0.809017 5683.425178  -0.809017 -0.587785 5090.289367  0 0 1
151 
0.173648 0.984808 6312.211573  -0.984808 0.173648 5064.924058  0 0 1
152 
-0.994522 0.104528 6928.400732  -0.104528 -0.994522 5105.029786  0 0 1
153 
0.913545 0.406737 6386.012589  -0.406737 0.913545 4796.986680  0 0 1
154 
0.087156 0.996195 6843.214477  -0.996195 0.087156 5059.385026  0 0 1
155 
-0.999848 -0.017452 5451.231483  0.017452 -0.999848 5022.663565  0 0 1
156 
-0.987688 0.156434 5310.888901  -0.156434 -0.987688 5071.346315  0 0 1
157 
0.121869 0.992546 4894.217689  -0.992546 0.121869 5023.036567  0 0 1
158 
0.906308 0.422618 4726.720671  -0.422618 0.906308 4855.794602  0 0 1
159 
0.999848 -0.017452 4478.222343  0.017452 0.999848 4811.835275  0 0 1
160 
0.970296 0.241922 4153.844237  -0.241922 0.970296 4858.890854  0 0 1
161 
0.809017 0.587785 4298.660964  -0.587785 0.809017 4905.468143  0 0 1
162 
-0.996195 -0.087156 4270.202631  0.087156 -0.996195 5049.061656  0 0 1
163 
0.945519 -0.325568 3794.086708  0.325568 0.945519 4796.019974  0 0 1
164 
-0.017452 0.999848 3716.678638  -0.999848 -0.017452 5062.671349  0 0 1
165 
-0.087156 0.996195 3482.805103  -0.996195 -0.087156 5100.170140  0 0 1
166 
0.052336 0.998630 5033.513425  -0.998630 0.052336 5239.204921  0 0 1
167 
0.848048 0.529919 5184.219510  -0.529919 0.848048 5039.355461  0 0 1
168 
0.500000 -0.866025 5040.661274  0.866025 0.500000 4926.479409  0 0 1
169 
0.994522 -0.104528 4482.675888  0.104528 0.994522 4949.148303  0 0 1
170 
0.190809 -0.981627 5663.030064  0.981627 0.190809 4936.553484  0 0 1
171 
-0.866025 0.500000 4898.798422  -0.500000 -0.866025 5290.043098  0 0 1
172 
0.798636 -0.601815 5686.147229  0.601815 0.798636 4949.611886  0 0 1
173 
0.913545 0.406737 3856.671273  -0.406737 0.913545 5086.334824  0 0 1
174 
0.139173 0.990268 4160.027287  -0.990268 0.139173 5254.425210  0 0 1
175 
0.731354 0.681998 5627.220834  -0.681998 0.731354 5105.863260  0 0 1
176 
-0.866025 -0.500000 6968.930502  0.500000 -0.866025 5095.986304  0 0 1
177 
-0.325568 0.945519 3762.851887  -0.945519 -0.325568 5322.991363  0 0 1
178 
0.788011 0.615661 5876.451612  -0.615661 0.788011 5087.254994  0 0 1
179 
0.927184 -0.374607 6510.462355  0.374607 0.927184 4998.433707  0 0 1
180 
-0.529919 -0.848048 3879.216389  0.848048 -0.529919 5084.245552  0 0 1
181 
0.681998 -0.731354 3650.276817  0.731354 0.681998 4902.669347  0 0 1
182 
0.965926 -0.258819 6390.215648  0.258819 0.965926 4984.277452  0 0 1
183 
-0.956305 -0.292372 4572.494744  0.292372 -0.956305 5226.813186  0 0 1
184 
-0.984808 0.173648 7011.870100  -0.173648 -0.984808 5142.267760  0 0 1
185 
0.809017 -0.587785 6245.475775  0.587785 0.809017 4929.911508  0 0 1
186 
0.857167 -0.515038 6934.759881  0.515038 0.857167 5035.803878  0 0 1
187 
-0.190809 0.981627 6574.527926  -0.981627 -0.190809 5551.144089  0 0 1
188 
-0.992546 0.121869 6403.704815  -0.121869 -0.992546 5455.482586  0 0 1
189 
0.529919 -0.848048 6099.618889  0.848048 0.529919 5034.627828  0 0 1
190 
-0.798636 0.601815 5870.238868  -0.601815 -0.798636 5474.648327  0 0 1
191 
-0.978148 0.207912 6541.971592  -0.207912 -0.978148 5462.074395  0 0 1
192 
0.052336 -0.998630 6602.677981  0.998630 0.052336 5130.365990  0 0 1
193 
-0.987688 0.156434 5770.983085  -0.156434 -0.987688 5420.241448  0 0 1
194 
-1 0 5711.020508  0 -1 5411.938477  0 0 1
195 
0.882948 -0.469472 5120.740027  0.469472 0.882948 5095.901196  0 0 1
196 
0.515038 0.857167 4812.568397  -0.857167 0.515038 5357.170706  0 0 1
197 
0.920505 0.390731 5229.628803  -0.390731 0.920505 5245.823554  0 0 1
198 
-0.829038 -0.559193 4996.486834  0.559193 -0.829038 5342.026418  0 0 1
199 
-0.642788 0.766044 4619.984219  -0.766044 -0.642788 5564.170647  0 0 1
200 
0.731354 0.681998 4328.722480  -0.681998 0.731354 5307.934243  0 0 1
201 
-0.358368 -0.933580 4053.704100  0.933580 -0.358368 5255.585198  0 0 1
202 
0.874620 0.484810 4142.232883  -0.484810 0.874620 5265.493313  0 0 1
203 
-0.984808 -0.173648 4278.636150  0.173648 -0.984808 5421.490671  0 0 1
204 
0.544639 -0.838671 3671.435658  0.838671 0.544639 5115.861336  0 0 1
205 
0.224951 0.974370 3671.206910  -0.974370 0.224951 5432.090977  0 0 1
206 
0.838671 -0.544639 5983.573539  0.544639 0.838671 5242.913796  0 0 1
207 
-0.882948 0.469472 5763.525564  -0.469472 -0.882948 5748.505318  0 0 1
208 
0.515038 -0.857167 5889.400544  0.857167 0.515038 5263.053523  0 0 1
209 
0.484810 -0.874620 4880.399051  0.874620 0.484810 5314.195120  0 0 1
210 
-0.951057 -0.309017 4929.503304  0.309017 -0.951057 5641.249235  0 0 1
211 
-0.325568 0.945519 5116.586287  -0.945519 -0.325568 5777.804353  0 0 1
212 
-0.951057 -0.309017 5563.948837  0.309017 -0.951057 5663.611076  0 0 1
213 
0.819152 0.573576 5283.764343  -0.573576 0.819152 5471.814680  0 0 1
214 
-0.974370 -0.224951 5186.036843  0.224951 -0.974370 5685.442760  0 0 1
215 
-0.829038 -0.559193 4648.470249  0.559193 -0.829038 5574.158643  0 0 1
216 
-0.241922 -0.970296 6460.042087  0.970296 -0.241922 5406.850344  0 0 1
217 
-0.906308 -0.422618 4568.213172  0.422618 -0.906308 5627.955164  0 0 1
218 
-0.945519 0.325568 4242.369341  -0.325568 -0.945519 5717.290908  0 0 1
219 
0.974370 -0.224951 6370.071243  0.224951 0.974370 5373.093577  0 0 1
220 
-0.777146 -0.629320 4088.108375  0.629320 -0.777146 5536.423919  0 0 1
221 
-0.743145 0.669131 6781.252926  -0.669131 -0.743145 5861.913342  0 0 1
222 
-0.997564 -0.069756 3777.442203  0.069756 -0.997564 5605.299006  0 0 1
223 
0.848048 0.529919 6398.470850  -0.529919 0.848048 5482.450342  0 0 1
224 
-0.275637 0.961262 6894.429825  -0.961262 -0.275637 5763.665719  0 0 1
225 
0.965926 0.258819 3430.649023  -0.258819 0.965926 5597.714834  0 0 1
226 
-0.990268 -0.139173 4027.315161  0.139173 -0.990268 5825.055778  0 0 1
227 
0.615661 0.788011 3847.906501  -0.788011 0.615661 5735.581156  0 0 1
228 
-0.981627 -0.190809 4547.138471  0.190809 -0.981627 5842.857320  0 0 1
229 
-0.374607 -0.927184 6657.392762  0.927184 -0.374607 5657.122723  0 0 1
230 
0.681998 0.731354 6285.723597  -0.731354 0.681998 5719.297391  0 0 1
231 
-0.987688 -0.156434 4853.121285  0.156434 -0.987688 5824.952448  0 0 1
232 
0.978148 0.207912 6123.574732  -0.207912 0.978148 5653.924165  0 0 1
233 
-0.731354 0.681998 6743.779032  -0.681998 -0.731354 5952.968347  0 0 1
234 
-0.848048 -0.529919 4999.704137  0.529919 -0.848048 5761.172137  0 0 1
235 
0.601815 0.798636 4824.441780  -0.798636 0.601815 5752.571879  0 0 1
236 
-0.500000 -0.866025 5403.248755  0.866025 -0.500000 5701.980729  0 0 1
237 
0.406737 0.913545 5264.988613  -0.913545 0.406737 5782.469577  0 0 1
238 
0.587785 0.809017 5855.803218  -0.809017 0.587785 5771.922455  0 0 1
239 
-0.819152 0.573576 5886.707140  -0.573576 -0.819152 5877.970986  0 0 1
240 
-0.515038 0.857167 5700.038896  -0.857167 -0.515038 5870.289176  0 0 1
241 
0.990268 -0.139173 5433.961311  0.139173 0.990268 5625.826429  0 0 1
242 
-0.999848 0.017452 7018.962191  -0.017452 -0.999848 5783.513048  0 0 1
243 
0.374607 -0.927184 6351.464752  0.927184 0.374607 5659.185605  0 0 1
244 
-0.743145 0.669131 6055.107446  -0.669131 -0.743145 6076.748462  0 0 1
245 
0.956305 -0.292372 6895.585984  0.292372 0.956305 5702.309208  0 0 1
246 
-0.453990 0.891007 6657.389604  -0.891007 -0.453990 6116.976093  0 0 1
247 
0.515038 0.857167 3398.595399  -0.857167 0.515038 5908.008474  0 0 1
248 
0.981627 0.190809 4875.817719  -0.190809 0.981627 5775.365765  0 0 1
249 
0.087156 0.996195 6340.760205  -0.996195 0.087156 5962.788397  0 0 1
250 
0.017452 -0.999848 6623.427839  0.999848 0.017452 5759.395282  0 0 1
251 
-0.857167 -0.515038 5392.871726  0.515038 -0.857167 5860.995922  0 0 1
252 
-0.358368 -0.933580 5838.600314  0.933580 -0.358368 5785.586638  0 0 1
253 
-0.970296 -0.241922 5975.833243  0.241922 -0.970296 5933.147139  0 0 1
254 
-0.017452 0.999848 5286.355829  -0.999848 -0.017452 5931.251454  0 0 1
255 
0.978148 0.207912 4750.539317  -0.207912 0.978148 5798.770471  0 0 1
256 
-0.104528 0.994522 5431.473555  -0.994522 -0.104528 5958.926114  0 0 1
257 
0.829038 -0.559193 4603.398948  0.559193 0.829038 5672.382923  0 0 1
258 
-0.469472 0.882948 4005.051139  -0.882948 -0.469472 6034.349509  0 0 1
259 
0.069756 0.997564 3721.947627  -0.997564 0.069756 5964.485312  0 0 1
260 
0.874620 -0.484810 4334.420156  0.484810 0.874620 5709.822953  0 0 1
261 
0.997564 -0.069756 4510.465007  0.069756 0.997564 5810.400252  0 0 1
262 
-0.258819 0.965926 4915.532382  -0.965926 -0.258819 6259.127862  0 0 1
263 
0.798636 -0.601815 4824.967870  0.601815 0.798636 5764.191194  0 0 1
264 
0.438371 0.898794 4367.460752  -0.898794 0.438371 6099.472813  0 0 1
265 
-0.809017 0.587785 4411.629733  -0.587785 -0.809017 6302.617633  0 0 1
266 
0.743145 -0.669131 4151.356110  0.669131 0.743145 5723.605100  0 0 1
267 
0.390731 0.920505 4958.022383  -0.920505 0.390731 6143.778515  0 0 1
268 
-0.325568 0.945519 5269.463958  -0.945519 -0.325568 6309.416327  0 0 1
269 
-0.275637 0.961262 5471.839350  -0.961262 -0.275637 6294.965420  0 0 1
270 
0.927184 0.374607 5543.608356  -0.374607 0.927184 5939.941439  0 0 1
271 
0.156434 -0.987688 6169.502403  0.987688 0.156434 5862.751064  0 0 1
272 
0.069756 -0.997564 5967.907192  0.997564 0.069756 5879.448114  0 0 1
273 
-0.829038 -0.559193 3863.824820  0.559193 -0.829038 6058.921284  0 0 1
274 
-0.469472 -0.882948 6545.403661  0.882948 -0.469472 5999.599855  0 0 1
275 
-0.974370 0.224951 3987.267195  -0.224951 -0.974370 6185.591024  0 0 1
276 
0.874620 -0.484810 6411.909870  0.484810 0.874620 5878.010389  0 0 1
277 
0.629320 0.777146 3647.425403  -0.777146 0.629320 6055.336864  0 0 1
278 
0.999848 -0.017452 6479.101013  0.017452 0.999848 5937.529297  0 0 1
279 
0.173648 0.984808 6822.832760  -0.984808 0.173648 6260.449750  0 0 1
280 
0.325568 -0.945519 6870.638484  0.945519 0.325568 5849.230675  0 0 1
281 
0.987688 -0.156434 3491.244008  0.156434 0.987688 6049.675187  0 0 1
282 
-0.484810 0.874620 3760.921560  -0.874620 -0.484810 6321.860261  0 0 1
283 
0.224951 -0.974370 3969.605273  0.974370 0.224951 6052.105868  0 0 1
284 
0.997564 -0.069756 4517.422949  0.069756 0.997564 6099.849352  0 0 1
285 
-0.469472 -0.882948 4634.888483  0.882948 -0.469472 6153.415839  0 0 1
286 
0.981627 -0.190809 4236.063910  0.190809 0.981627 6071.978685  0 0 1
287 
0.945519 -0.325568 3989.919535  0.325568 0.945519 6046.054325  0 0 1
288 
0.987688 -0.156434 4804.261646  0.156434 0.987688 6127.847836  0 0 1
289 
-0.587785 -0.809017 5165.188462  0.809017 -0.587785 6198.848466  0 0 1
290 
-0.173648 0.984808 5072.446652  -0.984808 -0.173648 6315.227961  0 0 1
291 
0.743145 0.669131 5195.922360  -0.669131 0.743145 6228.798934  0 0 1
292 
0.669131 -0.743145 5743.859758  0.743145 0.669131 6128.567490  0 0 1
293 
0.190809 -0.981627 5964.230567  0.981627 0.190809 6157.343480  0 0 1
294 
-0.933580 -0.358368 5723.628572  0.358368 -0.933580 6287.168064  0 0 1
295 
0.258819 0.965926 6603.190798  -0.965926 0.258819 6281.124435  0 0 1
296 
0.999848 0.017452 5925.179342  -0.017452 0.999848 6203.874215  0 0 1
297 
0.601815 0.798636 6452.690610  -0.798636 0.601815 6267.463101  0 0 1
298 
-0.694658 -0.719340 6441.136288  0.719340 -0.694658 6246.865147  0 0 1
299 
-0.987688 -0.156434 6533.829078  0.156434 -0.987688 6300.298255  0 0 1
300 
-0.990268 -0.139173 4319.760314  0.139173 -0.990268 6495.950270  0 0 1
301 
0 -1 5520.313477  1 0 6233.223633  0 0 1
302 
-0.207912 0.978148 5090.290878  -0.978148 -0.207912 6516.938033  0 0 1
303 
-0.719340 -0.694658 6289.704121  0.694658 -0.719340 6356.622733  0 0 1
304 
-0.743145 0.669131 6780.168363  -0.669131 -0.743145 6571.888183  0 0 1
305 
-0.515038 -0.857167 7074.906702  0.857167 -0.515038 6304.321572  0 0 1
306 
-0.754710 -0.656059 4096.699693  0.656059 -0.754710 6402.833953  0 0 1
307 
-0.601815 0.798636 6238.037362  -0.798636 -0.601815 6591.765765  0 0 1
308 
0.939693 -0.342020 5472.960279  0.342020 0.939693 6192.249064  0 0 1
309 
0.258819 -0.965926 5087.076410  0.965926 0.258819 6202.697957  0 0 1
310 
-0.913545 -0.406737 5015.277744  0.406737 -0.913545 6446.692157  0 0 1
311 
-0.587785 -0.809017 6084.764175  0.809017 -0.587785 6353.441126  0 0 1
312 
0.484810 -0.874620 3712.814480  0.874620 0.484810 6153.637699  0 0 1
313 
0.669131 -0.743145 4386.097351  0.743145 0.669131 6123.838503  0 0 1
314 
0.104528 0.994522 4497.393138  -0.994522 0.104528 6498.677440  0 0 1
315 
0.292372 0.956305 6449.330744  -0.956305 0.292372 6406.312588  0 0 1
316 
-0.309017 0.951057 6394.140662  -0.951057 -0.309017 6479.689847  0 0 1
317 
0.422618 -0.906308 3804.596009  0.906308 0.422618 6242.041795  0 0 1
318 
-0.601815 -0.798636 5904.775269  0.798636 -0.601815 6337.162993  0 0 1
319 
0.798636 -0.601815 4508.932584  0.601815 0.798636 6245.730674  0 0 1
320 
0.882948 -0.469472 6704.583034  0.469472 0.882948 6247.440779  0 0 1
321 
0.978148 0.207912 6813.017355  -0.207912 0.978148 6389.538395  0 0 1
322 
0.573576 0.819152 6395.200080  -0.819152 0.573576 6574.538879  0 0 1
323 
0.629320 -0.777146 6500.640700  0.777146 0.629320 6338.344063  0 0 1
324 
-0.241922 0.970296 6156.106177  -0.970296 -0.241922 6763.241290  0 0 1
325 
0.292372 -0.956305 5098.401262  0.956305 0.292372 6395.305766  0 0 1
326 
0.292372 0.956305 5183.138856  -0.956305 0.292372 6677.220088  0 0 1
327 
0.656059 0.754710 5850.569781  -0.754710 0.656059 6588.713171  0 0 1
328 
-0.913545 -0.406737 5381.697227  0.406737 -0.913545 6662.567345  0 0 1
329 
0.694658 0.719340 3641.305537  -0.719340 0.694658 6553.319254  0 0 1
330 
-0.731354 0.681998 3902.664408  -0.681998 -0.731354 6778.402346  0 0 1
331 
0.777146 -0.629320 3606.236368  0.629320 0.777146 6313.555311  0 0 1
332 
0.920505 0.390731 5675.630540  -0.390731 0.920505 6504.808287  0 0 1
333 
0.438371 -0.898794 4789.888826  0.898794 0.438371 6340.505780  0 0 1
334 
-0.987688 -0.156434 4339.742338  0.156434 -0.987688 6692.643167  0 0 1
335 
-0.996195 0.087156 4553.367453  -0.087156 -0.996195 6721.551096  0 0 1
336 
-0.656059 0.754710 4537.757644  -0.754710 -0.656059 6712.162258  0 0 1
337 
0.829038 -0.559193 4843.025024  0.559193 0.829038 6425.242849  0 0 1
338 
0.190809 -0.981627 5645.913830  0.981627 0.190809 6429.218156  0 0 1
339 
-0.190809 -0.981627 5828.825338  0.981627 -0.190809 6478.865454  0 0 1
340 
-0.275637 -0.961262 3845.882304  0.961262 -0.275637 6647.900066  0 0 1
341 
-0.669131 0.743145 3880.141139  -0.743145 -0.669131 6955.168974  0 0 1
342 
-0.438371 -0.898794 4944.595813  0.898794 -0.438371 6691.758471  0 0 1
343 
0.731354 0.681998 3850.737525  -0.681998 0.731354 6758.415228  0 0 1
344 
-0.587785 0.809017 4375.324240  -0.809017 -0.587785 7007.887015  0 0 1
345 
0.484810 0.874620 4735.069758  -0.874620 0.484810 6820.051523  0 0 1
346 
-0.694658 0.719340 6292.002579  -0.719340 -0.694658 6939.377775  0 0 1
347 
0.694658 0.719340 4767.277238  -0.719340 0.694658 6772.977113  0 0 1
348 
0.544639 -0.838671 6531.436819  0.838671 0.544639 6581.104071  0 0 1
349 
0.927184 -0.374607 6557.272124  0.374607 0.927184 6635.159449  0 0 1
350 
0.587785 0.809017 5662.857179  -0.809017 0.587785 6790.165999  0 0 1
351 
-0.453990 -0.891007 4656.465542  0.891007 -0.453990 6706.152084  0 0 1
352 
-0.956305 -0.292372 5844.523237  0.292372 -0.956305 6854.482250  0 0 1
353 
-0.406737 0.913545 6022.390474  -0.913545 -0.406737 6879.073366  0 0 1
354 
0.719340 -0.694658 5401.980776  0.694658 0.719340 6532.962653  0 0 1
355 
0.309017 0.951057 5039.491917  -0.951057 0.309017 6865.779191  0 0 1
356 
0.484810 0.874620 5427.491431  -0.874620 0.484810 6836.263069  0 0 1
357 
0.956305 0.292372 6563.191681  -0.292372 0.956305 6684.843461  0 0 1
358 
0.207912 -0.978148 6919.890504  0.978148 0.207912 6673.302447  0 0 1
359 
-0.920505 0.390731 6995.712170  -0.390731 -0.920505 7057.656841  0 0 1
360 
-0.866025 0.500000 6590.797626  -0.500000 -0.866025 7038.143849  0 0 1
361 
0.961262 0.275637 6073.352078  -0.275637 0.961262 6786.785531  0 0 1
362 
-0.829038 0.559193 6533.450484  -0.559193 -0.829038 7080.936489  0 0 1
363 
-0.939693 -0.342020 6264.957090  0.342020 -0.939693 6979.876226  0 0 1
364 
-0.139173 0.990268 5753.155602  -0.990268 -0.139173 7058.194254  0 0 1
365 
-0.994522 0.104528 3786.858135  -0.104528 -0.994522 7049.708152  0 0 1
366 
-0.601815 -0.798636 3909.271953  0.798636 -0.601815 6894.257752  0 0 1
367 
-0.731354 0.681998 3881.629771  -0.681998 -0.731354 7097.925914  0 0 1
368 
0.857167 -0.515038 4041.727435  0.515038 0.857167 6687.246638  0 0 1
369 
0.173648 0.984808 4511.189033  -0.984808 0.173648 7009.000914  0 0 1
370 
-0.891007 0.453990 5750.691243  -0.453990 -0.891007 7070.495729  0 0 1
371 
-0.275637 0.961262 5141.465289  -0.961262 -0.275637 7069.993735  0 0 1
372 
-0.139173 0.990268 4791.512939  -0.990268 -0.139173 7032.680878  0 0 1
373 
0.156434 -0.987688 5534.444026  0.987688 0.156434 6803.331912  0 0 1
374 
-0.069756 0.997564 4264.610977  -0.997564 -0.069756 7038.077805  0 0 1
375 
0.034899 -0.999391 5157.872947  0.999391 0.034899 6833.403776  0 0 1
376 
0.933580 -0.358368 5527.889472  0.358368 0.933580 6805.179414  0 0 1
