0 1 368.0 0.991757 -0.128132 484.219394 0.128132 0.991757 725.100223 0 0 1
1 2 563.0 -0.869686 -0.493606 2252.015205 0.493606 -0.869686 1747.754563 0 0 1
0 2 111.0 -0.922791 -0.385302 2093.202947 0.385302 -0.922791 1912.071662 0 0 1
0 5 779.0 0.844743 0.535172 263.989424 -0.535172 0.844743 193.857558 0 0 1
3 6 462.0 -0.654547 -0.756021 1827.153267 0.756021 -0.654547 -33.774723 0 0 1
1 4 949 -0.827707115936533 0.561160256793928 1434.2901630275285 -0.5611602567939279 -0.8277071159365329 1362.5364698490212 0 0 1
2 3 887.0 -0.182316 0.98324 -482.0607 -0.98324 -0.182316 1634.78532 0 0 1
2 4 156 -0.46811493718910835 0.8836679857222604 -196.91286531257006 -0.8836679857222606 -0.46811493718910835 1792.7956511610523 0 0 1
4 5 488 -0.27306498450182926 -0.9619952232527016 2465.3383514931365 0.9619952232527014 -0.2730649845018292 569.0560413047859 0 0 1
4 8 1192.0 0.838063 -0.545573 278.371442 0.545573 0.838063 389.163439 0 0 1
3 4 823.0 -0.960436 -0.278502 694.22477 0.278502 -0.960436 1144.463846 0 0 1
5 7 682.0 -0.926307 0.37677 1790.011841 -0.37677 -0.926307 1689.727208 0 0 1
6 8 422.0 0.407755 -0.913092 1649.31845 0.913092 0.407755 564.132807 0 0 1
7 8 789.0 0.094524 -0.995523 1079.693082 0.995523 0.094524 -943.65637 0 0 1
