Node 0
Node 1
Node 2
Node 3
Node 4
Node 5
Node 6
Node 7
Node 8
0 6 109 -0.993296 0.115603 1713.877269 -0.115603 -0.993296 819.856102 0.000000 0.000000 1.000000 line
2 6 152 -0.920064 0.391769 1025.808952 -0.391769 -0.920064 2596.476306 0.000000 0.000000 1.000000 line
6 7 102 -0.891293 -0.453428 1817.951620 0.453428 -0.891293 199.839869 0.000000 0.000000 1.000000 line
0 6 145 -0.972903 0.231215 1734.930974 -0.231215 -0.972903 1236.169808 0.000000 0.000000 1.000000 line
0 6 110 -0.979759 0.200179 1805.385137 -0.200179 -0.979759 1236.739337 0.000000 0.000000 1.000000 line
2 6 156 0.874273 -0.485435 -61.174169 0.485435 0.874273 182.966480 0.000000 0.000000 1.000000 line
0 6 110 -0.988124 0.153656 1830.747647 -0.153656 -0.988124 1196.227615 0.000000 0.000000 1.000000 line
2 6 105 0.912178 -0.409793 -128.649651 0.409793 0.912178 95.825829 0.000000 0.000000 1.000000 line
6 7 153 -0.903695 -0.428177 1870.515346 0.428177 -0.903695 305.870450 0.000000 0.000000 1.000000 line
2 6 144 0.996927 -0.078335 -482.678280 0.078335 0.996927 -28.492570 0.000000 0.000000 1.000000 line
1 6 146 -0.993631 0.112680 1621.276188 -0.112680 -0.993631 867.943004 0.000000 0.000000 1.000000 line
5 7 682 -0.926307 0.376770 1790.011841 -0.376770 -0.926307 1689.727208 0.000000 0.000000 1.000000 line
5 7 103 -0.907075 0.420968 1726.956859 -0.420968 -0.907075 1260.902460 0.000000 0.000000 1.000000 line
6 7 197 -0.985260 -0.171061 2146.809850 0.171061 -0.985260 1150.286942 0.000000 0.000000 1.000000 line
6 8 104 -0.462185 0.886784 1042.861762 -0.886784 -0.462185 1371.421871 0.000000 0.000000 1.000000 line
5 7 103 -0.933950 0.357403 1798.764403 -0.357403 -0.933950 1029.693114 0.000000 0.000000 1.000000 line
6 7 105 -0.978106 -0.208108 2437.209297 0.208108 -0.978106 1480.801467 0.000000 0.000000 1.000000 line
0 1 204 -0.994487 0.104858 1674.064291 -0.104858 -0.994487 1000.820875 0.000000 0.000000 1.000000 line
0 5 101 0.510806 -0.859696 1568.999706 0.859696 0.510806 -720.376637 0.000000 0.000000 1.000000 line
6 8 161 -0.494552 0.869148 673.413939 -0.869148 -0.494552 989.246995 0.000000 0.000000 1.000000 line
2 6 145 0.975952 -0.217984 -446.009140 0.217984 0.975952 -475.168165 0.000000 0.000000 1.000000 line
0 5 101 -0.989499 0.144538 1804.230480 -0.144538 -0.989499 926.221908 0.000000 0.000000 1.000000 line
0 2 155 0.891740 0.452549 -152.544763 -0.452549 0.891740 -439.826352 0.000000 0.000000 1.000000 line
6 7 103 -0.989376 -0.145379 2139.377310 0.145379 -0.989376 1177.626244 0.000000 0.000000 1.000000 line
3 6 102 0.848900 -0.528553 -284.460249 0.528553 0.848900 -419.375150 0.000000 0.000000 1.000000 line
0 5 101 -0.833379 -0.552702 1916.539288 0.552702 -0.833379 -67.332689 0.000000 0.000000 1.000000 line
2 6 108 0.918802 -0.394720 -271.608387 0.394720 0.918802 -384.486657 0.000000 0.000000 1.000000 line
1 5 157 0.846200 0.532865 144.401423 -0.532865 0.846200 142.599470 0.000000 0.000000 1.000000 line
0 5 152 0.865100 0.501599 42.321884 -0.501599 0.865100 -435.463108 0.000000 0.000000 1.000000 line
5 7 103 -0.895971 0.444114 1705.531159 -0.444114 -0.895971 1276.062511 0.000000 0.000000 1.000000 line
5 6 103 -0.808950 0.587877 1595.192204 -0.587877 -0.808950 1282.561734 0.000000 0.000000 1.000000 line
5 7 105 -0.922441 0.386138 1767.335686 -0.386138 -0.922441 1139.342305 0.000000 0.000000 1.000000 line
1 6 104 -1.000000 0.000000 1847.000000 -0.000000 -1.000000 1036.000000 0.000000 0.000000 1.000000 line
2 5 101 -0.066452 0.997790 -563.132180 -0.997790 -0.066452 1577.095060 0.000000 0.000000 1.000000 line
5 6 102 -0.670367 0.742030 1425.642911 -0.742030 -0.670367 1279.247292 0.000000 0.000000 1.000000 line
2 5 101 0.816965 -0.576687 -27.730716 0.576687 0.816965 2.304421 0.000000 0.000000 1.000000 line
1 6 101 -0.999791 0.020439 2149.569248 -0.020439 -0.999791 1682.344941 0.000000 0.000000 1.000000 line
5 7 369 -0.924527 0.381117 1784.878059 -0.381117 -0.924527 1690.522116 0.000000 0.000000 1.000000 line
2 5 101 0.993282 0.115721 -577.512806 -0.115721 0.993282 837.471265 0.000000 0.000000 1.000000 line
0 1 149 -0.995526 0.094485 1821.339110 -0.094485 -0.995526 1334.814561 0.000000 0.000000 1.000000 line
5 7 472 -0.930034 0.367475 1801.157184 -0.367475 -0.930034 1682.176794 0.000000 0.000000 1.000000 line
0 8 110 -0.364713 0.931120 543.767564 -0.931120 -0.364713 945.199145 0.000000 0.000000 1.000000 line
2 5 211 -0.998442 -0.055796 927.204260 0.055796 -0.998442 2013.922469 0.000000 0.000000 1.000000 line
0 8 103 -0.968511 -0.248971 2347.261989 0.248971 -0.968511 919.102197 0.000000 0.000000 1.000000 line
0 7 156 -0.953609 -0.301049 2204.202975 0.301049 -0.953609 841.951179 0.000000 0.000000 1.000000 line
0 5 460 0.845584 0.533842 260.760939 -0.533842 0.845584 192.769349 0.000000 0.000000 1.000000 line
0 2 208 0.949792 0.312882 384.866431 -0.312882 0.949792 294.397820 0.000000 0.000000 1.000000 line
5 6 103 -0.994780 -0.102039 2076.404604 0.102039 -0.994780 889.975092 0.000000 0.000000 1.000000 line
0 1 158 -0.955903 0.293681 1632.127763 -0.293681 -0.955903 1404.370550 0.000000 0.000000 1.000000 line
5 7 107 -0.980641 -0.195815 2432.399940 0.195815 -0.980641 1493.066899 0.000000 0.000000 1.000000 line
0 2 207 0.886974 0.461820 -20.188397 -0.461820 0.886974 -86.713316 0.000000 0.000000 1.000000 line
2 7 158 0.985746 -0.168240 -415.545200 0.168240 0.985746 -252.118667 0.000000 0.000000 1.000000 line
1 6 101 -0.985438 -0.170036 2378.405342 0.170036 -0.985438 1561.684601 0.000000 0.000000 1.000000 line
0 1 162 -0.985788 0.167993 1864.250951 -0.167993 -0.985788 1653.488082 0.000000 0.000000 1.000000 line
1 2 103 0.991488 -0.130195 629.822064 0.130195 0.991488 349.710616 0.000000 0.000000 1.000000 line
1 5 156 -0.589502 -0.807767 2336.163802 0.807767 -0.589502 271.593139 0.000000 0.000000 1.000000 line
5 7 107 -0.892512 0.451024 1722.007371 -0.451024 -0.892512 1829.204649 0.000000 0.000000 1.000000 line
3 6 196 -0.642025 -0.766684 1825.839228 0.766684 -0.642025 -50.463729 0.000000 0.000000 1.000000 line
6 8 105 0.975171 0.221454 578.175749 -0.221454 0.975171 -341.224060 0.000000 0.000000 1.000000 line
4 6 104 -0.848563 -0.529094 1405.133889 0.529094 -0.848563 -15.513736 0.000000 0.000000 1.000000 line
3 7 103 0.566360 -0.824158 262.501514 0.824158 0.566360 -756.468192 0.000000 0.000000 1.000000 line
3 5 133 0.603533 0.797338 -1187.748153 -0.797338 0.603533 854.668635 0.000000 0.000000 1.000000 line
1 5 109 -0.633732 -0.773553 2218.350602 0.773553 -0.633732 225.424551 0.000000 0.000000 1.000000 line
1 7 102 -0.902481 -0.430730 1850.641201 0.430730 -0.902481 492.554650 0.000000 0.000000 1.000000 line
1 2 151 0.973271 0.229658 353.525651 -0.229658 0.973271 221.981617 0.000000 0.000000 1.000000 line
3 5 102 0.986530 0.163579 -960.885625 -0.163579 0.986530 -178.048120 0.000000 0.000000 1.000000 line
2 5 152 -0.962482 -0.271345 1106.300052 0.271345 -0.962482 1632.343858 0.000000 0.000000 1.000000 line
5 6 104 -0.781776 0.623559 1467.633477 -0.623559 -0.781776 2221.343978 0.000000 0.000000 1.000000 line
1 6 101 -0.982105 -0.188332 2389.973448 0.188332 -0.982105 1538.034282 0.000000 0.000000 1.000000 line
5 8 107 0.254693 0.967022 482.253094 -0.967022 0.254693 886.641867 0.000000 0.000000 1.000000 line
0 1 107 -0.986571 0.163334 1777.239043 -0.163334 -0.986571 1440.345340 0.000000 0.000000 1.000000 line
0 7 106 -0.996078 0.088481 1852.737698 -0.088481 -0.996078 1193.080903 0.000000 0.000000 1.000000 line
1 6 101 -0.993111 -0.117179 2215.386373 0.117179 -0.993111 1431.161817 0.000000 0.000000 1.000000 line
2 8 114 0.018131 -0.999836 2014.710057 0.999836 0.018131 880.677748 0.000000 0.000000 1.000000 line
4 6 104 -0.871080 -0.491141 1412.455695 0.491141 -0.871080 24.240346 0.000000 0.000000 1.000000 line
3 6 462 -0.654547 -0.756021 1827.153267 0.756021 -0.654547 -33.774723 0.000000 0.000000 1.000000 line
0 1 157 -0.968297 0.249802 1659.197442 -0.249802 -0.968297 1376.485270 0.000000 0.000000 1.000000 line
0 5 114 0.934015 0.357233 245.164381 -0.357233 0.934015 -331.478933 0.000000 0.000000 1.000000 line
0 2 106 0.937123 -0.349000 877.512856 0.349000 0.937123 -542.856459 0.000000 0.000000 1.000000 line
0 3 107 -0.561442 0.827516 1061.059189 -0.827516 -0.561442 1382.650725 0.000000 0.000000 1.000000 line
5 7 107 -0.940773 0.339038 1864.010647 -0.339038 -0.940773 2119.378495 0.000000 0.000000 1.000000 line
2 3 227 -0.196116 0.980581 -474.359181 -0.980581 -0.196116 1651.754479 0.000000 0.000000 1.000000 line
1 5 148 0.714047 0.700098 251.732722 -0.700098 0.714047 525.204260 0.000000 0.000000 1.000000 line
0 5 108 -0.878497 -0.477748 2333.551928 0.477748 -0.878497 815.264866 0.000000 0.000000 1.000000 line
0 1 107 -0.994381 0.105863 1918.362996 -0.105863 -0.994381 1599.563335 0.000000 0.000000 1.000000 line
0 5 112 -0.903828 -0.427896 2246.833707 0.427896 -0.903828 723.115863 0.000000 0.000000 1.000000 line
5 6 160 -0.699798 0.714341 1483.355443 -0.714341 -0.699798 1723.954552 0.000000 0.000000 1.000000 line
2 8 110 0.230525 0.973066 -56.196120 -0.973066 0.230525 2246.403660 0.000000 0.000000 1.000000 line
5 7 425 -0.923342 0.383978 1783.682235 -0.383978 -0.923342 1693.451339 0.000000 0.000000 1.000000 line
0 1 107 -0.994066 0.108781 1812.762439 -0.108781 -0.994066 1396.216130 0.000000 0.000000 1.000000 line
5 6 103 -0.838213 0.545343 1589.898511 -0.545343 -0.838213 2273.652583 0.000000 0.000000 1.000000 line
3 5 141 -0.022055 0.999757 -852.818839 -0.999757 -0.022055 954.643653 0.000000 0.000000 1.000000 line
0 1 156 -0.997837 0.065739 1950.854968 -0.065739 -0.997837 1564.981037 0.000000 0.000000 1.000000 line
5 6 103 -0.796802 0.604241 1538.217483 -0.604241 -0.796802 2075.583297 0.000000 0.000000 1.000000 line
7 8 398 0.102282 -0.994755 1069.778599 0.994755 0.102282 -951.425762 0.000000 0.000000 1.000000 line
3 5 101 0.790536 -0.612415 -247.978661 0.612415 0.790536 -594.804198 0.000000 0.000000 1.000000 line
3 5 101 0.997442 0.071476 -834.324029 -0.071476 0.997442 215.111300 0.000000 0.000000 1.000000 line
2 7 107 0.981329 -0.192337 -384.986423 0.192337 0.981329 -228.910615 0.000000 0.000000 1.000000 line
5 7 103 -0.947627 0.319379 1846.090083 -0.319379 -0.947627 1459.529674 0.000000 0.000000 1.000000 line
5 6 106 -0.841445 0.540342 1588.337628 -0.540342 -0.841445 2360.704770 0.000000 0.000000 1.000000 line
0 7 156 -0.975873 -0.218340 2292.021441 0.218340 -0.975873 1300.712746 0.000000 0.000000 1.000000 line
0 5 208 0.519740 -0.854324 1698.338000 0.854324 0.519740 -385.194209 0.000000 0.000000 1.000000 line
3 6 215 -0.636837 -0.770998 1813.949134 0.770998 -0.636837 -53.218646 0.000000 0.000000 1.000000 line
2 4 103 0.877706 -0.479200 76.700158 0.479200 0.877706 597.591792 0.000000 0.000000 1.000000 line
2 3 211 -0.140894 0.990025 -516.202214 -0.990025 -0.140894 1733.526712 0.000000 0.000000 1.000000 line
0 2 101 0.940375 0.340140 484.977906 -0.340140 0.940375 566.419476 0.000000 0.000000 1.000000 line
0 5 101 -0.990952 0.134216 1950.720586 -0.134216 -0.990952 1258.862760 0.000000 0.000000 1.000000 line
0 1 156 0.993817 -0.111028 479.814735 0.111028 0.993817 733.404900 0.000000 0.000000 1.000000 line
1 2 412 -0.867278 -0.497824 2255.553121 0.497824 -0.867278 1742.376426 0.000000 0.000000 1.000000 line
2 5 104 0.912632 0.408783 -834.803026 -0.408783 0.912632 406.480718 0.000000 0.000000 1.000000 line
0 5 150 -0.827572 -0.561359 2052.666208 0.561359 -0.827572 264.191409 0.000000 0.000000 1.000000 line
5 7 103 -0.919145 0.393919 1767.283758 -0.393919 -0.919145 1795.280978 0.000000 0.000000 1.000000 line
2 8 112 0.101719 0.994813 28.056695 -0.994813 0.101719 2363.067621 0.000000 0.000000 1.000000 line
0 4 109 -0.640152 0.768248 1173.931752 -0.768248 -0.640152 1285.437382 0.000000 0.000000 1.000000 line
1 3 106 -0.807767 0.589502 1201.441534 -0.589502 -0.807767 1203.890504 0.000000 0.000000 1.000000 line
0 5 153 0.859824 0.510590 174.713145 -0.510590 0.859824 -84.381652 0.000000 0.000000 1.000000 line
7 8 483 0.083045 -0.996546 1096.265824 0.996546 0.083045 -936.746963 0.000000 0.000000 1.000000 line
6 8 188 0.418327 -0.908296 1461.640585 0.908296 0.418327 676.582328 0.000000 0.000000 1.000000 line
5 8 143 0.008726 0.999962 572.240960 -0.999962 0.008726 1025.519978 0.000000 0.000000 1.000000 line
5 7 155 -0.944126 0.329586 1832.212160 -0.329586 -0.944126 1562.046359 0.000000 0.000000 1.000000 line
0 3 106 0.465699 -0.884943 1320.787290 0.884943 0.465699 -1183.917756 0.000000 0.000000 1.000000 line
0 4 153 -0.752112 0.659036 1223.239614 -0.659036 -0.752112 1013.290396 0.000000 0.000000 1.000000 line
2 8 120 -0.052656 0.998613 381.065067 -0.998613 -0.052656 2433.076960 0.000000 0.000000 1.000000 line
4 7 107 -0.559473 -0.828849 1341.096778 0.828849 -0.559473 -359.467198 0.000000 0.000000 1.000000 line
3 6 108 0.561897 0.827207 341.914476 -0.827207 0.561897 1666.601569 0.000000 0.000000 1.000000 line
1 8 157 -0.399734 0.916631 631.582775 -0.916631 -0.399734 1232.702448 0.000000 0.000000 1.000000 line
5 8 156 0.203841 0.979004 484.207934 -0.979004 0.203841 636.861423 0.000000 0.000000 1.000000 line
2 3 157 -0.109442 0.993993 -535.747652 -0.993993 -0.109442 1699.655847 0.000000 0.000000 1.000000 line
1 6 121 -0.992354 -0.123427 1774.388352 0.123427 -0.992354 2340.854740 0.000000 0.000000 1.000000 line
5 8 143 0.291004 0.956722 481.965192 -0.956722 0.291004 1229.387432 0.000000 0.000000 1.000000 line
0 7 111 -0.999061 0.043324 1907.520137 -0.043324 -0.999061 1192.975147 0.000000 0.000000 1.000000 line
1 4 108 -0.806574 0.591133 1402.440279 -0.591133 -0.806574 1382.688106 0.000000 0.000000 1.000000 line
1 2 342 -0.865895 -0.500226 2257.131531 0.500226 -0.865895 1738.439360 0.000000 0.000000 1.000000 line
2 4 158 -0.921588 -0.388170 1034.124368 0.388170 -0.921588 1664.309382 0.000000 0.000000 1.000000 line
0 1 122 -0.992354 0.123427 1581.895908 -0.123427 -0.992354 2480.963291 0.000000 0.000000 1.000000 line
1 5 108 -0.591870 -0.806033 2461.890775 0.806033 -0.591870 469.473254 0.000000 0.000000 1.000000 line
4 6 153 -0.671527 -0.740980 2327.745696 0.740980 -0.671527 82.837783 0.000000 0.000000 1.000000 line
5 8 143 0.089786 0.995961 541.514127 -0.995961 0.089786 982.322990 0.000000 0.000000 1.000000 line
5 7 207 -0.911061 0.412273 1750.510637 -0.412273 -0.911061 1807.199062 0.000000 0.000000 1.000000 line
1 2 563 -0.869686 -0.493606 2252.015205 0.493606 -0.869686 1747.754563 0.000000 0.000000 1.000000 line
3 6 146 0.389669 0.920955 137.622600 -0.920955 0.389669 1826.721650 0.000000 0.000000 1.000000 line
1 5 109 -0.635999 -0.771689 2344.213574 0.771689 -0.635999 422.959119 0.000000 0.000000 1.000000 line
0 2 111 -0.922791 -0.385302 2093.202947 0.385302 -0.922791 1912.071662 0.000000 0.000000 1.000000 line
5 7 105 -0.935472 0.353401 1807.460112 -0.353401 -0.935472 1668.386341 0.000000 0.000000 1.000000 line
0 5 205 0.888165 0.459524 411.261806 -0.459524 0.888165 487.603165 0.000000 0.000000 1.000000 line
4 7 206 -0.805438 -0.592681 1963.009847 0.592681 -0.805438 208.438857 0.000000 0.000000 1.000000 line
1 4 105 -0.882742 0.469859 1195.200789 -0.469859 -0.882742 906.680485 0.000000 0.000000 1.000000 line
0 8 108 0.038341 0.999265 526.194251 -0.999265 0.038341 1338.475402 0.000000 0.000000 1.000000 line
5 8 107 0.986053 0.166433 778.443596 -0.166433 0.986053 -72.167450 0.000000 0.000000 1.000000 line
0 5 667 0.836402 0.548116 256.225034 -0.548116 0.836402 205.335529 0.000000 0.000000 1.000000 line
5 6 101 0.547147 0.837037 -463.149493 -0.837037 0.547147 1691.475802 0.000000 0.000000 1.000000 line
5 7 119 0.271032 0.962570 589.911523 -0.962570 0.271032 1172.708841 0.000000 0.000000 1.000000 line
0 4 105 -0.660618 0.750722 1128.239103 -0.750722 -0.660618 1056.504349 0.000000 0.000000 1.000000 line
1 2 450 -0.881189 -0.472765 2236.218222 0.472765 -0.881189 1779.025583 0.000000 0.000000 1.000000 line
6 8 422 0.407755 -0.913092 1649.318450 0.913092 0.407755 564.132807 0.000000 0.000000 1.000000 line
1 6 108 0.998596 -0.052964 -735.616959 0.052964 0.998596 -562.890665 0.000000 0.000000 1.000000 line
1 8 101 -0.368342 0.929691 962.942465 -0.929691 -0.368342 1653.631586 0.000000 0.000000 1.000000 line
2 5 157 -0.226343 0.974048 -567.156873 -0.974048 -0.226343 1158.509686 0.000000 0.000000 1.000000 line
3 5 157 -0.057994 -0.998317 1582.939331 0.998317 -0.057994 -734.322652 0.000000 0.000000 1.000000 line
4 5 108 -0.140841 -0.990032 1690.774008 0.990032 -0.140841 -746.709596 0.000000 0.000000 1.000000 line
1 4 106 0.925336 -0.379149 876.551134 0.379149 0.925336 -627.443394 0.000000 0.000000 1.000000 line
0 8 111 -0.234744 0.972057 599.937115 -0.972057 -0.234744 1241.472508 0.000000 0.000000 1.000000 line
2 5 101 0.899205 -0.437528 -292.472253 0.437528 0.899205 -481.968489 0.000000 0.000000 1.000000 line
2 8 112 -0.038533 -0.999257 1654.608629 0.999257 -0.038533 1019.228898 0.000000 0.000000 1.000000 line
1 2 450 -0.880829 -0.473435 2237.280916 0.473435 -0.880829 1777.993403 0.000000 0.000000 1.000000 line
5 7 151 0.965514 -0.260351 370.037834 0.260351 0.965514 660.102139 0.000000 0.000000 1.000000 line
2 5 156 0.961661 0.274242 -700.514012 -0.274242 0.961661 430.865520 0.000000 0.000000 1.000000 line
0 5 105 -0.885116 -0.465370 2360.627305 0.465370 -0.885116 917.093380 0.000000 0.000000 1.000000 line
2 4 101 0.941977 0.335677 -850.943041 -0.335677 0.941977 820.082548 0.000000 0.000000 1.000000 line
0 3 206 0.556118 -0.831103 1617.447634 0.831103 0.556118 -481.255688 0.000000 0.000000 1.000000 line
5 8 148 0.240440 0.970664 530.124076 -0.970664 0.240440 1492.189854 0.000000 0.000000 1.000000 line
3 7 109 -0.238287 -0.971195 2167.177013 0.971195 -0.238287 -473.324043 0.000000 0.000000 1.000000 line
2 3 105 -0.990946 -0.134261 897.459180 0.134261 -0.990946 1349.787956 0.000000 0.000000 1.000000 line
4 7 102 -0.480315 -0.877096 1454.796801 0.877096 -0.480315 -355.755640 0.000000 0.000000 1.000000 line
0 5 139 0.974615 0.223887 485.384267 -0.223887 0.974615 534.494160 0.000000 0.000000 1.000000 line
2 4 154 0.372442 -0.928055 529.764623 0.928055 0.372442 187.588673 0.000000 0.000000 1.000000 line
0 8 108 0.111593 0.993754 482.822932 -0.993754 0.111593 1302.474094 0.000000 0.000000 1.000000 line
7 8 429 0.104142 -0.994562 1067.891591 0.994562 0.104142 -950.306226 0.000000 0.000000 1.000000 line
0 1 184 0.988625 -0.150403 495.648793 0.150403 0.988625 719.161584 0.000000 0.000000 1.000000 line
1 4 104 -0.811266 0.584677 1292.588353 -0.584677 -0.811266 1183.419116 0.000000 0.000000 1.000000 line
1 3 106 -0.806033 0.591870 1324.437390 -0.591870 -0.806033 1398.436545 0.000000 0.000000 1.000000 line
0 7 210 -0.954146 -0.299340 2455.461726 0.299340 -0.954146 1443.876087 0.000000 0.000000 1.000000 line
5 8 105 0.215417 0.976522 524.874239 -0.976522 0.215417 1369.783480 0.000000 0.000000 1.000000 line
4 8 106 -0.783549 0.621330 637.655286 -0.621330 -0.783549 902.614065 0.000000 0.000000 1.000000 line
2 4 155 0.328711 -0.944431 582.346835 0.944431 0.328711 -42.496277 0.000000 0.000000 1.000000 line
7 8 196 0.053864 -0.998548 1134.958137 0.998548 0.053864 -923.720626 0.000000 0.000000 1.000000 line
3 7 109 -0.214862 -0.976644 2146.986178 0.976644 -0.214862 -500.285927 0.000000 0.000000 1.000000 line
4 5 163 -0.230456 -0.973083 1768.920719 0.973083 -0.230456 -635.852143 0.000000 0.000000 1.000000 line
4 7 103 -0.653302 -0.757098 1864.492054 0.757098 -0.653302 -53.881712 0.000000 0.000000 1.000000 line
3 5 101 -0.000000 -1.000000 1749.000000 1.000000 -0.000000 -741.000000 0.000000 0.000000 1.000000 line
1 7 115 0.886157 0.463384 190.587001 -0.463384 0.886157 1159.285653 0.000000 0.000000 1.000000 line
1 4 101 0.812335 -0.583192 798.404305 0.583192 0.812335 -1020.093805 0.000000 0.000000 1.000000 line
0 5 106 -0.673873 -0.738847 2540.993996 0.738847 -0.673873 699.894611 0.000000 0.000000 1.000000 line
5 8 108 0.416216 0.909266 354.999850 -0.909266 0.416216 1831.075884 0.000000 0.000000 1.000000 line
3 6 153 0.684771 0.728759 -608.194286 -0.728759 0.684771 1500.394925 0.000000 0.000000 1.000000 line
2 4 159 -0.896778 -0.442481 1074.498533 0.442481 -0.896778 1493.624278 0.000000 0.000000 1.000000 line
7 8 313 0.075130 -0.997174 1107.050975 0.997174 0.075130 -935.411410 0.000000 0.000000 1.000000 line
3 5 108 0.062129 0.998068 -104.121609 -0.998068 0.062129 647.693550 0.000000 0.000000 1.000000 line
0 3 108 -0.526190 0.850367 1152.719726 -0.850367 -0.526190 1735.667599 0.000000 0.000000 1.000000 line
0 1 368 0.991757 -0.128132 484.219394 0.128132 0.991757 725.100223 0.000000 0.000000 1.000000 line
3 8 103 -0.944873 0.327437 177.291680 -0.327437 -0.944873 1364.443815 0.000000 0.000000 1.000000 line
1 4 303 -0.817070 0.576538 1420.968149 -0.576538 -0.817070 1371.673299 0.000000 0.000000 1.000000 line
5 6 261 0.760228 -0.649657 -31.650256 0.649657 0.760228 -402.217350 0.000000 0.000000 1.000000 line
5 7 155 0.342563 0.939495 -870.733858 -0.939495 0.342563 1890.330977 0.000000 0.000000 1.000000 line
2 3 887 -0.182316 0.983240 -482.060700 -0.983240 -0.182316 1634.785320 0.000000 0.000000 1.000000 line
1 8 105 -0.251823 0.967773 830.441225 -0.967773 -0.251823 1652.294442 0.000000 0.000000 1.000000 line
5 8 111 0.256213 0.966620 496.915907 -0.966620 0.256213 2037.931854 0.000000 0.000000 1.000000 line
0 5 312 0.829975 0.557801 247.900570 -0.557801 0.829975 214.940123 0.000000 0.000000 1.000000 line
2 8 106 -0.980280 0.197613 568.418881 -0.197613 -0.980280 1801.498835 0.000000 0.000000 1.000000 line
1 5 101 -0.720508 -0.693447 2583.217875 0.693447 -0.720508 880.640754 0.000000 0.000000 1.000000 line
0 5 101 0.544160 -0.838982 1778.306363 0.838982 0.544160 -150.765570 0.000000 0.000000 1.000000 line
5 8 108 0.381571 0.924340 385.102904 -0.924340 0.381571 1860.492109 0.000000 0.000000 1.000000 line
1 7 109 0.987239 0.159246 315.590696 -0.159246 0.987239 879.523632 0.000000 0.000000 1.000000 line
3 5 106 0.034577 0.999402 491.033822 -0.999402 0.034577 814.499817 0.000000 0.000000 1.000000 line
0 5 101 -0.994410 0.105585 2077.992474 -0.105585 -0.994410 1485.329941 0.000000 0.000000 1.000000 line
4 8 150 -0.842392 0.538866 1413.491880 -0.538866 -0.842392 1105.203840 0.000000 0.000000 1.000000 line
1 3 105 0.000000 -1.000000 2117.000000 1.000000 0.000000 475.000000 0.000000 0.000000 1.000000 line
3 4 152 -0.970143 -0.242536 691.672302 0.242536 -0.970143 1161.193169 0.000000 0.000000 1.000000 line
1 4 203 -0.804836 0.593497 1524.910554 -0.593497 -0.804836 1577.823247 0.000000 0.000000 1.000000 line
1 8 103 -0.307372 0.951589 1111.257000 -0.951589 -0.307372 2004.362713 0.000000 0.000000 1.000000 line
0 5 779 0.844743 0.535172 263.989424 -0.535172 0.844743 193.857558 0.000000 0.000000 1.000000 line
7 8 708 0.097571 -0.995229 1076.924623 0.995229 0.097571 -946.154182 0.000000 0.000000 1.000000 line
5 8 104 0.504780 0.863248 381.793803 -0.863248 0.504780 1305.671633 0.000000 0.000000 1.000000 line
1 3 147 0.522777 -0.852469 1693.216809 0.852469 0.522777 -316.414593 0.000000 0.000000 1.000000 line
0 3 107 0.428119 -0.903722 1520.017386 0.903722 0.428119 -817.727177 0.000000 0.000000 1.000000 line
0 5 469 0.837576 0.546320 254.957312 -0.546320 0.837576 205.264617 0.000000 0.000000 1.000000 line
0 4 109 0.555568 -0.831471 1466.046677 0.831471 0.555568 -753.784795 0.000000 0.000000 1.000000 line
1 4 113 0.819373 -0.573261 1195.636143 0.573261 0.819373 -468.927810 0.000000 0.000000 1.000000 line
2 3 156 -0.268159 0.963375 -520.383741 -0.963375 -0.268159 1275.057244 0.000000 0.000000 1.000000 line
4 6 156 0.653715 0.756741 -423.385087 -0.756741 0.653715 1540.218718 0.000000 0.000000 1.000000 line
1 4 503 -0.821856 0.569696 1428.010491 -0.569696 -0.821856 1367.698676 0.000000 0.000000 1.000000 line
3 8 104 -0.900655 0.434534 1224.754966 -0.434534 -0.900655 1025.764371 0.000000 0.000000 1.000000 line
0 3 159 -0.528352 0.849025 984.121346 -0.849025 -0.528352 1205.331274 0.000000 0.000000 1.000000 line
3 4 722 -0.957951 -0.286931 697.851945 0.286931 -0.957951 1140.426562 0.000000 0.000000 1.000000 line
4 7 130 -0.988410 0.151810 2126.998042 -0.151810 -0.988410 1214.318172 0.000000 0.000000 1.000000 line
5 8 111 0.158385 0.987377 -76.515491 -0.987377 0.158385 2320.404900 0.000000 0.000000 1.000000 line
7 8 116 0.075130 -0.997174 1168.050975 0.997174 0.075130 -955.411410 0.000000 0.000000 1.000000 line
0 5 109 -0.677026 0.735959 1197.131315 -0.735959 -0.677026 2398.289559 0.000000 0.000000 1.000000 line
2 3 156 -0.299704 0.954032 -492.630970 -0.954032 -0.299704 1305.995870 0.000000 0.000000 1.000000 line
3 8 104 -0.916057 0.401047 700.119252 -0.401047 -0.916057 940.285151 0.000000 0.000000 1.000000 line
3 4 371 -0.962744 -0.270414 691.380401 0.270414 -0.962744 1147.610676 0.000000 0.000000 1.000000 line
1 4 934 -0.827476 0.561501 1433.562567 -0.561501 -0.827476 1362.315713 0.000000 0.000000 1.000000 line
1 7 155 -0.911742 -0.410764 1173.087463 0.410764 -0.911742 452.657524 0.000000 0.000000 1.000000 line
4 5 155 0.320080 0.947391 -221.962285 -0.947391 0.320080 296.642620 0.000000 0.000000 1.000000 line
7 8 119 0.052645 0.998613 -360.717617 -0.998613 0.052645 532.863812 0.000000 0.000000 1.000000 line
2 3 865 -0.179546 0.983750 -485.318131 -0.983750 -0.179546 1633.534123 0.000000 0.000000 1.000000 line
2 4 146 -0.676405 0.736530 -16.767488 -0.736530 -0.676405 1688.791219 0.000000 0.000000 1.000000 line
4 5 102 -0.302244 -0.953231 2122.975445 0.953231 -0.302244 -410.134658 0.000000 0.000000 1.000000 line
0 3 156 0.640755 -0.767745 1611.755702 0.767745 0.640755 -290.454276 0.000000 0.000000 1.000000 line
1 4 109 0.827476 -0.561501 1307.948789 0.561501 0.827476 -282.484481 0.000000 0.000000 1.000000 line
0 5 125 -0.488287 -0.872683 2067.971499 0.872683 -0.488287 1309.136922 0.000000 0.000000 1.000000 line
0 4 149 -0.679829 0.733371 1369.949714 -0.733371 -0.679829 1758.689337 0.000000 0.000000 1.000000 line
2 4 116 -0.465412 0.885094 -204.364502 -0.885094 -0.465412 1747.751145 0.000000 0.000000 1.000000 line
4 7 116 0.416317 0.909220 574.805922 -0.909220 0.416317 1335.913621 0.000000 0.000000 1.000000 line
1 4 107 0.377037 -0.926198 1833.468458 0.926198 0.377037 -123.719188 0.000000 0.000000 1.000000 line
1 4 105 0.656241 -0.754551 1476.990949 0.754551 0.656241 -382.951693 0.000000 0.000000 1.000000 line
3 4 823 -0.960436 -0.278502 694.224770 0.278502 -0.960436 1144.463846 0.000000 0.000000 1.000000 line
7 8 789 0.094588 -0.995516 1079.905129 0.995516 0.094588 -944.081658 0.000000 0.000000 1.000000 line
0 4 155 -0.680486 -0.732761 2303.222099 0.732761 -0.680486 153.339227 0.000000 0.000000 1.000000 line
3 4 103 0.420821 0.907144 -1106.738090 -0.907144 0.420821 702.173225 0.000000 0.000000 1.000000 line
2 3 262 -0.189757 0.981831 -471.832360 -0.981831 -0.189757 1643.437790 0.000000 0.000000 1.000000 line
0 4 154 -0.648125 0.761534 1324.200666 -0.761534 -0.648125 1624.629122 0.000000 0.000000 1.000000 line
1 4 105 0.692951 -0.720985 1189.278736 0.720985 0.692951 -858.029445 0.000000 0.000000 1.000000 line
4 7 108 -0.999748 0.022438 2293.630986 -0.022438 -0.999748 1908.578673 0.000000 0.000000 1.000000 line
3 4 143 -0.967459 -0.253028 674.737881 0.253028 -0.967459 1153.707058 0.000000 0.000000 1.000000 line
0 4 147 -0.758941 0.651160 1370.668914 -0.651160 -0.758941 1351.982925 0.000000 0.000000 1.000000 line
3 8 112 0.845489 0.533993 145.673139 -0.533993 0.845489 -315.017839 0.000000 0.000000 1.000000 line
1 8 154 -0.393919 0.919145 682.105800 -0.919145 -0.393919 2679.719280 0.000000 0.000000 1.000000 line
4 5 112 0.221880 0.975074 0.851805 -0.975074 0.221880 484.747927 0.000000 0.000000 1.000000 line
2 4 112 -0.381229 0.924481 -323.778909 -0.924481 -0.381229 1867.758634 0.000000 0.000000 1.000000 line
0 4 155 -0.674431 -0.738338 2299.555125 0.738338 -0.674431 139.213333 0.000000 0.000000 1.000000 line
3 8 157 -0.966066 0.258297 1803.635691 -0.258297 -0.966066 989.781534 0.000000 0.000000 1.000000 line
4 5 107 0.002020 -0.999998 2015.312997 0.999998 0.002020 -719.135162 0.000000 0.000000 1.000000 line
0 4 110 -0.597403 0.801941 1259.400244 -0.801941 -0.597403 1645.216062 0.000000 0.000000 1.000000 line
1 4 934 -0.827284 0.561784 1433.139028 -0.561784 -0.827284 1361.824616 0.000000 0.000000 1.000000 line
4 7 159 0.597291 0.802025 151.110301 -0.802025 0.597291 1746.614323 0.000000 0.000000 1.000000 line
2 4 157 0.875588 0.483059 -973.173643 -0.483059 0.875588 457.757650 0.000000 0.000000 1.000000 line
1 4 104 0.919145 -0.393919 1178.541295 0.393919 0.919145 -207.271567 0.000000 0.000000 1.000000 line
7 8 789 0.094524 -0.995523 1079.693082 0.995523 0.094524 -943.656370 0.000000 0.000000 1.000000 line
2 4 153 0.517100 -0.855925 287.591825 0.855925 0.517100 -388.925638 0.000000 0.000000 1.000000 line
0 4 106 -0.593952 0.804500 1201.644167 -0.804500 -0.593952 1422.403807 0.000000 0.000000 1.000000 line
3 5 155 0.081357 -0.996685 1659.054067 0.996685 0.081357 700.206896 0.000000 0.000000 1.000000 line
7 8 111 -0.178565 0.983928 -194.719046 -0.983928 -0.178565 746.635925 0.000000 0.000000 1.000000 line
1 8 150 -0.433593 0.901109 749.821377 -0.901109 -0.433593 2687.210832 0.000000 0.000000 1.000000 line
7 8 708 0.086237 -0.996275 1091.019274 0.996275 0.086237 -941.379472 0.000000 0.000000 1.000000 line
2 4 101 0.105326 0.994438 -749.578583 -0.994438 0.105326 992.974833 0.000000 0.000000 1.000000 line
1 3 108 -0.635259 0.772299 168.948974 -0.772299 -0.635259 974.014922 0.000000 0.000000 1.000000 line
3 5 154 -0.996038 0.088932 869.916268 -0.088932 -0.996038 2327.223849 0.000000 0.000000 1.000000 line
4 7 110 0.536755 0.843738 101.684383 -0.843738 0.536755 1778.904084 0.000000 0.000000 1.000000 line
1 4 236 -0.839345 0.543600 1441.924928 -0.543600 -0.839345 1354.711673 0.000000 0.000000 1.000000 line
7 8 535 0.096714 -0.995312 1078.408177 0.995312 0.096714 -944.220824 0.000000 0.000000 1.000000 line
2 4 156 -0.468147 0.883651 -196.789415 -0.883651 -0.468147 1792.089367 0.000000 0.000000 1.000000 line
4 5 219 -0.295735 -0.955270 2465.901887 0.955270 -0.295735 598.070304 0.000000 0.000000 1.000000 line
4 7 102 0.509293 0.860593 -328.402351 -0.860593 0.509293 1704.730483 0.000000 0.000000 1.000000 line
3 5 153 0.376510 -0.926413 1266.581213 0.926413 0.376510 537.572007 0.000000 0.000000 1.000000 line
4 7 153 0.660294 0.751007 -319.320912 -0.751007 0.660294 1514.824548 0.000000 0.000000 1.000000 line
4 7 152 0.673054 0.739594 -682.234851 -0.739594 0.673054 1402.082714 0.000000 0.000000 1.000000 line
4 8 154 0.547873 0.836562 439.678495 -0.836562 0.547873 1283.428663 0.000000 0.000000 1.000000 line
3 5 153 -0.028939 -0.999581 878.141140 0.999581 -0.028939 722.601229 0.000000 0.000000 1.000000 line
3 5 153 0.073641 -0.997285 1200.180965 0.997285 0.073641 723.931780 0.000000 0.000000 1.000000 line
4 8 101 0.657467 0.753483 540.297682 -0.753483 0.657467 737.798303 0.000000 0.000000 1.000000 line
4 7 105 0.658805 0.752313 -898.140830 -0.752313 0.658805 1359.117480 0.000000 0.000000 1.000000 line
1 8 146 0.275263 -0.961369 615.321260 0.961369 0.275263 -931.754983 0.000000 0.000000 1.000000 line
4 5 336 -0.272339 -0.962201 2465.000802 0.962201 -0.272339 569.300018 0.000000 0.000000 1.000000 line
5 8 105 -0.614424 -0.788976 1251.261488 0.788976 -0.614424 188.422303 0.000000 0.000000 1.000000 line
3 5 150 -0.097895 -0.995197 770.627882 0.995197 -0.097895 717.774982 0.000000 0.000000 1.000000 line
3 5 208 -0.089809 -0.995959 1122.872201 0.995959 -0.089809 813.989775 0.000000 0.000000 1.000000 line
4 5 153 -0.974494 0.224416 2230.272008 -0.224416 -0.974494 1270.835870 0.000000 0.000000 1.000000 line
7 8 106 -0.176060 0.984379 606.408088 -0.984379 -0.176060 1175.498523 0.000000 0.000000 1.000000 line
4 5 136 -0.251922 -0.967748 2460.555005 0.967748 -0.251922 542.868233 0.000000 0.000000 1.000000 line
1 8 115 0.473871 -0.880594 491.761994 0.880594 0.473871 -1091.993941 0.000000 0.000000 1.000000 line
0 4 108 0.875578 -0.483077 1193.828820 0.483077 0.875578 -350.715954 0.000000 0.000000 1.000000 line
3 4 108 0.968594 0.248646 -842.287230 -0.248646 0.968594 -672.227443 0.000000 0.000000 1.000000 line
4 5 157 -0.282455 -0.959281 2486.079850 0.959281 -0.282455 517.439653 0.000000 0.000000 1.000000 line
7 8 110 -0.137839 0.990455 510.066689 -0.990455 -0.137839 1039.871471 0.000000 0.000000 1.000000 line
4 5 158 -0.301452 -0.953481 2472.262567 0.953481 -0.301452 606.847389 0.000000 0.000000 1.000000 line
0 4 107 0.471395 -0.881922 1621.426054 0.881922 0.471395 -748.390300 0.000000 0.000000 1.000000 line
4 5 108 -0.976000 0.217770 2085.246409 -0.217770 -0.976000 1876.358581 0.000000 0.000000 1.000000 line
3 4 117 -0.971631 -0.236502 1979.398331 0.236502 -0.971631 551.269997 0.000000 0.000000 1.000000 line
7 8 104 0.804999 0.593277 361.293569 -0.593277 0.804999 97.573043 0.000000 0.000000 1.000000 line
4 8 108 -0.595995 0.802988 1631.989217 -0.802988 -0.595995 1939.087897 0.000000 0.000000 1.000000 line
3 4 101 -0.990032 -0.140841 1201.753041 0.140841 -0.990032 444.602504 0.000000 0.000000 1.000000 line
4 7 152 0.726724 0.686929 -1188.138674 -0.686929 0.726724 1152.418240 0.000000 0.000000 1.000000 line
4 5 484 -0.284549 -0.958662 2469.883031 0.958662 -0.284549 583.231447 0.000000 0.000000 1.000000 line
3 8 155 0.917907 -0.396795 -197.873385 0.396795 0.917907 457.435494 0.000000 0.000000 1.000000 line
3 4 103 0.970965 0.239223 39.989336 -0.239223 0.970965 -606.767446 0.000000 0.000000 1.000000 line
3 4 102 0.999738 0.022895 172.944988 -0.022895 0.999738 -747.924552 0.000000 0.000000 1.000000 line
0 4 108 0.878600 -0.477558 1187.840717 0.477558 0.878600 -352.584384 0.000000 0.000000 1.000000 line
0 4 107 0.754082 -0.656781 1381.196593 0.656781 0.754082 -367.282663 0.000000 0.000000 1.000000 line
3 4 105 -0.991792 -0.127865 1915.730712 0.127865 -0.991792 642.321996 0.000000 0.000000 1.000000 line
7 8 149 -0.214862 0.976644 723.481507 -0.976644 -0.214862 1402.288856 0.000000 0.000000 1.000000 line
0 4 101 -0.659073 -0.752079 2398.468217 0.752079 -0.659073 370.101311 0.000000 0.000000 1.000000 line
0 4 151 -0.669816 0.742527 1462.280432 -0.742527 -0.669816 1869.010699 0.000000 0.000000 1.000000 line
0 4 150 -0.777402 0.629004 1500.867256 -0.629004 -0.777402 1595.137911 0.000000 0.000000 1.000000 line
4 8 106 0.799429 -0.600760 425.746489 0.600760 0.799429 378.186239 0.000000 0.000000 1.000000 line
7 8 207 -0.128421 0.991720 769.035731 -0.991720 -0.128421 1576.820389 0.000000 0.000000 1.000000 line
7 8 106 0.999554 -0.029874 986.560097 0.029874 0.999554 109.197155 0.000000 0.000000 1.000000 line
0 4 101 0.239202 -0.970970 2006.156189 0.970970 0.239202 -57.149735 0.000000 0.000000 1.000000 line
4 8 274 0.842758 -0.538293 272.018919 0.538293 0.842758 395.866481 0.000000 0.000000 1.000000 line
4 8 106 0.787569 -0.616226 961.979110 0.616226 0.787569 556.615731 0.000000 0.000000 1.000000 line
4 8 361 0.841404 -0.540406 275.045819 0.540406 0.841404 393.997491 0.000000 0.000000 1.000000 line
0 4 160 -0.821048 0.570860 1442.817414 -0.570860 -0.821048 2473.673428 0.000000 0.000000 1.000000 line
4 5 162 0.252500 0.967597 -185.881395 -0.967597 0.252500 2064.792415 0.000000 0.000000 1.000000 line
4 8 311 0.830477 -0.557052 290.299239 0.557052 0.830477 379.983617 0.000000 0.000000 1.000000 line
4 8 108 0.850442 -0.526068 797.666462 0.526068 0.850442 538.501222 0.000000 0.000000 1.000000 line
3 4 106 -0.984683 -0.174352 1791.410486 0.174352 -0.984683 557.467319 0.000000 0.000000 1.000000 line
4 8 102 -0.368667 -0.929561 1540.392576 0.929561 -0.368667 1274.404811 0.000000 0.000000 1.000000 line
4 8 1098 0.837200 -0.546897 280.748653 0.546897 0.837200 388.660901 0.000000 0.000000 1.000000 line
4 5 193 0.340384 0.940286 -206.884605 -0.940286 0.340384 1967.786640 0.000000 0.000000 1.000000 line
4 8 114 0.834853 -0.550474 638.576094 0.550474 0.834853 487.617840 0.000000 0.000000 1.000000 line
4 8 154 0.879707 -0.475517 718.670317 0.475517 0.879707 530.175875 0.000000 0.000000 1.000000 line
4 5 108 0.296810 0.954937 -307.378099 -0.954937 0.296810 1980.797829 0.000000 0.000000 1.000000 line
4 8 110 0.864507 -0.502620 -251.925996 0.502620 0.864507 279.822264 0.000000 0.000000 1.000000 line
4 8 154 0.874385 -0.485233 726.498056 0.485233 0.874385 531.563100 0.000000 0.000000 1.000000 line
4 5 212 0.326807 0.945091 -200.793932 -0.945091 0.326807 1985.391680 0.000000 0.000000 1.000000 line
4 8 419 0.830688 -0.556738 288.232876 0.556738 0.830688 385.620467 0.000000 0.000000 1.000000 line
4 5 110 0.293123 0.956075 -753.978887 -0.956075 0.293123 1870.552804 0.000000 0.000000 1.000000 line
3 4 105 0.610026 0.792381 463.274333 -0.792381 0.610026 1517.082013 0.000000 0.000000 1.000000 line
4 8 103 0.806221 -0.591615 -207.097121 0.591615 0.806221 207.348362 0.000000 0.000000 1.000000 line
3 4 152 0.933805 0.357782 118.885204 -0.357782 0.933805 1132.605355 0.000000 0.000000 1.000000 line
4 8 108 0.717428 -0.696633 332.405541 0.696633 0.717428 336.861252 0.000000 0.000000 1.000000 line
4 8 215 0.827476 -0.561501 293.125835 0.561501 0.827476 387.143590 0.000000 0.000000 1.000000 line
4 5 110 0.316228 0.948683 -771.783338 -0.948683 0.316228 1843.146390 0.000000 0.000000 1.000000 line
4 8 1192 0.838063 -0.545573 278.371442 0.545573 0.838063 389.163439 0.000000 0.000000 1.000000 line
4 8 1036 0.837450 -0.546514 277.905395 0.546514 0.837450 388.788641 0.000000 0.000000 1.000000 line
4 8 581 0.841489 -0.540274 274.321490 0.540274 0.841489 388.240844 0.000000 0.000000 1.000000 line
4 5 165 0.354824 0.934933 -847.026180 -0.934933 0.354824 1770.909822 0.000000 0.000000 1.000000 line
4 8 416 0.842976 -0.537952 273.794747 0.537952 0.842976 387.818482 0.000000 0.000000 1.000000 line
3 4 145 -0.161716 0.986837 -268.434013 -0.986837 -0.161716 2429.497787 0.000000 0.000000 1.000000 line
4 5 140 0.257252 0.966344 -1010.970443 -0.966344 0.257252 891.834980 0.000000 0.000000 1.000000 line
4 5 123 0.992640 -0.121106 -703.909143 0.121106 0.992640 -493.189147 0.000000 0.000000 1.000000 line
3 4 155 0.993347 0.115157 -539.128218 -0.115157 0.993347 884.161268 0.000000 0.000000 1.000000 line
4 8 107 -0.371391 -0.928477 940.457253 0.928477 -0.371391 -213.922258 0.000000 0.000000 1.000000 line
3 4 206 0.963242 0.268637 -338.372850 -0.268637 0.963242 1074.404610 0.000000 0.000000 1.000000 line
4 5 152 -0.959317 0.282332 533.368522 -0.282332 -0.959317 1203.370756 0.000000 0.000000 1.000000 line
4 5 152 -0.983198 0.182544 450.138189 -0.182544 -0.983198 1514.472236 0.000000 0.000000 1.000000 line
3 4 139 0.930639 0.365938 -851.073782 -0.365938 0.930639 1101.697321 0.000000 0.000000 1.000000 line
3 4 155 0.991055 0.133457 -545.561913 -0.133457 0.991055 902.812346 0.000000 0.000000 1.000000 line
3 4 155 0.254452 -0.967085 1057.904732 0.967085 0.254452 727.386093 0.000000 0.000000 1.000000 line
4 5 131 0.806936 0.590638 -1065.320298 -0.590638 0.806936 -4.779008 0.000000 0.000000 1.000000 line
3 4 152 0.996173 0.087399 -669.185165 -0.087399 0.996173 821.253666 0.000000 0.000000 1.000000 line
3 4 150 0.973474 0.228797 -199.515279 -0.228797 0.973474 1042.481287 0.000000 0.000000 1.000000 line
