Node 0
Node 1
Node 2
Node 3
Node 4
Node 5
Node 6
Node 7
Node 8
0 1 368.0 0.991757 -0.128132 484.219394 0.128132 0.991757 725.100223 0.000000 0.000000 1.000000
0 1 184.0 0.988625 -0.150403 495.648793 0.150403 0.988625 719.161584 0.000000 0.000000 1.000000
0 1 156.0 0.993817 -0.111028 479.814735 0.111028 0.993817 733.404900 0.000000 0.000000 1.000000
0 2 111.0 -0.922791 -0.385302 2093.202947 0.385302 -0.922791 1912.071662 0.000000 0.000000 1.000000
0 5 779.0 0.844743 0.535172 263.989424 -0.535172 0.844743 193.857558 0.000000 0.000000 1.000000
0 5 667.0 0.836402 0.548116 256.225034 -0.548116 0.836402 205.335529 0.000000 0.000000 1.000000
0 5 469.0 0.837576 0.546320 254.957312 -0.546320 0.837576 205.264617 0.000000 0.000000 1.000000
0 5 460.0 0.845584 0.533842 260.760939 -0.533842 0.845584 192.769349 0.000000 0.000000 1.000000
0 5 312.0 0.829975 0.557801 247.900570 -0.557801 0.829975 214.940123 0.000000 0.000000 1.000000
1 2 563.0 -0.869686 -0.493606 2252.015205 0.493606 -0.869686 1747.754563 0.000000 0.000000 1.000000
1 2 450.0 -0.881189 -0.472765 2236.218222 0.472765 -0.881189 1779.025583 0.000000 0.000000 1.000000
1 2 450.0 -0.880829 -0.473435 2237.280916 0.473435 -0.880829 1777.993403 0.000000 0.000000 1.000000
1 2 412.0 -0.867278 -0.497824 2255.553121 0.497824 -0.867278 1742.376426 0.000000 0.000000 1.000000
1 2 342.0 -0.865895 -0.500226 2257.131531 0.500226 -0.865895 1738.439360 0.000000 0.000000 1.000000
1 4 934.0 -0.827476 0.561501 1433.562567 -0.561501 -0.827476 1362.315713 0.000000 0.000000 1.000000
1 4 934.0 -0.827284 0.561784 1433.139028 -0.561784 -0.827284 1361.824616 0.000000 0.000000 1.000000
1 4 503.0 -0.821856 0.569696 1428.010491 -0.569696 -0.821856 1367.698676 0.000000 0.000000 1.000000
1 4 303.0 -0.817070 0.576538 1420.968149 -0.576538 -0.817070 1371.673299 0.000000 0.000000 1.000000
1 4 236.0 -0.839345 0.543600 1441.924928 -0.543600 -0.839345 1354.711673 0.000000 0.000000 1.000000
1 4 108.0 -0.806574 0.591133 1402.440279 -0.591133 -0.806574 1382.688106 0.000000 0.000000 1.000000
2 3 887.0 -0.182316 0.983240 -482.060700 -0.983240 -0.182316 1634.785320 0.000000 0.000000 1.000000
2 3 865.0 -0.179546 0.983750 -485.318131 -0.983750 -0.179546 1633.534123 0.000000 0.000000 1.000000
2 3 262.0 -0.189757 0.981831 -471.832360 -0.981831 -0.189757 1643.437790 0.000000 0.000000 1.000000
2 3 227.0 -0.196116 0.980581 -474.359181 -0.980581 -0.196116 1651.754479 0.000000 0.000000 1.000000
2 4 156.0 -0.468147 0.883651 -196.789415 -0.883651 -0.468147 1792.089367 0.000000 0.000000 1.000000
2 4 116.0 -0.465412 0.885094 -204.364502 -0.885094 -0.465412 1747.751145 0.000000 0.000000 1.000000
3 4 823.0 -0.960436 -0.278502 694.224770 0.278502 -0.960436 1144.463846 0.000000 0.000000 1.000000
3 4 722.0 -0.957951 -0.286931 697.851945 0.286931 -0.957951 1140.426562 0.000000 0.000000 1.000000
3 4 371.0 -0.962744 -0.270414 691.380401 0.270414 -0.962744 1147.610676 0.000000 0.000000 1.000000
3 4 152.0 -0.970143 -0.242536 691.672302 0.242536 -0.970143 1161.193169 0.000000 0.000000 1.000000
3 4 143.0 -0.967459 -0.253028 674.737881 0.253028 -0.967459 1153.707058 0.000000 0.000000 1.000000
3 6 462.0 -0.654547 -0.756021 1827.153267 0.756021 -0.654547 -33.774723 0.000000 0.000000 1.000000
3 6 215.0 -0.636837 -0.770998 1813.949134 0.770998 -0.636837 -53.218646 0.000000 0.000000 1.000000
3 6 196.0 -0.642025 -0.766684 1825.839228 0.766684 -0.642025 -50.463729 0.000000 0.000000 1.000000
4 5 484.0 -0.284549 -0.958662 2469.883031 0.958662 -0.284549 583.231447 0.000000 0.000000 1.000000
4 5 336.0 -0.272339 -0.962201 2465.000802 0.962201 -0.272339 569.300018 0.000000 0.000000 1.000000
4 5 219.0 -0.295735 -0.955270 2465.901887 0.955270 -0.295735 598.070304 0.000000 0.000000 1.000000
4 5 158.0 -0.301452 -0.953481 2472.262567 0.953481 -0.301452 606.847389 0.000000 0.000000 1.000000
4 5 157.0 -0.282455 -0.959281 2486.079850 0.959281 -0.282455 517.439653 0.000000 0.000000 1.000000
4 5 136.0 -0.251922 -0.967748 2460.555005 0.967748 -0.251922 542.868233 0.000000 0.000000 1.000000
4 8 1192.0 0.838063 -0.545573 278.371442 0.545573 0.838063 389.163439 0.000000 0.000000 1.000000
4 8 1098.0 0.837200 -0.546897 280.748653 0.546897 0.837200 388.660901 0.000000 0.000000 1.000000
4 8 1036.0 0.837450 -0.546514 277.905395 0.546514 0.837450 388.788641 0.000000 0.000000 1.000000
4 8 581.0 0.841489 -0.540274 274.321490 0.540274 0.841489 388.240844 0.000000 0.000000 1.000000
4 8 419.0 0.830688 -0.556738 288.232876 0.556738 0.830688 385.620467 0.000000 0.000000 1.000000
4 8 416.0 0.842976 -0.537952 273.794747 0.537952 0.842976 387.818482 0.000000 0.000000 1.000000
4 8 361.0 0.841404 -0.540406 275.045819 0.540406 0.841404 393.997491 0.000000 0.000000 1.000000
4 8 311.0 0.830477 -0.557052 290.299239 0.557052 0.830477 379.983617 0.000000 0.000000 1.000000
4 8 274.0 0.842758 -0.538293 272.018919 0.538293 0.842758 395.866481 0.000000 0.000000 1.000000
4 8 215.0 0.827476 -0.561501 293.125835 0.561501 0.827476 387.143590 0.000000 0.000000 1.000000
5 7 682.0 -0.926307 0.376770 1790.011841 -0.376770 -0.926307 1689.727208 0.000000 0.000000 1.000000
5 7 472.0 -0.930034 0.367475 1801.157184 -0.367475 -0.930034 1682.176794 0.000000 0.000000 1.000000
5 7 425.0 -0.923342 0.383978 1783.682235 -0.383978 -0.923342 1693.451339 0.000000 0.000000 1.000000
5 7 369.0 -0.924527 0.381117 1784.878059 -0.381117 -0.924527 1690.522116 0.000000 0.000000 1.000000
5 7 105.0 -0.935472 0.353401 1807.460112 -0.353401 -0.935472 1668.386341 0.000000 0.000000 1.000000
6 8 422.0 0.407755 -0.913092 1649.318450 0.913092 0.407755 564.132807 0.000000 0.000000 1.000000
7 8 789.0 0.094588 -0.995516 1079.905129 0.995516 0.094588 -944.081658 0.000000 0.000000 1.000000
7 8 789.0 0.094524 -0.995523 1079.693082 0.995523 0.094524 -943.656370 0.000000 0.000000 1.000000
7 8 708.0 0.097571 -0.995229 1076.924623 0.995229 0.097571 -946.154182 0.000000 0.000000 1.000000
7 8 708.0 0.086237 -0.996275 1091.019274 0.996275 0.086237 -941.379472 0.000000 0.000000 1.000000
7 8 535.0 0.096714 -0.995312 1078.408177 0.995312 0.096714 -944.220824 0.000000 0.000000 1.000000
7 8 483.0 0.083045 -0.996546 1096.265824 0.996546 0.083045 -936.746963 0.000000 0.000000 1.000000
7 8 429.0 0.104142 -0.994562 1067.891591 0.994562 0.104142 -950.306226 0.000000 0.000000 1.000000
7 8 398.0 0.102282 -0.994755 1069.778599 0.994755 0.102282 -951.425762 0.000000 0.000000 1.000000
7 8 313.0 0.075130 -0.997174 1107.050975 0.997174 0.075130 -935.411410 0.000000 0.000000 1.000000
7 8 196.0 0.053864 -0.998548 1134.958137 0.998548 0.053864 -923.720626 0.000000 0.000000 1.000000
7 8 116.0 0.075130 -0.997174 1168.050975 0.997174 0.075130 -955.411410 0.000000 0.000000 1.000000
