0	1	0.9999938011169434	0
-0.770555 0.637373 30.043092
-0.637373 -0.770555 572.515132
0 0 1
0	13	0.9999932050704956	0
0.934229 -0.356673 114.973371
0.356673 0.934229 101.86225
0 0 1
0	88	0.7452696561813354	1
-0.115964 0.993253 61.208494
-0.993253 -0.115964 712.476999
0 0 1
1	2	0.9999924898147583	0
-0.5485458469322698 -0.8361202805448266 753.7568706709517
0.8361202805448266 -0.5485458469322697 14.780876605368485
0 0 1
1	14	0.9999514818191528	0
-0.07241127196586077 -0.9973744269051047 370.41977738767855
0.9973744269051047 -0.07241127196586092 -103.87852307714888
0 0 1
2	3	0.9999938011169434	0
-0.1055903532999695 -0.9944099174334433 290.0363445745637
0.9944099174334434 -0.1055903532999695 -40.461491047029554
0 0 1
2	5	0.9999622106552124	1
-0.997735 -0.067263 724.788369
0.067263 -0.997735 544.620208
0 0 1
2	15	0.9980838298797607	0
-0.7766520449558896 -0.6299290627863072 536.007233793993
0.6299290627863072 -0.7766520449558895 438.27487402877654
0 0 1
3	8	0.11094076186418533	2
-0.7421472282938283 0.6702373203580866 408.7213604599103
-0.6702373203580866 -0.7421472282938284 609.6741453119059
0 0 1
4	5	0.9999935626983643	0
0.8552106531162866 0.5182810087707382 167.52074205689516
-0.5182810087707382 0.8552106531162867 84.8277228036824
0 0 1
4	9	0.9996817111968994	0
-0.555227 0.831699 130.122298
-0.831699 -0.555227 404.938695
0 0 1
5	6	0.9999933242797852	0
-0.12339355645747548 -0.9923578662684023 726.4502499609989
0.992357866268402 -0.1233935564574754 114.08580141760909
0 0 1
5	10	0.9999741315841675	0
0.6231102482279205 0.7821341679912338 -56.23099010772015
-0.7821341679912337 0.6231102482279204 114.86978047287579
0 0 1
6	7	0.9999939203262329	0
-0.56201932218608 -0.8271236751474953 611.2986173658578
0.8271236751474954 -0.5620193221860799 -47.41707126511999
0 0 1
6	12	0.9999916553497314	0
0.9619171684830802 0.2733415575310348 -231.29182995837826
-0.2733415575310347 0.9619171684830804 32.295352461855785
0 0 1
7	11	0.999990701675415	0
-0.9990728944385854 -0.04304175051165272 557.4011282685235
0.04304175051165253 -0.9990728944385855 610.8539138521003
0 0 1
7	99	0.9648154377937317	1
-0.8064984350827713 -0.5912365674838126 642.2041206720978
0.5912365674838124 -0.8064984350827714 401.72868243058315
0 0 1
8	9	0.7391493916511536	0
-0.593348358347121 -0.8049459688803818 432.25641163956357
0.8049459688803821 -0.5933483583471211 -18.394186561126457
0 0 1
8	15	0.0051939832046628	2
-0.9991080950306723 0.04222523308616155 578.1561682507129
-0.04222523308616144 -0.9991080950306722 697.7406541295086
0 0 1
8	17	0.673138439655304	0
-0.312484 0.949923 -88.107139
-0.949923 -0.312484 653.958225
0 0 1
8	52	0.9407758116722107	1
0.141421 -0.989949 259.779603
0.989949 0.141421 78.771797
0 0 1
9	10	0.7900921106338501	0
0.787348 -0.616509 124.472319
0.616509 0.787348 151.463941
0 0 1
10	12	0.4812382161617279	2
-0.6856697466589728 -0.7279130591915628 668.5052093814011
0.7279130591915625 -0.6856697466589727 472.108853634714
0 0 1
10	23	0.9829093217849731	0
0.7122616277492465 0.701914651790368 107.41424381690571
-0.7019146517903679 0.7122616277492467 163.67323929815373
0 0 1
11	12	0.9999934434890747	0
0.7439450651890727 -0.6682414709196272 17.321047061944522
0.668241470919627 0.7439450651890727 -36.30616450532299
0 0 1
11	16	0.9999932050704956	0
0.21693 0.976187 -143.980554
-0.976187 0.21693 215.749892
0 0 1
11	21	0.9999904632568359	1
-0.6360792435782772 0.771623175859102 435.9150681116961
-0.7716231758591017 -0.636079243578277 478.90552129677747
0 0 1
11	55	0.9999841451644897	1
0.568342 -0.822793 520.172739
0.822793 0.568342 -199.420133
0 0 1
11	75	0.9999897480010986	1
0.7771380880183323 0.6293296200189618 -328.759584802296
-0.6293296200189618 0.7771380880183322 241.52513979493074
0 0 1
11	76	0.8590565323829651	1
-0.789352 0.613941 86.807585
-0.613941 -0.789352 660.181724
0 0 1
11	91	0.8938339352607727	1
0.8229580993230848 -0.5681017336424317 254.2672914252169
0.5681017336424313 0.8229580993230847 90.50975969286864
0 0 1
11	114	0.8906891942024231	1
0.539666 0.841879 -297.654103
-0.841879 0.539666 413.423193
0 0 1
12	22	0.9999266862869263	1
-0.45281358193601856 -0.8916047486057219 748.7901074669581
0.8916047486057218 -0.4528135819360186 233.94495565185048
0 0 1
13	14	0.999993085861206	0
0.34811596707264214 0.9374514779278332 -283.2910784685336
-0.9374514779278332 0.3481159670726422 468.1706892037057
0 0 1
13	21	0.9465140700340271	0
0.668268 -0.743921 342.754284
0.743921 0.668268 78.66
0 0 1
13	39	0.6898857355117798	1
-0.306009 -0.952029 610.271493
0.952029 -0.306009 265.740942
0 0 1
14	15	0.9999879598617554	0
-0.9808793511373927 -0.19461871219717689 351.45023579493284
0.19461871219717677 -0.9808793511373928 248.7903170510427
0 0 1
14	19	0.999503493309021	0
0.5653533857007599 0.8248486002786742 -236.9755668504527
-0.8248486002786741 0.5653533857007599 444.17475396418075
0 0 1
14	83	0.9182564616203308	1
0.322264 -0.94665 196.450012
0.94665 0.322264 -235.269074
0 0 1
15	18	0.8728570342063904	0
-0.975519 -0.219915 678.23886
0.219915 -0.975519 286.97874
0 0 1
16	31	0.9999923706054688	0
-0.30713993065243483 0.9516643047581524 231.76057657295843
-0.9516643047581523 -0.3071399306524347 437.73355816394894
0 0 1
17	18	0.9999910593032837	0
-0.182089 -0.983282 269.44508
0.983282 -0.182089 99.384758
0 0 1
17	22	0.9654726982116699	0
0.984271 0.176664 190.145221
-0.176664 0.984271 -36.550364
0 0 1
17	27	0.9906560778617859	0
-0.919145 0.393919 299.583916
-0.393919 -0.919145 367.28108
0 0 1
17	79	0.992496132850647	1
-0.854694 -0.519133 627.518441
0.519133 -0.854694 495.941314
0 0 1
18	60	0.9995442032814026	1
-0.921635 -0.388057 740.916856
0.388057 -0.921635 243.512503
0 0 1
21	25	0.999992847442627	0
-0.9838822310553397 -0.17881920162713758 690.1072663293858
0.1788192016271375 -0.98388223105534 480.25267096878
0 0 1
21	55	0.9956509470939636	1
0.9958140888884509 0.09139849139490444 -62.31026783467285
-0.0913984913949045 0.9958140888884509 202.13304539282763
0 0 1
22	23	0.9999935626983643	0
-0.4880268318226683 0.8728285202667986 421.77640737057266
-0.8728285202667986 -0.48802683182266837 547.9838665594385
0 0 1
22	29	0.8658276200294495	0
0.9900398340294624 -0.14078989835891748 5.474953123513712
0.14078989835891742 0.9900398340294626 -196.73327897472436
0 0 1
24	37	0.9999891519546509	0
0.851387 0.524539 59.111091
-0.524539 0.851387 61.056203
0 0 1
25	39	0.9999909400939941	0
-0.3138298792174943 0.9494790094485148 -72.1215005175664
-0.949479009448515 -0.3138298792174941 459.76218367991055
0 0 1
25	58	0.6807491779327393	1
-0.9958885756542235 0.09058845987432534 630.6645886568604
-0.09058845987432543 -0.9958885756542235 563.0784761533898
0 0 1
26	29	0.9998888969421387	0
0.8154073489122069 0.5788867447722105 -304.57083313234887
-0.5788867447722106 0.8154073489122069 391.2490445067821
0 0 1
26	32	0.9326557517051697	0
-0.981933 0.189227 293.618185
-0.189227 -0.981933 390.425485
0 0 1
26	102	0.9840096235275269	1
-0.222155 0.975011 -130.673026
-0.975011 -0.222155 718.566679
0 0 1
27	28	0.4744124412536621	2
0.4411534166984127 0.8974314617865347 99.79086106914049
-0.8974314617865345 0.4411534166984126 190.8884897548561
0 0 1
28	34	0.7187750339508057	0
-0.9568060910539141 -0.2907271355190793 456.15107277880134
0.2907271355190792 -0.9568060910539139 561.8805515192264
0 0 1
29	35	0.999848484992981	0
0.46778329097781446 -0.8838434262752453 313.06500449339694
0.8838434262752454 0.46778329097781496 -255.87236387389115
0 0 1
29	52	0.9994181394577026	1
-0.997459 0.071247 477.484479
-0.071247 -0.997459 683.773369
0 0 1
30	31	0.5443301200866699	0
0.2083886329734899 0.9780464684934148 -20.952971315842394
-0.9780464684934149 0.20838863297348967 639.6526547051403
0 0 1
30	61	0.816838800907135	1
0.870824 -0.491594 292.420716
0.491594 0.870824 -72.30814
0 0 1
31	33	0.9999936819076538	0
0.3314970876040121 0.9434559206407355 -18.986083889355335
-0.9434559206407357 0.3314970876040123 548.4108825682029
0 0 1
32	35	0.9999579191207886	0
-0.9605378384743971 0.27814821561162817 557.5803031326457
-0.27814821561162806 -0.960537838474397 292.5173189396065
0 0 1
32	36	0.9887887835502625	0
0.974391 0.22486 -184.185272
-0.22486 0.974391 302.602412
0 0 1
33	36	0.12437096238136292	2
-0.22432550256536518 -0.9745147710665018 628.3677303350006
0.9745147710665018 -0.22432550256536515 217.09964898806794
0 0 1
33	47	0.9953991770744324	0
0.7649433738072058 0.6440969548355662 -269.06515909461797
-0.6440969548355663 0.7649433738072057 286.6839962245082
0 0 1
33	64	0.9821630120277405	1
0.366525 0.930408 -273.669065
-0.930408 0.366525 473.736607
0 0 1
34	37	0.9999914169311523	0
0.687011 0.726647 -287.379056
-0.726647 0.687011 85.642945
0 0 1
34	43	0.9999938011169434	0
0.422885 0.906183 46.089602
-0.906183 0.422885 201.534802
0 0 1
34	93	0.9999825954437256	1
0.8606961582751833 0.5091191104371758 42.95457470891812
-0.5091191104371757 0.8606961582751829 -14.416892515985246
0 0 1
35	38	0.9999610185623169	0
0.404293 -0.91463 282.753283
0.91463 0.404293 156.274738
0 0 1
37	39	0.9994232654571533	0
0.747409 -0.664364 220.700705
0.664364 0.747409 -322.7102
0 0 1
37	40	0.9970664381980896	0
-0.812151 -0.583447 757.414394
0.583447 -0.812151 279.215811
0 0 1
37	45	0.8411849737167358	1
0.6774 -0.735615 417.375551
0.735615 0.6774 -113.947817
0 0 1
37	66	0.9555070996284485	1
0.695808 0.718228 67.145278
-0.718228 0.695808 238.774575
0 0 1
37	79	0.7957032918930054	1
-0.294591 0.955624 78.454365
-0.955624 -0.294591 258.969308
0 0 1
37	83	0.7070674896240234	1
-0.578167 -0.815918 562.137267
0.815918 -0.578167 -63.799828
0 0 1
38	46	0.9999915361404419	0
-0.580147 -0.814512 446.456441
0.814512 -0.580147 331.805381
0 0 1
38	54	0.7148897647857666	1
0.21693 0.976187 -251.591275
-0.976187 0.21693 237.91114
0 0 1
39	41	0.9999914169311523	0
-0.242536 -0.970143 656.977295
0.970143 -0.242536 -60.033335
0 0 1
40	41	0.054849348962306976	2
0.9980494212402613 -0.062422907109328275 -105.5339980877795
0.062422907109328386 0.9980494212402612 158.9162489577701
0 0 1
41	55	0.9999940395355225	0
0.9584729189978078 -0.2851840493169663 -105.16586197247332
0.2851840493169663 0.958472918997808 -161.81040824365925
0 0 1
42	45	0.3721699118614197	2
0.804855282079136 -0.5934712793238727 253.53303751364467
0.5934712793238726 0.8048552820791359 159.71300030743532
0 0 1
43	46	0.9993934631347656	0
0.954226 -0.299086 20.099711
0.299086 0.954226 195.818575
0 0 1
43	52	0.8747044205665588	0
-0.525107 -0.851036 758.869509
0.851036 -0.525107 224.505134
0 0 1
44	45	0.52858567237854	0
0.8338661269183296 -0.5519674412456077 100.62565389958591
0.5519674412456078 0.8338661269183298 -376.5821989441495
0 0 1
44	48	0.7326948642730713	0
-0.983151 -0.182797 705.728018
0.182797 -0.983151 380.884228
0 0 1
44	90	0.9511879086494446	1
0.911108 0.412168 79.241708
-0.412168 0.911108 53.099037
0 0 1
45	51	0.8811057806015015	0
-0.827341002997984 0.5617003965961658 443.0022494005537
-0.5617003965961659 -0.827341002997984 419.7729737372875
0 0 1
45	78	0.7392991185188293	1
0.960824 0.277161 -148.709388
-0.277161 0.960824 208.120595
0 0 1
46	54	0.9999905824661255	0
-0.891812 -0.452406 752.852984
0.452406 -0.891812 370.952899
0 0 1
47	49	0.9741137623786926	0
0.970781 -0.239968 -120.192506
0.239968 0.970781 -83.444076
0 0 1
48	49	0.9093154668807983	0
0.998824 -0.048487 4.721695
0.048487 0.998824 -231.227345
0 0 1
48	51	0.9092184901237488	0
0.159689 -0.987167 430.260909
0.987167 0.159689 249.254821
0 0 1
48	60	0.735429584980011	0
-0.23794515548974254 -0.9712785010098604 292.20477030714613
0.9712785010098607 -0.23794515548974246 70.89364016773166
0 0 1
49	58	0.999992847442627	0
0.8926764377105266 0.4506981225625911 -309.8079584515748
-0.4506981225625911 0.8926764377105266 162.83260547049747
0 0 1
50	51	0.9999868869781494	0
0.480833 -0.876812 229.313515
0.876812 0.480833 -333.28266
0 0 1
50	54	0.9513197541236877	0
0.685099914725482 0.7284492858313044 -31.62593050927576
-0.7284492858313043 0.6850999147254818 456.37078620978144
0 0 1
50	61	0.9109060168266296	0
-0.986394 0.164399 219.739139
-0.164399 -0.986394 568.621096
0 0 1
51	62	0.882530927658081	0
0.445759 0.895153 -106.813774
-0.895153 0.445759 565.651683
0 0 1
52	53	0.9831386804580688	0
0.157667 -0.987492 193.983636
0.987492 0.157667 49.602987
0 0 1
52	54	0.9985705614089966	0
0.707107 -0.707107 500.814755
0.707107 0.707107 -193.971175
0 0 1
52	59	0.9998822212219238	0
-0.65818 0.75286 164.172545
-0.75286 -0.65818 372.101549
0 0 1
52	91	0.8543994426727295	1
0.8525621035057531 -0.5226258832279981 198.629205337669
0.5226258832279982 0.8525621035057531 143.92644139825936
0 0 1
54	63	0.9995230436325073	0
-0.7834775501043031 0.6214199833442431 97.6323060605817
-0.6214199833442432 -0.7834775501043029 470.72363860628764
0 0 1
55	56	0.9999637603759766	0
-0.5865022900747124 0.8099475853838431 13.78621614482568
-0.809947585383843 -0.5865022900747126 534.4338015034708
0 0 1
55	64	0.999981164932251	1
-0.9282426981133484 -0.3719762194136214 754.8677392338277
0.3719762194136213 -0.9282426981133484 404.255743483121
0 0 1
55	74	0.999976396560669	1
-0.237869 -0.971297 769.099172
0.971297 -0.237869 92.208498
0 0 1
56	57	0.9999202489852905	0
0.514166 0.857691 85.860942
-0.857691 0.514166 486.505347
0 0 1
57	59	0.022792723029851913	2
0.991600061963934 0.12934155797006044 -80.51197422306309
-0.12934155797006042 0.991600061963934 281.642098295347
0 0 1
57	65	0.9998863935470581	0
0.6248332446900234 -0.7807582262743936 447.31372552885415
0.7807582262743938 0.6248332446900234 -49.75616883318931
0 0 1
58	60	0.9999929666519165	0
-0.6564948523758822 -0.7543305604786069 489.10861811856114
0.7543305604786067 -0.656494852375882 399.2061999807995
0 0 1
58	70	0.9999673366546631	0
0.9894483778037071 -0.14488598675721687 -123.43186794960484
0.1448859867572168 0.9894483778037072 -69.69926643057119
0 0 1
59	63	0.9999904632568359	0
0.8348047609878676 -0.5505467376653765 71.01885532186043
0.5505467376653765 0.8348047609878676 165.82003354017127
0 0 1
60	62	0.9923007488250732	0
0.057283 0.998358 264.856481
-0.998358 0.057283 377.264532
0 0 1
61	62	0.9731948971748352	0
-0.9819707454546038 -0.18903472026146445 644.6661615498533
0.1890347202614644 -0.9819707454546038 626.0006043320534
0 0 1
61	63	0.99998939037323	0
0.9328048768753056 0.36038136496445833 -197.2709695803909
-0.3603813649644579 0.9328048768753054 -91.75637639176142
0 0 1
61	71	0.4680861234664917	2
-0.9849812279279087 0.17266113667710112 583.3289911391122
-0.172661136677101 -0.9849812279279087 439.3611798391835
0 0 1
63	67	0.9999929666519165	0
-0.964764 0.263117 576.57163
-0.263117 -0.964764 502.288511
0 0 1
63	79	0.7673445343971252	1
-0.5703285769818138 0.8214164736854866 339.32695152249664
-0.8214164736854869 -0.5703285769818137 514.4525139679017
0 0 1
64	65	0.999972939491272	0
0.3182298172699288 -0.9480140648051313 268.0844662052492
0.9480140648051311 0.31822981726992894 137.76650849432625
0 0 1
64	76	0.7738221287727356	0
0.989949 -0.141421 191.96018
0.141421 0.989949 81.324192
0 0 1
65	79	0.9998698234558105	0
0.822567 -0.568669 311.943524
0.568669 0.822567 -197.238542
0 0 1
66	77	0.9999874830245972	0
-0.993418 0.114549 334.89935
-0.114549 -0.993418 408.831738
0 0 1
67	71	0.9794530868530273	0
0.9845070210171323 -0.17534560161284976 -82.4363023698806
0.17534560161284976 0.9845070210171322 -238.12282301011288
0 0 1
67	78	0.9999924898147583	0
0.9921278664195022 -0.12523021673256932 -107.39397613032284
0.1252302167325693 0.9921278664195021 52.99267934652485
0 0 1
69	70	0.9589947462081909	0
-0.9935308925266594 0.11356368218836252 385.7485035245789
-0.11356368218836257 -0.9935308925266595 689.1802169395859
0 0 1
70	74	0.9999693632125854	0
0.227884 0.973688 -219.614315
-0.973688 0.227884 378.771432
0 0 1
71	75	0.9999822378158569	0
0.9630403570920891 -0.26935778238050256 -50.63953272327078
0.26935778238050284 0.963040357092089 38.20088588806941
0 0 1
72	73	0.9999922513961792	0
-0.6395233592213903 0.7687719781184722 77.32988349187161
-0.7687719781184724 -0.6395233592213903 756.027823922929
0 0 1
72	75	0.9999934434890747	0
0.13641883603637084 0.9906509721690488 115.29329943296604
-0.9906509721690487 0.13641883603637076 251.7961326216285
0 0 1
72	85	0.9999877214431763	0
-0.990992 -0.133918 656.912516
0.133918 -0.990992 560.615425
0 0 1
72	91	0.9999918937683105	1
0.9999999929891009 0.00011841367575948017 179.58056203857373
-0.0001184136757594811 0.9999999929891009 143.11523889960753
0 0 1
73	74	0.9972575306892395	0
-0.231314 0.972879 10.417734
-0.972879 -0.231314 327.078262
0 0 1
74	87	0.9999593496322632	0
-0.37012841733281493 -0.9289810380695107 537.6942065911795
0.9289810380695107 -0.3701284173328151 -76.9323340512022
0 0 1
75	78	0.9955123066902161	0
0.922441 0.386138 145.215651
-0.386138 0.922441 240.522289
0 0 1
76	79	0.9474024176597595	0
-0.22535581500560195 -0.9742761439038525 399.51075317559093
0.9742761439038526 -0.22535581500560187 262.14618965025244
0 0 1
76	84	0.9999939203262329	0
0.10822030947243706 -0.9941267995254375 615.711277553251
0.9941267995254375 0.10822030947243709 80.39549415765907
0 0 1
77	79	0.9998589754104614	0
-0.3151387895274087 -0.9490453760533263 703.2079948274773
0.9490453760533264 -0.3151387895274089 -125.17673921876496
0 0 1
77	80	0.9881552457809448	0
0.506365 0.862319 57.597637
-0.862319 0.506365 429.048634
0 0 1
78	81	0.9998692274093628	0
-0.242536 -0.970143 392.660568
0.970143 -0.242536 170.625622
0 0 1
78	90	0.9999837875366211	1
0.704633 0.709572 42.231683
-0.709572 0.704633 97.699772
0 0 1
80	81	0.9247371554374695	0
0.573836 -0.81897 23.890362
0.81897 0.573836 -116.703263
0 0 1
80	92	0.999911904335022	0
0.1577130032442521 0.9874846182182678 -71.57362991934176
-0.9874846182182677 0.15771300324425203 643.1787114154183
0 0 1
80	104	0.9807105660438538	1
-0.669304 0.742989 164.143175
-0.742989 -0.669304 781.408084
0 0 1
82	95	0.68567955493927	0
0.210153 -0.977669 376.083646
0.977669 0.210153 -234.30335
0 0 1
84	94	0.9999940395355225	0
0.9747600303439485 -0.22325647374458 159.77425472524428
0.22325647374458013 0.9747600303439485 -200.22035467433554
0 0 1
87	88	0.9999940395355225	0
-0.852601 -0.522562 394.578942
0.522562 -0.852601 390.53623
0 0 1
88	89	0.9999939203262329	0
-0.8518607917489494 -0.5237681768013909 592.789482036196
0.523768176801391 -0.8518607917489492 120.58203333962042
0 0 1
88	103	0.9999935626983643	0
-0.941141 -0.338015 719.99638
0.338015 -0.941141 416.401697
0 0 1
89	91	0.999991774559021	0
0.999315 -0.037012 -125.589179
0.037012 0.999315 166.215523
0 0 1
90	91	0.9952672719955444	0
0.834219 0.551433 -67.334671
-0.551433 0.834219 -82.069785
0 0 1
90	93	0.9999936819076538	0
-0.854199 0.519947 292.900164
-0.519947 -0.854199 802.582086
0 0 1
90	98	0.9998880624771118	0
0.873042 -0.487645 -13.550878
0.487645 0.873042 -87.35993
0 0 1
90	104	0.9953529834747314	1
0.76881 0.639477 -313.568224
-0.639477 0.76881 174.152853
0 0 1
91	99	0.9999171495437622	0
0.371391 0.928477 -213.305379
-0.928477 0.371391 281.718397
0 0 1
92	93	0.9999847412109375	0
-0.913812 0.406138 340.62
-0.406138 -0.913812 301.386864
0 0 1
92	95	0.9996464252471924	0
0.999776 -0.02115 28.871659
0.02115 0.999776 279.532534
0 0 1
92	98	0.9994400143623352	1
0.894427 -0.447214 305.61734
0.447214 0.894427 -70.753226
0 0 1
92	99	0.7640109062194824	1
-0.32874309153592196 0.9444196661169253 258.36788520649486
-0.9444196661169252 -0.328743091535922 563.4262170855068
0 0 1
92	100	0.9957459568977356	0
0.879707 -0.475517 -4.400647
0.475517 0.879707 -77.743402
0 0 1
93	101	0.9999908208847046	0
0.4907154271228075 0.8713193842648519 53.56806814352296
-0.8713193842648522 0.49071542712280714 246.5891444587116
0 0 1
94	96	0.9999940395355225	0
-0.5019083526788604 0.8649203501000495 232.05287949620134
-0.8649203501000496 -0.5019083526788605 408.84196599085055
0 0 1
95	97	0.998443067073822	0
-0.631173 0.775642 41.246213
-0.775642 -0.631173 584.804017
0 0 1
96	97	0.99936443567276	0
-0.350834 -0.936438 344.426063
0.936438 -0.350834 232.953124
0 0 1
96	111	0.9999830722808838	0
0.9617639962463213 -0.27387803531555116 164.57938775371258
0.27387803531555116 0.9617639962463214 91.05737468455699
0 0 1
98	110	0.9999896287918091	0
-0.129822 0.991537 -105.581157
-0.991537 -0.129822 579.333668
0 0 1
99	104	0.9776961803436279	1
-0.632887282549302 0.7742433446819935 247.70072101976533
-0.7742433446819941 -0.6328872825493023 435.89585143481474
0 0 1
99	108	0.33396321535110474	2
0.986783280053685 0.1620482729574457 6.020728610932725
-0.1620482729574458 0.986783280053685 -108.59776089340595
0 0 1
100	101	0.9931668639183044	0
-0.3741927071789636 -0.9273508093052374 401.5373263295061
0.9273508093052373 -0.37419270717896375 -82.44026335160305
0 0 1
100	104	0.9999912977218628	0
0.074082 0.997252 -152.910897
-0.997252 0.074082 548.46046
0 0 1
101	105	0.9999752044677734	0
-0.9701968316323701 -0.2423205720435435 644.7045321882742
0.24232057204354343 -0.9701968316323702 494.08523488096967
0 0 1
103	107	0.9999324083328247	0
0.188847 0.982006 -179.878288
-0.982006 0.188847 371.3381
0 0 1
104	105	0.9999779462814331	0
0.9994719552036226 -0.03248809638078794 195.33308292901077
0.032488096380788097 0.9994719552036226 -155.15228536529963
0 0 1
104	109	0.9961937665939331	0
0.932129 -0.362127 -118.678122
0.362127 0.932129 94.768624
0 0 1
104	112	0.999993085861206	0
-0.9999988232022441 0.0015341427989598495 352.9712479882983
-0.0015341427989598467 -0.9999988232022439 326.71267889600404
0 0 1
105	110	0.9999938011169434	0
0.9117580874593103 0.41072663258856346 86.34351362886487
-0.4107266325885634 0.91175808745931 -30.744646151551912
0 0 1
105	114	0.9999939203262329	0
0.999009 -0.04451 -151.008161
0.04451 0.999009 -139.611743
0 0 1
106	108	0.013391248881816864	2
-0.9529484858232239 0.30313169420769015 557.6885191780527
-0.3031316942076902 -0.9529484858232241 679.3984641021207
0 0 1
106	117	0.9999935626983643	0
0.948529 0.316689 -183.406159
-0.316689 0.948529 249.444608
0 0 1
107	118	0.7168383002281189	0
-0.815774764637547 0.5783696837020028 346.81370123311416
-0.5783696837020024 -0.815774764637547 380.6703470247477
0 0 1
108	110	0.9995372295379639	0
0.7276558514589708 -0.6859424521681974 -6.204941689203541
0.6859424521681973 0.7276558514589712 -209.7222458568742
0 0 1
108	112	0.9972881078720093	1
0.5096444703592015 -0.8603853837683954 254.48218231131216
0.8603853837683952 0.5096444703592012 105.79729327331425
0 0 1
108	116	0.7391538023948669	0
0.416655 0.909065 -11.02551
-0.909065 0.416655 164.401045
0 0 1
109	111	0.999821126461029	0
-0.9884014136762628 -0.1518652301640015 380.75972991773926
0.1518652301640017 -0.988401413676263 647.1857291029306
0 0 1
109	115	0.26760971546173096	2
-0.8716011479003098 0.49021507345537807 158.61621522591295
-0.4902150734553782 -0.8716011479003097 487.08280630975355
0 0 1
110	113	0.999993085861206	0
-0.206463 0.978454 -32.278902
-0.978454 -0.206463 342.723266
0 0 1
111	119	0.9999936819076538	0
-0.841178 -0.540758 722.347764
0.540758 -0.841178 417.453077
0 0 1
112	114	0.9999936819076538	0
-0.9964113901289562 0.0846427268126517 297.85088153620995
-0.08464272681265174 -0.9964113901289562 626.3047476324715
0 0 1
112	115	0.9999933242797852	0
0.602603 -0.798041 509.662043
0.798041 0.602603 -265.207754
0 0 1
113	114	0.999990701675415	0
-0.6199160703931555 -0.7846684149660337 557.0207486074821
0.7846684149660336 -0.6199160703931555 -27.115363972211593
0 0 1
113	116	0.7047529220581055	0
0.994435 0.105354 11.75711
-0.105354 0.994435 293.524033
0 0 1
115	116	0.8483510613441467	1
0.999368 0.035551 28.608024
-0.035551 0.999368 294.735276
0 0 1
115	119	0.9999904632568359	0
-0.3176500011981481 -0.948208296010859 547.6725376001758
0.9482082960108589 -0.3176500011981482 -154.72496609660575
0 0 1
116	117	0.9754430055618286	0
-0.886445 0.462834 345.672336
-0.462834 -0.886445 774.237923
0 0 1
117	118	0.9999878406524658	0
0.13997141171551336 -0.9901550008682308 328.0025823184813
0.990155000868231 0.1399714117155133 -241.6566828174018
0 0 1
