1
0.014399395596257905 0.9998963233288052 -148.40952896362754 -0.9998963233288052 0.014399395596257905 360.54101726421254 0 0 1
2
-0.6460364248036664 -0.7633065818050416 422.62830707617684 0.7633065818050416 -0.6460364248036664 339.53106755517206 0 0 1
3
-0.29175257403412735 0.9564938241015783 -73.04078814108703 -0.9564938241015783 -0.29175257403412735 907.2067659553659 0 0 1
4
0.9808155876765631 0.19493789516325 -196.91720565729543 -0.19493789516325 0.9808155876765631 644.0681703355748 0 0 1
5
-0.21847834858188245 -0.975841796194923 363.3453545292681 0.975841796194923 -0.21847834858188245 911.8688177442898 0 0 1
6
0.3227289791304027 -0.9464914188884377 242.26734188229136 0.9464914188884377 0.3227289791304027 1056.7909350725065 0 0 1
7
-0.9838654350228409 -0.1789100493748639 360.8219530288526 0.1789100493748639 -0.9838654350228409 1789.4818594770425 0 0 1
8
0.4083915582902334 0.9128068443637323 -231.6058190329708 -0.9128068443637323 0.4083915582902334 1944.8030457285295 0 0 1
9
-0.8550803226903387 0.5184955561504709 321.77546681975844 -0.5184955561504709 -0.8550803226903387 1164.0978471035332 0 0 1
10
0.9366768729214807 0.3501948539513912 -58.41890685917997 -0.3501948539513912 0.9366768729214807 948.6240384756336 0 0 1
11
0.940885976986321 -0.3387234540307124 116.88423827508734 0.3387234540307124 0.940885976986321 1042.3131507024375 0 0 1
12
-0.3737500425028606 -0.9275294635369326 555.8551621904907 0.9275294635369326 -0.3737500425028606 1688.423608083374 0 0 1
13
-0.8992494682401653 -0.437436159764805 583.2995222791855 0.437436159764805 -0.8992494682401653 1718.6424740713735 0 0 1
14
0.39981007923383893 0.9165980037852097 -51.46332780004309 -0.9165980037852097 0.39981007923383893 241.75392000550193 0 0 1
15
-0.7209922733871978 0.6929431013553422 266.1897275295976 -0.6929431013553422 -0.7209922733871978 689.7235868760959 0 0 1
16
0.8322003990257183 -0.5544749731605885 189.26248593116657 0.5544749731605885 0.8322003990257183 266.77792373356584 0 0 1
17
0.8221179691612447 -0.5693171741500433 411.2070103898285 0.5693171741500433 0.8221179691612447 1474.6427183202577 0 0 1
18
-0.23748103235959034 -0.9713921758329245 738.8162601539148 0.9713921758329245 -0.23748103235959034 655.4621922816098 0 0 1
19
-0.9215721757066 0.38820706454597587 584.7075790118089 -0.38820706454597587 -0.9215721757066 889.8823488002394 0 0 1
20
-0.9806084898695056 -0.19597701292714864 744.115642417002 0.19597701292714864 -0.9806084898695056 534.6346072507522 0 0 1
21
0.8460914115751231 -0.5330378253546512 393.83671968641744 0.5330378253546512 0.8460914115751231 1273.5776769922488 0 0 1
22
0.9531677838339118 0.30244202066040565 161.03706162810528 -0.30244202066040565 0.9531677838339118 -43.6980945168812 0 0 1
23
-0.05363875530704229 -0.9985604057487515 727.4494999118068 0.9985604057487515 -0.05363875530704229 846.1361863696524 0 0 1
24
0.8994567278010259 0.4370098337720459 158.75272506482236 -0.4370098337720459 0.8994567278010259 1237.2064157740883 0 0 1
25
0.8464668175135412 -0.5324414773930534 558.6049563812636 0.5324414773930534 0.8464668175135412 4.630371664777186 0 0 1
26
-0.8853654945306173 -0.4648956238711604 964.537276738824 0.4648956238711604 -0.8853654945306173 206.7820641522805 0 0 1
27
-0.7457056340638593 -0.6662755490976819 966.2575121840275 0.6662755490976819 -0.7457056340638593 1365.4440752644332 0 0 1
28
0.6272431963524641 0.778823454082852 309.1531038711771 -0.778823454082852 0.6272431963524641 850.6518914686975 0 0 1
29
-0.434525720981524 0.9006594238698037 525.3271118611453 -0.9006594238698037 -0.434525720981524 893.9416570470416 0 0 1
30
-0.1969646788144686 -0.980410585060929 925.3040004342823 0.980410585060929 -0.1969646788144686 862.6481513602191 0 0 1
31
0.9984193624033569 -0.05620299616634543 418.7813966524728 0.05620299616634543 0.9984193624033569 1335.972567481126 0 0 1
32
0.2867249420682296 0.958012947509568 353.63001333569525 -0.958012947509568 0.2867249420682296 1966.6021892977592 0 0 1
33
0.8399378411271576 0.542682617229122 485.7450206820273 -0.542682617229122 0.8399378411271576 1276.6046291003186 0 0 1
34
-0.8107603592648353 0.5853782023997437 875.2536444123243 -0.5853782023997437 -0.8107603592648353 2142.479046957002 0 0 1
35
0.6798663026106393 -0.7333360829623335 833.2525426138791 0.7333360829623335 0.6798663026106393 240.45123104084598 0 0 1
36
-0.9621922996998672 -0.27237103076186525 1112.943354315123 0.27237103076186525 -0.9621922996998672 1225.0223726417134 0 0 1
37
0.7347136714197979 0.678377344129977 490.4777927913787 -0.678377344129977 0.7347136714197979 1610.0637859413778 0 0 1
38
0.9997471240065554 -0.022487508546328583 579.4235817127359 0.022487508546328583 0.9997471240065554 85.69704013613716 0 0 1
39
-0.5920019338403021 0.8059365423712604 785.4765958653664 -0.8059365423712604 -0.5920019338403021 1153.9083265764577 0 0 1
40
0.7149201009383771 -0.6992061564905309 817.7522242491887 0.6992061564905309 0.7149201009383771 -232.76911239679455 0 0 1
41
-0.8287818823352361 -0.5595717929925194 1330.6223515656698 0.5595717929925194 -0.8287818823352361 383.70660630823795 0 0 1
42
-0.8626033190574991 -0.505880928629442 1329.8834930733356 0.505880928629442 -0.8626033190574991 192.57829011709157 0 0 1
43
0.9725431378805297 -0.2327226782277417 822.0528203728101 0.2327226782277417 0.9725431378805297 789.0441028581772 0 0 1
44
0.9612503967119967 0.27567675785424667 720.4928736359509 -0.27567675785424667 0.9612503967119967 405.9906871324266 0 0 1
45
0.95820753140538 -0.2860739882582962 838.1961499594205 0.2860739882582962 0.95820753140538 1337.7388575602133 0 0 1
46
0.6615418850348546 -0.7499082172803091 1027.575370240541 0.7499082172803091 0.6615418850348546 1003.8691505978335 0 0 1
47
0.999998515754705 0.0017229301747158322 790.5894351458331 -0.0017229301747158322 0.999998515754705 596.4112728391726 0 0 1
48
-0.9943756850834944 -0.10591032487312678 1266.9182133746542 0.10591032487312678 -0.9943756850834944 2058.3989884101725 0 0 1
49
-0.9990131613538188 0.04441512627302698 1423.171631366769 -0.04441512627302698 -0.9990131613538188 1881.3576465990027 0 0 1
50
-0.9963614454006702 0.08522834105558597 1410.8052453863027 -0.08522834105558597 -0.9963614454006702 2111.4591640698172 0 0 1
51
-0.9210888187982648 0.3893525239224955 1337.319106327871 -0.3893525239224955 -0.9210888187982648 1392.0402602389013 0 0 1
52
-0.12127207791176017 0.9926193042244161 1004.6836865244316 -0.9926193042244161 -0.12127207791176017 1613.163094639478 0 0 1
53
-0.32513678683551367 -0.9456669973337748 1520.5867025243751 0.9456669973337748 -0.32513678683551367 435.50354479616476 0 0 1
54
-0.9871879316102372 0.15956186161831312 1413.8888176930739 -0.15956186161831312 -0.9871879316102372 597.9998256850092 0 0 1
55
-0.8971690816279121 -0.4416872637635465 1541.8172383758629 0.4416872637635465 -0.8971690816279121 972.1324135606512 0 0 1
56
-0.9764619828433074 -0.21568958264532956 1497.8281483690398 0.21568958264532956 -0.9764619828433074 288.94421744721774 0 0 1
57
0.7576285020875969 -0.6526860292855242 1366.4712202367057 0.6526860292855242 0.7576285020875969 -229.8600157324894 0 0 1
58
0.9621165584886517 0.2726384563519108 1114.010928960526 -0.2726384563519108 0.9621165584886517 180.0594726403873 0 0 1
59
-0.9243120199526561 -0.3816376419734309 1735.9689943693718 0.3816376419734309 -0.9243120199526561 1970.9278391480452 0 0 1
60
0.9210611559689863 0.3894179592225744 1113.9507310268127 -0.3894179592225744 0.9210611559689863 472.7030975759808 0 0 1
61
0.30837878307858374 0.951263647022723 1132.0752804208382 -0.951263647022723 0.30837878307858374 1791.8280400506771 0 0 1
62
0.8514941075897817 -0.5243641718690182 1352.4795103305978 0.5243641718690182 0.8514941075897817 783.3578003490762 0 0 1
63
-0.9373549252168984 0.34837586623017197 1574.9715055683344 -0.34837586623017197 -0.9373549252168984 1654.1467937601265 0 0 1
64
0.9771401023820719 -0.21259637888909108 1247.156321946924 0.21259637888909108 0.9771401023820719 593.7478492168276 0 0 1
65
0.8081160074601126 0.58902335988204 1235.2822608888966 -0.58902335988204 0.8081160074601126 58.24640355262969 0 0 1
66
0.8033385598621425 -0.5955225925509617 1535.9358917962834 0.5955225925509617 0.8033385598621425 11.871615149474621 0 0 1
67
-0.7427800052438583 -0.6695355582864391 1939.337261901976 0.6695355582864391 -0.7427800052438583 635.9688005993446 0 0 1
68
-0.8576800040497323 0.5141838296302707 1677.4238375990417 -0.5141838296302707 -0.8576800040497323 1216.6895243326808 0 0 1
69
-0.8722049822007595 0.48914054117827205 1677.8608691838633 -0.48914054117827205 -0.8722049822007595 1687.1809073258992 0 0 1
70
0.9575373722959482 0.2883091754637211 1291.365598359319 -0.2883091754637211 0.9575373722959482 1457.8890750555138 0 0 1
71
-0.9742628461695686 -0.22541496528307847 1874.6231580314563 0.22541496528307847 -0.9742628461695686 1994.100219591428 0 0 1
72
-0.72431235679923 0.6894719789722747 1606.809430111729 -0.6894719789722747 -0.72431235679923 1466.6875640815038 0 0 1
73
0.7879988325683418 0.6156767332544981 1421.7233775512527 -0.6156767332544981 0.7879988325683418 1344.4011793136483 0 0 1
74
-0.9727366643535973 0.23191244430223446 1940.18657648225 -0.23191244430223446 -0.9727366643535973 1896.8088124144158 0 0 1
75
-0.01150054408024872 -0.9999338665561129 2007.7271069367723 0.9999338665561129 -0.01150054408024872 1580.7586525895063 0 0 1
76
-0.5094087078535918 0.8605247052600721 1669.7588346185544 -0.8605247052600721 -0.5094087078535918 1472.2291190276087 0 0 1
77
0.856778358792847 0.5156848300117384 1430.1675294701063 -0.5156848300117384 0.856778358792847 23.149193385705587 0 0 1
78
0.8068949602914679 0.5906949492388015 1415.1748065770307 -0.5906949492388015 0.8068949602914679 560.936297363939 0 0 1
79
-0.79083802797497 0.6120255007012866 1799.1467877547734 -0.6120255007012866 -0.79083802797497 1226.0829515892872 0 0 1
80
0.310409852090351 -0.9506028212272707 1907.1860231391554 0.9506028212272707 0.310409852090351 42.748477413747224 0 0 1
81
-0.06867938215046804 0.9976387835621818 1710.9431827633064 -0.9976387835621818 -0.06867938215046804 869.816882522467 0 0 1
82
0.7793211512761837 0.6266247227596143 1593.1819090424622 -0.6266247227596143 0.7793211512761837 854.0819017987982 0 0 1
83
-0.31110758296791013 -0.9503747007469553 2248.3635246659956 0.9503747007469553 -0.31110758296791013 184.03479240969776 0 0 1
84
-0.5368169507636333 -0.843698738515612 2262.7529918931 0.843698738515612 -0.5368169507636333 1070.308693621153 0 0 1
85
0.6029611904506598 -0.7977705201436834 2000.962025131786 0.7977705201436834 0.6029611904506598 -223.57451297675084 0 0 1
86
-0.6771460849278337 -0.7358486119215738 2282.499235198584 0.7358486119215738 -0.6771460849278337 1370.499447311993 0 0 1
87
-0.9009036001871418 0.43401924285663473 2050.851919223326 -0.43401924285663473 -0.9009036001871418 1910.8790980659408 0 0 1
88
-0.9269823847294701 0.37510486320663006 2081.1227888831972 -0.37510486320663006 -0.9269823847294701 2118.04780863276 0 0 1
89
0.991174575103444 0.132563047899885 1867.488576913706 -0.132563047899885 0.991174575103444 1603.721150761951 0 0 1
90
-0.778438196253902 -0.6277212555051578 2469.869029244536 0.6277212555051578 -0.778438196253902 1646.4459903685754 0 0 1
91
-0.9973463129045971 -0.07280337997377212 2389.7307017514913 0.07280337997377212 -0.9973463129045971 1354.0034895040017 0 0 1
92
-0.7997115084859536 -0.6003844628195506 2462.4228891563625 0.6003844628195506 -0.7997115084859536 1437.039500391437 0 0 1
93
-0.9956953974524556 0.09268589694228845 2357.8677658716747 -0.09268589694228845 -0.9956953974524556 898.0789387131465 0 0 1
94
0.8913858575935623 -0.4532452458462079 2038.003464098256 0.4532452458462079 0.8913858575935623 574.8054818296148 0 0 1
95
0.3852407400087707 -0.9228161096542987 2263.7117256604583 0.9228161096542987 0.3852407400087707 -210.47155864464204 0 0 1
96
-0.9951990002522373 0.09787210990342154 2356.512463348193 -0.09787210990342154 -0.9951990002522373 613.1974597721246 0 0 1
97
0.5980351649235542 0.8014698631357622 1976.718050807853 -0.8014698631357622 0.5980351649235542 164.01917552361158 0 0 1
98
0.5779673396654106 -0.8160598962576754 2361.2850747472553 0.8160598962576754 0.5779673396654106 23.024504232344 0 0 1
99
-0.9144880441593674 0.4046129225439728 2416.1052165052715 -0.4046129225439728 -0.9144880441593674 1436.1055805587466 0 0 1
100
0.27668449008954554 -0.9609608175903366 2459.6999041089384 0.9609608175903366 0.27668449008954554 1079.321594118348 0 0 1
101
-0.8253451792201378 0.5646284930271219 2352.6809296570345 -0.5646284930271219 -0.8253451792201378 978.0087208309715 0 0 1
102
0.8323931218197334 0.5541856103754397 1974.8009723714513 -0.5541856103754397 0.8323931218197334 820.1475085205359 0 0 1
103
-0.8877618149659966 0.46030311740013186 2404.4488993694586 -0.46030311740013186 -0.8877618149659966 1928.0134863693215 0 0 1
104
-0.8879899725569589 -0.4598628150201879 2636.9628898371493 0.4598628150201879 -0.8879899725569589 1921.6083270725198 0 0 1
105
-0.6296087359528846 -0.7769123757617784 2788.955285143947 0.7769123757617784 -0.6296087359528846 615.3680819055788 0 0 1
106
-0.659217879413555 -0.7519519848111951 2785.064012617603 0.7519519848111951 -0.659217879413555 867.3829158626629 0 0 1
107
-0.6805219266456718 0.7327277170644378 2450.048918985124 -0.7327277170644378 -0.6805219266456718 1926.560040024861 0 0 1
108
0.2631592964739514 -0.9647523955292026 2632.8299541246774 0.9647523955292026 0.2631592964739514 1514.6430614572478 0 0 1
109
0.43522050518722294 -0.9003238927544789 2564.4271579347906 0.9003238927544789 0.43522050518722294 1052.9726610909042 0 0 1
110
-0.8842182425737221 -0.4670739764746462 2791.7831942430357 0.4670739764746462 -0.8842182425737221 475.9889074646296 0 0 1
111
-0.29555218261321226 -0.9553265972182322 2749.8345889897996 0.9553265972182322 -0.29555218261321226 954.1438021167028 0 0 1
112
0.7896753858518731 0.6135248853793098 2148.8367353113626 -0.6135248853793098 0.7896753858518731 89.48810563729364 0 0 1
113
0.6243215079602445 0.7811674946503127 2313.2908728773823 -0.7811674946503127 0.6243215079602445 685.9077678255812 0 0 1
114
0.9950863287897459 -0.09901110167928492 2434.786058334155 0.09901110167928492 0.9950863287897459 820.5577628331362 0 0 1
115
-0.68896694643319 -0.7247927612238727 2989.6816902762093 0.7247927612238727 -0.68896694643319 844.9555431724222 0 0 1
116
0.9993819041894794 -0.035154083384582833 2426.5316647380323 0.035154083384582833 0.9993819041894794 119.76316696358617 0 0 1
117
0.9999997835313114 -0.0006579797340737129 2418.156979794359 0.0006579797340737129 0.9999997835313114 1112.8431234612056 0 0 1
118
-0.8840329056167864 0.4674246696385869 2761.8610642808007 -0.4674246696385869 -0.8840329056167864 1888.8226316984064 0 0 1
119
0.341770957722638 0.9397832795157354 2357.8493144186477 -0.9397832795157354 0.341770957722638 1949.1259387476537 0 0 1
120
-0.35036514621348497 -0.9366131882046095 2978.4443327587155 0.9366131882046095 -0.35036514621348497 -16.32015801488319 0 0 1
