Node 0
Node 1
Node 2
Node 3
Node 4
Node 5
Node 6
Node 7
Node 8
Node 9
Node 10
Node 11
Node 12
Node 13
Node 14
Node 15
Node 16
Node 17
Node 18
Node 19
Node 20
Node 21
Node 22
Node 23
Node 24
Node 25
Node 26
Node 27
Node 28
Node 29
Node 30
Node 31
Node 32
Node 33
Node 34
Node 35
Node 36
Node 37
Node 38
Node 39
Node 40
Node 41
Node 42
Node 43
Node 44
Node 45
Node 46
Node 47
Node 48
Node 49
Node 50
Node 51
Node 52
Node 53
Node 54
Node 55
Node 56
Node 57
Node 58
Node 59
Node 60
Node 61
Node 62
Node 63
Node 64
Node 65
Node 66
Node 67
Node 68
Node 69
Node 70
Node 71
Node 72
Node 73
Node 74
Node 75
Node 76
Node 77
Node 78
Node 79
Node 80
Node 81
Node 82
Node 83
Node 84
Node 85
Node 86
Node 87
Node 88
Node 89
Node 90
Node 91
Node 92
Node 93
Node 94
Node 95
Node 96
Node 97
Node 98
Node 99
Node 100
Node 101
Node 102
Node 103
Node 104
Node 105
Node 106
Node 107
Node 108
Node 109
Node 110
Node 111
Node 112
Node 113
Node 114
Node 115
Node 116
Node 117
Node 118
Node 119
0 1 246.0 -0.774624 0.632422 31.906686 -0.632422 -0.774624 572.288561 0.000000 0.000000 1.000000
0 1 246.0 -0.770555 0.637373 30.043092 -0.637373 -0.770555 572.515132 0.000000 0.000000 1.000000
0 1 157.0 -0.800000 0.600000 46.400000 -0.600000 -0.800000 574.800000 0.000000 0.000000 1.000000
0 13 90.0 0.934229 -0.356673 114.973371 0.356673 0.934229 101.862250 0.000000 0.000000 1.000000
0 88 87.0 -0.115964 0.993253 61.208494 -0.993253 -0.115964 712.476999 0.000000 0.000000 1.000000
1 2 273.0 -0.519721 -0.854336 749.037637 0.854336 -0.519721 1.229767 0.000000 0.000000 1.000000
1 2 273.0 -0.550459 -0.834862 754.458716 0.834862 -0.550459 16.137615 0.000000 0.000000 1.000000
1 2 273.0 -0.530268 -0.847830 750.158133 0.847830 -0.530268 6.456809 0.000000 0.000000 1.000000
1 2 205.0 -0.577465 -0.816416 759.477124 0.816416 -0.577465 30.810360 0.000000 0.000000 1.000000
1 2 138.0 -0.581238 -0.813733 757.237648 0.813733 -0.581238 33.616109 0.000000 0.000000 1.000000
1 2 104.0 -0.491594 -0.870824 746.662860 0.870824 -0.491594 -13.683652 0.000000 0.000000 1.000000
1 14 336.0 -0.058391 -0.998294 367.460322 0.998294 -0.058391 -107.374730 0.000000 0.000000 1.000000
1 14 336.0 -0.071586 -0.997434 370.993950 0.997434 -0.071586 -104.576287 0.000000 0.000000 1.000000
1 14 261.0 -0.085356 -0.996351 374.299062 0.996351 -0.085356 -100.902665 0.000000 0.000000 1.000000
1 14 257.0 -0.064382 -0.997925 370.901351 0.997925 -0.064382 -107.163766 0.000000 0.000000 1.000000
1 14 138.0 -0.107802 -0.994172 380.033264 0.994172 -0.107802 -97.821177 0.000000 0.000000 1.000000
1 14 117.0 -0.110432 -0.993884 380.026836 0.993884 -0.110432 -100.424554 0.000000 0.000000 1.000000
2 3 153.0 -0.098654 -0.995122 288.541603 0.995122 -0.098654 -42.202016 0.000000 0.000000 1.000000
2 3 153.0 -0.076696 -0.997054 283.937180 0.997054 -0.076696 -44.997959 0.000000 0.000000 1.000000
2 3 121.0 -0.066519 -0.997785 279.401698 0.997785 -0.066519 -46.163639 0.000000 0.000000 1.000000
2 3 121.0 -0.146549 -0.989203 299.398660 0.989203 -0.146549 -34.342461 0.000000 0.000000 1.000000
2 5 83.0 -0.997735 -0.067263 724.788369 0.067263 -0.997735 544.620208 0.000000 0.000000 1.000000
2 15 248.0 -0.776161 -0.630534 535.678306 0.630534 -0.776161 438.067365 0.000000 0.000000 1.000000
2 15 248.0 -0.777364 -0.629051 535.217110 0.629051 -0.777364 439.728447 0.000000 0.000000 1.000000
2 15 168.0 -0.754961 -0.655769 540.875586 0.655769 -0.754961 426.556887 0.000000 0.000000 1.000000
2 15 123.0 -0.750053 -0.661377 539.097862 0.661377 -0.750053 428.380578 0.000000 0.000000 1.000000
3 8 180.0 -0.743921 0.668268 410.070706 -0.668268 -0.743921 608.260444 0.000000 0.000000 1.000000
3 8 130.0 -0.751725 0.659477 415.936079 -0.659477 -0.751725 609.759260 0.000000 0.000000 1.000000
3 8 130.0 -0.760668 0.649141 421.270233 -0.649141 -0.760668 608.404244 0.000000 0.000000 1.000000
3 8 120.0 -0.773268 0.634080 432.410749 -0.634080 -0.773268 607.992861 0.000000 0.000000 1.000000
4 5 198.0 0.857830 0.513934 168.276435 -0.513934 0.857830 84.392253 0.000000 0.000000 1.000000
4 5 198.0 0.852446 0.522815 166.921252 -0.522815 0.852446 85.436813 0.000000 0.000000 1.000000
4 5 195.0 0.835604 0.549332 163.525731 -0.549332 0.835604 93.264489 0.000000 0.000000 1.000000
4 5 176.0 0.824042 0.566529 161.564650 -0.566529 0.824042 97.436888 0.000000 0.000000 1.000000
4 5 139.0 0.867106 0.498124 172.752857 -0.498124 0.867106 81.169071 0.000000 0.000000 1.000000
4 9 306.0 -0.555227 0.831699 130.122298 -0.831699 -0.555227 404.938695 0.000000 0.000000 1.000000
5 6 211.0 -0.173785 -0.984784 735.321330 0.984784 -0.173785 133.519790 0.000000 0.000000 1.000000
5 6 211.0 -0.126254 -0.991998 726.524176 0.991998 -0.126254 116.121565 0.000000 0.000000 1.000000
5 6 211.0 -0.132743 -0.991150 727.070796 0.991150 -0.132743 117.938053 0.000000 0.000000 1.000000
5 6 194.0 -0.174496 -0.984658 733.944206 0.984658 -0.174496 134.233202 0.000000 0.000000 1.000000
5 6 177.0 -0.190477 -0.981692 735.665417 0.981692 -0.190477 140.078047 0.000000 0.000000 1.000000
5 6 177.0 -0.189765 -0.981829 736.594412 0.981829 -0.189765 139.541275 0.000000 0.000000 1.000000
5 6 162.0 -0.099504 -0.995037 722.516862 0.995037 -0.099504 106.189336 0.000000 0.000000 1.000000
5 6 85.0 -0.160993 -0.986956 725.998093 0.986956 -0.160993 146.001860 0.000000 0.000000 1.000000
5 10 169.0 0.624695 0.780869 -55.106200 -0.780869 0.624695 114.356261 0.000000 0.000000 1.000000
6 7 226.0 -0.554700 -0.832050 608.582884 0.832050 -0.554700 -50.460910 0.000000 0.000000 1.000000
6 7 209.0 -0.536875 -0.843661 604.665286 0.843661 -0.536875 -57.676276 0.000000 0.000000 1.000000
6 7 124.0 -0.552238 -0.833687 604.711256 0.833687 -0.552238 -50.456961 0.000000 0.000000 1.000000
6 12 241.0 0.958327 0.285675 -234.024543 -0.285675 0.958327 36.837244 0.000000 0.000000 1.000000
6 12 241.0 0.961764 0.273880 -231.705258 -0.273880 0.961764 33.327907 0.000000 0.000000 1.000000
6 12 172.0 0.956200 0.292714 -233.280895 -0.292714 0.956200 39.681833 0.000000 0.000000 1.000000
7 11 323.0 -0.998868 -0.047565 559.427076 0.047565 -0.998868 611.339976 0.000000 0.000000 1.000000
7 11 323.0 -0.998983 -0.045080 557.321844 0.045080 -0.998983 610.710725 0.000000 0.000000 1.000000
7 11 287.0 -0.998618 -0.052559 559.912541 0.052559 -0.998618 607.542429 0.000000 0.000000 1.000000
7 11 166.0 -1.000000 -0.000000 545.000000 0.000000 -1.000000 625.000000 0.000000 0.000000 1.000000
7 11 157.0 -0.995893 -0.090536 573.427754 0.090536 -0.995893 602.336190 0.000000 0.000000 1.000000
7 11 136.0 -0.999996 0.002743 543.089560 -0.002743 -0.999996 623.712056 0.000000 0.000000 1.000000
7 11 132.0 -1.000000 -0.000000 545.000000 0.000000 -1.000000 626.000000 0.000000 0.000000 1.000000
7 99 120.0 -0.806405 -0.591364 643.097058 0.591364 -0.806405 401.255275 0.000000 0.000000 1.000000
8 9 139.0 -0.590017 -0.807391 432.420342 0.807391 -0.590017 -19.534179 0.000000 0.000000 1.000000
8 15 201.0 -0.998804 0.048893 576.596553 -0.048893 -0.998804 699.540011 0.000000 0.000000 1.000000
8 15 184.0 -0.999680 0.025300 584.895667 -0.025300 -0.999680 694.090906 0.000000 0.000000 1.000000
8 15 167.0 -0.999774 0.021272 585.644609 -0.021272 -0.999774 692.984960 0.000000 0.000000 1.000000
8 15 133.0 -0.999980 0.006369 590.275158 -0.006369 -0.999980 689.607548 0.000000 0.000000 1.000000
8 15 99.0 -1.000000 -0.000000 592.500000 0.000000 -1.000000 684.000000 0.000000 0.000000 1.000000
8 17 334.0 -0.312484 0.949923 -88.107139 -0.949923 -0.312484 653.958225 0.000000 0.000000 1.000000
8 52 129.0 0.141421 -0.989949 259.779603 0.989949 0.141421 78.771797 0.000000 0.000000 1.000000
9 10 227.0 0.787348 -0.616509 124.472319 0.616509 0.787348 151.463941 0.000000 0.000000 1.000000
10 12 168.0 -0.685365 -0.728200 669.043638 0.728200 -0.685365 472.066305 0.000000 0.000000 1.000000
10 23 153.0 0.713124 0.701038 107.440428 -0.701038 0.713124 163.756768 0.000000 0.000000 1.000000
10 23 121.0 0.683941 0.729537 106.982579 -0.729537 0.683941 173.217272 0.000000 0.000000 1.000000
10 23 111.0 0.713809 0.700341 108.138090 -0.700341 0.713809 163.923485 0.000000 0.000000 1.000000
11 12 235.0 0.741874 -0.670540 18.134010 0.670540 0.741874 -36.478245 0.000000 0.000000 1.000000
11 12 218.0 0.728200 -0.685365 26.854395 0.685365 0.728200 -38.811372 0.000000 0.000000 1.000000
11 12 201.0 0.722384 -0.691492 26.901369 0.691492 0.722384 -39.884253 0.000000 0.000000 1.000000
11 12 199.0 0.725953 -0.687745 27.971412 0.687745 0.725953 -39.699568 0.000000 0.000000 1.000000
11 12 156.0 0.769410 -0.638755 3.233565 0.638755 0.769410 -31.975269 0.000000 0.000000 1.000000
11 12 144.0 0.713809 -0.700341 34.416933 0.700341 0.713809 -41.655368 0.000000 0.000000 1.000000
11 16 346.0 0.216930 0.976187 -143.980554 -0.976187 0.216930 215.749892 0.000000 0.000000 1.000000
11 16 326.0 0.216930 0.976187 -142.186598 -0.976187 0.216930 216.005085 0.000000 0.000000 1.000000
11 16 307.0 0.227414 0.973798 -145.928852 -0.973798 0.227414 212.865455 0.000000 0.000000 1.000000
11 16 221.0 0.194429 0.980917 -142.966736 -0.980917 0.194429 222.986742 0.000000 0.000000 1.000000
11 16 138.0 0.164399 0.986394 -141.635874 -0.986394 0.164399 231.134888 0.000000 0.000000 1.000000
11 16 95.0 0.231621 0.972806 -122.869760 -0.972806 0.231621 202.808452 0.000000 0.000000 1.000000
11 21 182.0 -0.636225 0.771503 435.965320 -0.771503 -0.636225 478.920257 0.000000 0.000000 1.000000
11 55 184.0 0.568342 -0.822793 520.172739 0.822793 0.568342 -199.420133 0.000000 0.000000 1.000000
11 75 83.0 0.780239 0.625481 -328.710876 -0.625481 0.780239 238.935157 0.000000 0.000000 1.000000
11 76 127.0 -0.789352 0.613941 86.807585 -0.613941 -0.789352 660.181724 0.000000 0.000000 1.000000
11 91 146.0 0.822495 -0.568772 254.527522 0.568772 0.822495 90.632190 0.000000 0.000000 1.000000
11 114 109.0 0.539666 0.841879 -297.654103 -0.841879 0.539666 413.423193 0.000000 0.000000 1.000000
12 22 104.0 -0.475369 -0.879787 750.326858 0.879787 -0.475369 244.648316 0.000000 0.000000 1.000000
12 22 104.0 -0.454279 -0.890859 749.031309 0.890859 -0.454279 234.399522 0.000000 0.000000 1.000000
13 14 183.0 0.352000 0.936000 -283.584000 -0.936000 0.352000 467.712000 0.000000 0.000000 1.000000
13 14 137.0 0.371391 0.928477 -288.873586 -0.928477 0.371391 460.183146 0.000000 0.000000 1.000000
13 14 130.0 0.400819 0.916157 -295.048970 -0.916157 0.400819 443.991183 0.000000 0.000000 1.000000
13 14 112.0 0.388057 0.921635 -291.554755 -0.921635 0.388057 449.773009 0.000000 0.000000 1.000000
13 21 309.0 0.668268 -0.743921 342.754284 0.743921 0.668268 78.660000 0.000000 0.000000 1.000000
13 21 290.0 0.658917 -0.752215 345.367384 0.752215 0.658917 79.910331 0.000000 0.000000 1.000000
13 21 290.0 0.650791 -0.759257 347.548646 0.759257 0.650791 81.065693 0.000000 0.000000 1.000000
13 21 170.0 0.624695 -0.780869 358.845793 0.780869 0.624695 84.406509 0.000000 0.000000 1.000000
13 21 98.0 0.608901 -0.793247 363.326468 0.793247 0.608901 88.021689 0.000000 0.000000 1.000000
13 39 118.0 -0.306009 -0.952029 610.271493 0.952029 -0.306009 265.740942 0.000000 0.000000 1.000000
14 15 266.0 -0.985767 -0.168115 347.693768 0.168115 -0.985767 254.997597 0.000000 0.000000 1.000000
14 15 266.0 -0.981640 -0.190745 350.918677 0.190745 -0.981640 249.545440 0.000000 0.000000 1.000000
14 15 204.0 -0.975441 -0.220261 352.255878 0.220261 -0.975441 242.073653 0.000000 0.000000 1.000000
14 15 193.0 -0.974391 -0.224860 353.962879 0.224860 -0.974391 241.639307 0.000000 0.000000 1.000000
14 15 130.0 -0.972543 -0.232724 352.557857 0.232724 -0.972543 238.007918 0.000000 0.000000 1.000000
14 15 108.0 -0.979153 -0.203122 354.357146 0.203122 -0.979153 248.354338 0.000000 0.000000 1.000000
14 19 192.0 0.550120 0.835085 -233.675455 -0.835085 0.550120 453.409579 0.000000 0.000000 1.000000
14 19 149.0 0.564684 0.825307 -236.405298 -0.825307 0.564684 444.830067 0.000000 0.000000 1.000000
14 19 137.0 0.600000 0.800000 -240.600000 -0.800000 0.600000 424.800000 0.000000 0.000000 1.000000
14 83 162.0 0.322264 -0.946650 196.450012 0.946650 0.322264 -235.269074 0.000000 0.000000 1.000000
15 18 161.0 -0.975519 -0.219915 678.238860 0.219915 -0.975519 286.978740 0.000000 0.000000 1.000000
15 18 130.0 -0.987311 -0.158798 672.559706 0.158798 -0.987311 312.099737 0.000000 0.000000 1.000000
16 31 246.0 -0.304776 0.952424 230.803528 -0.952424 -0.304776 437.044061 0.000000 0.000000 1.000000
16 31 246.0 -0.316228 0.948683 233.573377 -0.948683 -0.316228 438.419080 0.000000 0.000000 1.000000
16 31 246.0 -0.316228 0.948683 233.167683 -0.948683 -0.316228 437.932247 0.000000 0.000000 1.000000
16 31 205.0 -0.285675 0.958327 224.208448 -0.958327 -0.285675 434.554022 0.000000 0.000000 1.000000
17 18 321.0 -0.182089 -0.983282 269.445080 0.983282 -0.182089 99.384758 0.000000 0.000000 1.000000
17 18 225.0 -0.196116 -0.980581 270.996735 0.980581 -0.196116 101.715821 0.000000 0.000000 1.000000
17 18 219.0 -0.125365 -0.992111 257.013679 0.992111 -0.125365 89.614543 0.000000 0.000000 1.000000
17 22 285.0 0.984271 0.176664 190.145221 -0.176664 0.984271 -36.550364 0.000000 0.000000 1.000000
17 22 116.0 0.986770 0.162127 195.584202 -0.162127 0.986770 -38.844159 0.000000 0.000000 1.000000
17 27 240.0 -0.919145 0.393919 299.583916 -0.393919 -0.919145 367.281080 0.000000 0.000000 1.000000
17 79 109.0 -0.854694 -0.519133 627.518441 0.519133 -0.854694 495.941314 0.000000 0.000000 1.000000
18 60 93.0 -0.921635 -0.388057 740.916856 0.388057 -0.921635 243.512503 0.000000 0.000000 1.000000
21 25 162.0 -0.984576 -0.174959 688.514326 0.174959 -0.984576 483.698843 0.000000 0.000000 1.000000
21 25 158.0 -0.981665 -0.190615 694.072885 0.190615 -0.981665 475.510021 0.000000 0.000000 1.000000
21 25 158.0 -0.985868 -0.167523 687.239060 0.167523 -0.985868 484.569246 0.000000 0.000000 1.000000
21 55 96.0 0.996053 0.088757 -62.307206 -0.088757 0.996053 201.213244 0.000000 0.000000 1.000000
22 23 109.0 -0.496139 0.868243 424.703419 -0.868243 -0.496139 545.684805 0.000000 0.000000 1.000000
22 23 109.0 -0.480042 0.877245 419.218747 -0.877245 -0.480042 547.711212 0.000000 0.000000 1.000000
22 29 210.0 0.989778 -0.142619 4.243385 0.142619 0.989778 -196.576074 0.000000 0.000000 1.000000
22 29 140.0 0.993605 -0.112910 -7.292587 0.112910 0.993605 -192.442695 0.000000 0.000000 1.000000
24 37 246.0 0.849267 0.527964 58.825831 -0.527964 0.849267 61.691824 0.000000 0.000000 1.000000
24 37 246.0 0.851387 0.524539 59.111091 -0.524539 0.851387 61.056203 0.000000 0.000000 1.000000
24 37 246.0 0.852042 0.523473 59.015830 -0.523473 0.852042 60.911817 0.000000 0.000000 1.000000
24 37 123.0 0.837863 0.545880 59.127824 -0.545880 0.837863 64.226039 0.000000 0.000000 1.000000
25 39 262.0 -0.293002 0.956112 -76.612042 -0.956112 -0.293002 454.676668 0.000000 0.000000 1.000000
25 39 262.0 -0.325205 0.945643 -68.667294 -0.945643 -0.325205 462.218725 0.000000 0.000000 1.000000
25 39 262.0 -0.295534 0.955332 -77.350355 -0.955332 -0.295534 453.936355 0.000000 0.000000 1.000000
25 39 244.0 -0.316228 0.948683 -70.370576 -0.948683 -0.316228 458.685453 0.000000 0.000000 1.000000
25 39 116.0 -0.270563 0.962702 -84.559794 -0.962702 -0.270563 446.338926 0.000000 0.000000 1.000000
25 58 83.0 -0.995945 0.089966 630.675660 -0.089966 -0.995945 563.702103 0.000000 0.000000 1.000000
26 29 116.0 0.813733 0.581238 -304.555029 -0.581238 0.813733 392.443635 0.000000 0.000000 1.000000
26 29 116.0 0.807170 0.590319 -303.808659 -0.590319 0.807170 398.141084 0.000000 0.000000 1.000000
26 32 123.0 -0.981933 0.189227 293.618185 -0.189227 -0.981933 390.425485 0.000000 0.000000 1.000000
26 102 105.0 -0.222155 0.975011 -130.673026 -0.975011 -0.222155 718.566679 0.000000 0.000000 1.000000
27 28 216.0 0.443775 0.896138 99.936180 -0.896138 0.443775 190.591983 0.000000 0.000000 1.000000
27 28 216.0 0.447214 0.894427 101.059692 -0.894427 0.447214 190.266874 0.000000 0.000000 1.000000
27 28 175.0 0.478506 0.878084 99.151980 -0.878084 0.478506 182.060989 0.000000 0.000000 1.000000
28 34 179.0 -0.956046 -0.293217 455.646243 0.293217 -0.956046 560.779385 0.000000 0.000000 1.000000
29 35 149.0 0.467888 -0.883788 315.034834 0.883788 0.467888 -255.842050 0.000000 0.000000 1.000000
29 52 85.0 -0.997459 0.071247 477.484479 -0.071247 -0.997459 683.773369 0.000000 0.000000 1.000000
30 31 144.0 0.202014 0.979383 -18.102578 -0.979383 0.202014 641.379044 0.000000 0.000000 1.000000
30 61 127.0 0.870824 -0.491594 292.420716 0.491594 0.870824 -72.308140 0.000000 0.000000 1.000000
31 33 292.0 0.312476 0.949926 -14.820757 -0.949926 0.312476 553.104602 0.000000 0.000000 1.000000
31 33 280.0 0.319127 0.947712 -15.866841 -0.947712 0.319127 551.666291 0.000000 0.000000 1.000000
31 33 280.0 0.332199 0.943209 -19.362524 -0.943209 0.332199 548.223617 0.000000 0.000000 1.000000
31 33 259.0 0.337865 0.941195 -22.422012 -0.941195 0.337865 547.327161 0.000000 0.000000 1.000000
31 33 151.0 0.308709 0.951157 -11.346807 -0.951157 0.308709 556.593997 0.000000 0.000000 1.000000
32 35 146.0 -0.964458 0.264235 562.415264 -0.264235 -0.964458 289.138114 0.000000 0.000000 1.000000
32 35 118.0 -0.967530 0.252757 565.653893 -0.252757 -0.967530 284.408096 0.000000 0.000000 1.000000
32 35 118.0 -0.970143 0.242536 566.714318 -0.242536 -0.970143 282.737276 0.000000 0.000000 1.000000
32 35 117.0 -0.934715 0.355397 540.806498 -0.355397 -0.934715 312.066783 0.000000 0.000000 1.000000
32 36 156.0 0.974391 0.224860 -184.185272 -0.224860 0.974391 302.602412 0.000000 0.000000 1.000000
33 36 137.0 -0.236352 -0.971668 629.900036 0.971668 -0.236352 222.584339 0.000000 0.000000 1.000000
33 47 124.0 0.721988 0.691905 -269.425811 -0.691905 0.721988 310.948908 0.000000 0.000000 1.000000
33 47 114.0 0.763386 0.645942 -269.256991 -0.645942 0.763386 287.545856 0.000000 0.000000 1.000000
33 47 91.0 0.768221 0.640184 -270.335150 -0.640184 0.768221 285.023050 0.000000 0.000000 1.000000
33 64 104.0 0.366525 0.930408 -273.669065 -0.930408 0.366525 473.736607 0.000000 0.000000 1.000000
34 37 289.0 0.687011 0.726647 -287.379056 -0.726647 0.687011 85.642945 0.000000 0.000000 1.000000
34 37 163.0 0.672881 0.739751 -285.376257 -0.739751 0.672881 97.068205 0.000000 0.000000 1.000000
34 43 169.0 0.422885 0.906183 46.089602 -0.906183 0.422885 201.534802 0.000000 0.000000 1.000000
34 43 164.0 0.489064 0.872248 42.190139 -0.872248 0.489064 187.395201 0.000000 0.000000 1.000000
34 43 127.0 0.402206 0.915549 47.810315 -0.915549 0.402206 208.983033 0.000000 0.000000 1.000000
34 93 122.0 0.863779 0.503871 43.896563 -0.503871 0.863779 -16.511170 0.000000 0.000000 1.000000
35 38 106.0 0.404293 -0.914630 282.753283 0.914630 0.404293 156.274738 0.000000 0.000000 1.000000
37 39 214.0 0.747409 -0.664364 220.700705 0.664364 0.747409 -322.710200 0.000000 0.000000 1.000000
37 39 156.0 0.758317 -0.651886 214.773939 0.651886 0.758317 -325.159578 0.000000 0.000000 1.000000
37 39 107.0 0.687611 -0.726079 257.865445 0.726079 0.687611 -317.483338 0.000000 0.000000 1.000000
37 40 315.0 -0.812151 -0.583447 757.414394 0.583447 -0.812151 279.215811 0.000000 0.000000 1.000000
37 40 295.0 -0.811206 -0.584761 756.959578 0.584761 -0.811206 279.228729 0.000000 0.000000 1.000000
37 45 98.0 0.677400 -0.735615 417.375551 0.735615 0.677400 -113.947817 0.000000 0.000000 1.000000
37 66 109.0 0.695808 0.718228 67.145278 -0.718228 0.695808 238.774575 0.000000 0.000000 1.000000
37 79 89.0 -0.294591 0.955624 78.454365 -0.955624 -0.294591 258.969308 0.000000 0.000000 1.000000
37 83 106.0 -0.578167 -0.815918 562.137267 0.815918 -0.578167 -63.799828 0.000000 0.000000 1.000000
38 46 259.0 -0.580147 -0.814512 446.456441 0.814512 -0.580147 331.805381 0.000000 0.000000 1.000000
38 46 225.0 -0.568565 -0.822638 445.885052 0.822638 -0.568565 327.499330 0.000000 0.000000 1.000000
38 46 83.0 -0.507536 -0.861631 445.234061 0.861631 -0.507536 306.744507 0.000000 0.000000 1.000000
38 54 155.0 0.216930 0.976187 -251.591275 -0.976187 0.216930 237.911140 0.000000 0.000000 1.000000
38 54 94.0 0.220261 0.975441 -252.520612 -0.975441 0.220261 235.494994 0.000000 0.000000 1.000000
39 41 187.0 -0.246399 -0.969169 657.912929 0.969169 -0.246399 -58.627233 0.000000 0.000000 1.000000
39 41 187.0 -0.242536 -0.970143 656.977295 0.970143 -0.242536 -60.033335 0.000000 0.000000 1.000000
39 41 99.0 -0.220261 -0.975441 650.070518 0.975441 -0.220261 -66.733599 0.000000 0.000000 1.000000
40 41 220.0 0.997431 -0.071639 -105.447455 0.071639 0.997431 155.714758 0.000000 0.000000 1.000000
40 41 200.0 0.998409 -0.056389 -107.699183 0.056389 0.998409 160.559268 0.000000 0.000000 1.000000
40 41 200.0 0.998267 -0.058841 -107.131451 0.058841 0.998267 159.458132 0.000000 0.000000 1.000000
41 55 239.0 0.945981 -0.324222 -89.508310 0.324222 0.945981 -172.134306 0.000000 0.000000 1.000000
41 55 194.0 0.944124 -0.329590 -85.472786 0.329590 0.944124 -171.473549 0.000000 0.000000 1.000000
41 55 194.0 0.940114 -0.340860 -80.982265 0.340860 0.940114 -174.112974 0.000000 0.000000 1.000000
41 55 189.0 0.959569 -0.281474 -106.111039 0.281474 0.959569 -161.813760 0.000000 0.000000 1.000000
42 45 216.0 0.830937 -0.556367 246.442683 0.556367 0.830937 161.081528 0.000000 0.000000 1.000000
42 45 162.0 0.800000 -0.600000 255.400000 0.600000 0.800000 161.800000 0.000000 0.000000 1.000000
42 45 121.0 0.795432 -0.606043 257.781185 0.606043 0.795432 159.262432 0.000000 0.000000 1.000000
43 46 212.0 0.954226 -0.299086 20.099711 0.299086 0.954226 195.818575 0.000000 0.000000 1.000000
43 46 212.0 0.962151 -0.272517 15.284682 0.272517 0.962151 201.846032 0.000000 0.000000 1.000000
43 46 212.0 0.959569 -0.281474 16.543710 0.281474 0.959569 200.127362 0.000000 0.000000 1.000000
43 46 155.0 0.972082 -0.234641 9.038880 0.234641 0.972082 209.330012 0.000000 0.000000 1.000000
43 46 129.0 0.974732 -0.223376 6.636941 0.223376 0.974732 212.737297 0.000000 0.000000 1.000000
43 46 120.0 0.955157 -0.296099 20.998391 0.296099 0.955157 195.071493 0.000000 0.000000 1.000000
43 46 120.0 0.971442 -0.237277 8.736763 0.237277 0.971442 211.503569 0.000000 0.000000 1.000000
43 52 169.0 -0.525107 -0.851036 758.869509 0.851036 -0.525107 224.505134 0.000000 0.000000 1.000000
44 45 225.0 0.828849 -0.559473 104.301751 0.559473 0.828849 -377.222548 0.000000 0.000000 1.000000
44 45 225.0 0.836429 -0.548076 97.313120 0.548076 0.836429 -375.967045 0.000000 0.000000 1.000000
44 48 105.0 -0.983151 -0.182797 705.728018 0.182797 -0.983151 380.884228 0.000000 0.000000 1.000000
44 90 138.0 0.911108 0.412168 79.241708 -0.412168 0.911108 53.099037 0.000000 0.000000 1.000000
45 51 263.0 -0.827217 0.561883 441.922537 -0.561883 -0.827217 419.013481 0.000000 0.000000 1.000000
45 78 104.0 0.960824 0.277161 -148.709388 -0.277161 0.960824 208.120595 0.000000 0.000000 1.000000
46 54 323.0 -0.891812 -0.452406 752.852984 0.452406 -0.891812 370.952899 0.000000 0.000000 1.000000
46 54 170.0 -0.918142 -0.396251 740.069778 0.396251 -0.918142 398.202821 0.000000 0.000000 1.000000
47 49 131.0 0.970781 -0.239968 -120.192506 0.239968 0.970781 -83.444076 0.000000 0.000000 1.000000
48 49 434.0 0.998824 -0.048487 4.721695 0.048487 0.998824 -231.227345 0.000000 0.000000 1.000000
48 49 434.0 0.999447 -0.033257 -0.704935 0.033257 0.999447 -227.580697 0.000000 0.000000 1.000000
48 49 434.0 0.998705 -0.050872 5.575427 0.050872 0.998705 -231.869785 0.000000 0.000000 1.000000
48 49 418.0 0.998274 -0.058722 7.936685 0.058722 0.998274 -232.933157 0.000000 0.000000 1.000000
48 49 399.0 0.998868 -0.047565 4.615288 0.047565 0.998868 -232.201795 0.000000 0.000000 1.000000
48 49 291.0 0.998083 -0.061897 8.776293 0.061897 0.998083 -236.038556 0.000000 0.000000 1.000000
48 49 229.0 1.000000 0.000000 -11.000000 -0.000000 1.000000 -223.000000 0.000000 0.000000 1.000000
48 49 213.0 0.999981 -0.006173 -10.472309 0.006173 0.999981 -224.478300 0.000000 0.000000 1.000000
48 49 207.0 1.000000 0.000000 -12.000000 -0.000000 1.000000 -220.000000 0.000000 0.000000 1.000000
48 49 207.0 1.000000 0.000000 -12.000000 -0.000000 1.000000 -220.000000 0.000000 0.000000 1.000000
48 49 205.0 0.997938 -0.064183 10.355305 0.064183 0.997938 -237.702671 0.000000 0.000000 1.000000
48 49 117.0 0.999028 -0.044075 22.131469 0.044075 0.999028 -228.793564 0.000000 0.000000 1.000000
48 51 271.0 0.159689 -0.987167 430.260909 0.987167 0.159689 249.254821 0.000000 0.000000 1.000000
48 51 240.0 0.182089 -0.983282 427.880383 0.983282 0.182089 245.523195 0.000000 0.000000 1.000000
48 51 105.0 0.131044 -0.991377 433.521147 0.991377 0.131044 256.858957 0.000000 0.000000 1.000000
48 51 94.0 0.221453 -0.975171 423.231763 0.975171 0.221453 243.507859 0.000000 0.000000 1.000000
48 51 94.0 0.076696 -0.997054 440.215814 0.997054 0.076696 257.812225 0.000000 0.000000 1.000000
48 60 176.0 -0.236748 -0.971571 292.054666 0.971571 -0.236748 70.574173 0.000000 0.000000 1.000000
48 60 101.0 -0.208922 -0.977932 281.037579 0.977932 -0.208922 65.772840 0.000000 0.000000 1.000000
49 58 243.0 0.882353 0.470588 -312.529412 -0.470588 0.882353 172.882353 0.000000 0.000000 1.000000
49 58 224.0 0.894427 0.447214 -308.908644 -0.447214 0.894427 161.586698 0.000000 0.000000 1.000000
49 58 224.0 0.894427 0.447214 -308.619789 -0.447214 0.894427 161.636542 0.000000 0.000000 1.000000
49 58 224.0 0.894427 0.447214 -309.433566 -0.447214 0.894427 160.966417 0.000000 0.000000 1.000000
50 51 330.0 0.480833 -0.876812 229.313515 0.876812 0.480833 -333.282660 0.000000 0.000000 1.000000
50 51 121.0 0.419058 -0.907959 259.570637 0.907959 0.419058 -336.360301 0.000000 0.000000 1.000000
50 54 139.0 0.682884 0.730527 -30.685181 -0.730527 0.682884 457.227645 0.000000 0.000000 1.000000
50 61 198.0 -0.985255 0.171092 217.450440 -0.171092 -0.985255 569.461615 0.000000 0.000000 1.000000
50 61 198.0 -0.986394 0.164399 219.739139 -0.164399 -0.986394 568.621096 0.000000 0.000000 1.000000
50 61 108.0 -0.972174 0.234259 197.376977 -0.234259 -0.972174 575.769227 0.000000 0.000000 1.000000
51 62 379.0 0.447214 0.894427 -106.895488 -0.894427 0.447214 565.482186 0.000000 0.000000 1.000000
51 62 379.0 0.445759 0.895153 -106.813774 -0.895153 0.445759 565.651683 0.000000 0.000000 1.000000
51 62 379.0 0.470588 0.882353 -112.764706 -0.882353 0.470588 556.058824 0.000000 0.000000 1.000000
51 62 335.0 0.468826 0.883290 -111.068017 -0.883290 0.468826 555.495742 0.000000 0.000000 1.000000
51 62 335.0 0.447214 0.894427 -106.141076 -0.894427 0.447214 565.758579 0.000000 0.000000 1.000000
52 53 345.0 0.157667 -0.987492 193.983636 0.987492 0.157667 49.602987 0.000000 0.000000 1.000000
52 53 345.0 0.155963 -0.987763 192.923061 0.987763 0.155963 49.557620 0.000000 0.000000 1.000000
52 53 116.0 0.192414 -0.981314 181.615179 0.981314 0.192414 47.576450 0.000000 0.000000 1.000000
52 53 116.0 0.225344 -0.974279 171.320955 0.974279 0.225344 45.244466 0.000000 0.000000 1.000000
52 54 326.0 0.707107 -0.707107 500.814755 0.707107 0.707107 -193.971175 0.000000 0.000000 1.000000
52 54 326.0 0.707636 -0.706577 500.686015 0.706577 0.707636 -193.404092 0.000000 0.000000 1.000000
52 54 311.0 0.696248 -0.717801 506.777923 0.717801 0.696248 -191.714655 0.000000 0.000000 1.000000
52 54 205.0 0.732793 -0.680451 488.885188 0.680451 0.732793 -199.033821 0.000000 0.000000 1.000000
52 54 162.0 0.676873 -0.736100 514.595821 0.736100 0.676873 -186.131417 0.000000 0.000000 1.000000
52 54 162.0 0.673490 -0.739196 516.447430 0.739196 0.673490 -185.796553 0.000000 0.000000 1.000000
52 59 356.0 -0.655863 0.754880 163.898039 -0.754880 -0.655863 373.255168 0.000000 0.000000 1.000000
52 59 356.0 -0.658180 0.752860 164.172545 -0.752860 -0.658180 372.101549 0.000000 0.000000 1.000000
52 59 218.0 -0.648466 0.761243 159.862203 -0.761243 -0.648466 370.243684 0.000000 0.000000 1.000000
52 59 185.0 -0.640184 0.768221 156.556666 -0.768221 -0.640184 368.082980 0.000000 0.000000 1.000000
52 59 106.0 -0.613941 0.789352 148.159792 -0.789352 -0.613941 365.257197 0.000000 0.000000 1.000000
52 91 92.0 0.853077 -0.521785 197.891072 0.521785 0.853077 144.259152 0.000000 0.000000 1.000000
54 63 187.0 -0.778198 0.628019 96.585696 -0.628019 -0.778198 470.181456 0.000000 0.000000 1.000000
54 63 187.0 -0.783839 0.620964 98.298246 -0.620964 -0.783839 469.828913 0.000000 0.000000 1.000000
54 63 187.0 -0.778413 0.627752 96.184192 -0.627752 -0.778413 469.334002 0.000000 0.000000 1.000000
54 63 166.0 -0.794417 0.607373 102.728681 -0.607373 -0.794417 470.233541 0.000000 0.000000 1.000000
54 63 166.0 -0.791064 0.611734 101.829777 -0.611734 -0.791064 470.475139 0.000000 0.000000 1.000000
55 56 90.0 -0.583134 0.812376 12.602814 -0.812376 -0.583134 533.388718 0.000000 0.000000 1.000000
55 64 87.0 -0.928477 -0.371391 754.394911 0.371391 -0.928477 406.079177 0.000000 0.000000 1.000000
55 74 132.0 -0.237869 -0.971297 769.099172 0.971297 -0.237869 92.208498 0.000000 0.000000 1.000000
55 74 106.0 0.168604 0.985684 -33.242449 -0.985684 0.168604 221.345286 0.000000 0.000000 1.000000
55 74 106.0 0.168964 0.985622 -33.968232 -0.985622 0.168964 221.158358 0.000000 0.000000 1.000000
56 57 174.0 0.514166 0.857691 85.860942 -0.857691 0.514166 486.505347 0.000000 0.000000 1.000000
57 59 155.0 0.990857 0.134916 -79.650373 -0.134916 0.990857 284.205548 0.000000 0.000000 1.000000
57 65 108.0 0.628019 -0.778198 446.270416 0.778198 0.628019 -49.439699 0.000000 0.000000 1.000000
58 60 315.0 -0.654858 -0.755752 488.312521 0.755752 -0.654858 398.706869 0.000000 0.000000 1.000000
58 60 260.0 -0.637373 -0.770555 492.170682 0.770555 -0.637373 389.910583 0.000000 0.000000 1.000000
58 60 260.0 -0.650791 -0.759257 490.051563 0.759257 -0.650791 396.653118 0.000000 0.000000 1.000000
58 60 201.0 -0.666331 -0.745656 487.789379 0.745656 -0.666331 401.002278 0.000000 0.000000 1.000000
58 60 119.0 -0.672673 -0.739940 487.082953 0.739940 -0.672673 408.600619 0.000000 0.000000 1.000000
58 60 108.0 -0.608819 -0.793309 492.612067 0.793309 -0.608819 384.323240 0.000000 0.000000 1.000000
58 70 155.0 0.989699 -0.143164 -124.014256 0.143164 0.989699 -69.427379 0.000000 0.000000 1.000000
59 63 165.0 0.812324 -0.583207 79.056409 0.583207 0.812324 163.272072 0.000000 0.000000 1.000000
59 63 149.0 0.835171 -0.549991 70.548044 0.549991 0.835171 165.401168 0.000000 0.000000 1.000000
59 63 125.0 0.794519 -0.607239 84.501097 0.607239 0.794519 156.423870 0.000000 0.000000 1.000000
59 63 115.0 0.833469 -0.552566 69.250238 0.552566 0.833469 168.291161 0.000000 0.000000 1.000000
60 62 293.0 0.057283 0.998358 264.856481 -0.998358 0.057283 377.264532 0.000000 0.000000 1.000000
60 62 209.0 0.069263 0.997598 259.820347 -0.997598 0.069263 376.812877 0.000000 0.000000 1.000000
60 62 124.0 0.102899 0.994692 259.739273 -0.994692 0.102899 373.365669 0.000000 0.000000 1.000000
60 62 84.0 0.139644 0.990202 256.505084 -0.990202 0.139644 368.581311 0.000000 0.000000 1.000000
61 62 216.0 -0.976187 -0.216930 652.818876 0.216930 -0.976187 616.467126 0.000000 0.000000 1.000000
61 62 211.0 -0.981692 -0.190477 645.342614 0.190477 -0.981692 625.542688 0.000000 0.000000 1.000000
61 63 218.0 0.949387 0.314109 -182.892738 -0.314109 0.949387 -110.842204 0.000000 0.000000 1.000000
61 63 190.0 0.949395 0.314085 -184.539977 -0.314085 0.949395 -112.835109 0.000000 0.000000 1.000000
61 63 155.0 0.932306 0.361670 -196.782381 -0.361670 0.932306 -91.593531 0.000000 0.000000 1.000000
61 63 129.0 0.955332 0.295534 -179.327280 -0.295534 0.955332 -121.401855 0.000000 0.000000 1.000000
61 71 98.0 -0.985255 0.171092 584.787294 -0.171092 -0.985255 440.406740 0.000000 0.000000 1.000000
63 67 89.0 -0.964764 0.263117 576.571630 -0.263117 -0.964764 502.288511 0.000000 0.000000 1.000000
63 79 126.0 -0.451862 0.892088 -30.112584 -0.892088 -0.451862 583.905224 0.000000 0.000000 1.000000
63 79 125.0 -0.569210 0.822192 339.010804 -0.822192 -0.569210 514.761755 0.000000 0.000000 1.000000
64 65 222.0 0.315452 -0.948942 268.050400 0.948942 0.315452 137.972792 0.000000 0.000000 1.000000
64 65 190.0 0.307222 -0.951638 268.441046 0.951638 0.307222 136.937491 0.000000 0.000000 1.000000
64 76 105.0 0.998667 -0.051607 168.098067 0.051607 0.998667 90.595478 0.000000 0.000000 1.000000
64 76 105.0 0.989949 -0.141421 191.960180 0.141421 0.989949 81.324192 0.000000 0.000000 1.000000
65 79 270.0 0.822567 -0.568669 311.943524 0.568669 0.822567 -197.238542 0.000000 0.000000 1.000000
65 79 188.0 0.800865 -0.598845 328.387507 0.598845 0.800865 -196.215215 0.000000 0.000000 1.000000
65 79 124.0 0.837966 -0.545722 304.855340 0.545722 0.837966 -199.145152 0.000000 0.000000 1.000000
66 77 238.0 -0.993418 0.114549 334.899350 -0.114549 -0.993418 408.831738 0.000000 0.000000 1.000000
67 71 144.0 0.986394 -0.164399 -86.081450 0.164399 0.986394 -235.236747 0.000000 0.000000 1.000000
67 78 298.0 0.992278 -0.124035 -107.708467 0.124035 0.992278 52.976849 0.000000 0.000000 1.000000
67 78 282.0 0.994932 -0.100552 -112.684071 0.100552 0.994932 57.293978 0.000000 0.000000 1.000000
67 78 231.0 0.988681 -0.150033 -101.202012 0.150033 0.988681 45.274797 0.000000 0.000000 1.000000
67 78 216.0 0.990164 -0.139914 -102.008345 0.139914 0.990164 48.497630 0.000000 0.000000 1.000000
67 78 183.0 0.989548 -0.144205 -104.611977 0.144205 0.989548 47.417584 0.000000 0.000000 1.000000
67 78 152.0 0.986497 -0.163781 -97.359135 0.163781 0.986497 41.084453 0.000000 0.000000 1.000000
67 78 86.0 0.986394 -0.164399 -103.904055 0.164399 0.986394 42.975133 0.000000 0.000000 1.000000
69 70 147.0 -0.999774 0.021272 419.381991 -0.021272 -0.999774 673.673917 0.000000 0.000000 1.000000
69 70 127.0 -0.992734 0.120331 382.930199 -0.120331 -0.992734 690.593074 0.000000 0.000000 1.000000
69 70 84.0 -0.999028 -0.044075 445.026449 0.044075 -0.999028 662.385716 0.000000 0.000000 1.000000
70 74 242.0 0.263117 0.964764 -226.406837 -0.964764 0.263117 362.503156 0.000000 0.000000 1.000000
70 74 242.0 0.227884 0.973688 -219.614315 -0.973688 0.227884 378.771432 0.000000 0.000000 1.000000
70 74 138.0 0.286961 0.957942 -233.080559 -0.957942 0.286961 351.100160 0.000000 0.000000 1.000000
71 75 176.0 0.962651 -0.270746 -49.426794 0.270746 0.962651 38.638971 0.000000 0.000000 1.000000
72 73 275.0 -0.638212 0.769861 76.640975 -0.769861 -0.638212 753.988057 0.000000 0.000000 1.000000
72 73 202.0 -0.645277 0.763949 79.577092 -0.763949 -0.645277 755.919587 0.000000 0.000000 1.000000
72 73 170.0 -0.603370 0.797461 57.010704 -0.797461 -0.603370 754.578036 0.000000 0.000000 1.000000
72 73 141.0 -0.642336 0.766423 76.197080 -0.766423 -0.642336 757.291971 0.000000 0.000000 1.000000
72 73 134.0 -0.658578 0.752513 87.627808 -0.752513 -0.658578 755.800246 0.000000 0.000000 1.000000
72 75 341.0 0.126567 0.991958 116.899989 -0.991958 0.126567 255.387380 0.000000 0.000000 1.000000
72 75 341.0 0.145562 0.989349 114.840237 -0.989349 0.145562 250.183432 0.000000 0.000000 1.000000
72 75 341.0 0.137381 0.990518 115.327198 -0.990518 0.137381 251.616456 0.000000 0.000000 1.000000
72 75 287.0 0.099504 0.995037 120.953355 -0.995037 0.099504 259.332997 0.000000 0.000000 1.000000
72 75 238.0 0.099504 0.995037 121.072586 -0.995037 0.099504 258.892551 0.000000 0.000000 1.000000
72 75 191.0 0.076696 0.997054 124.422512 -0.997054 0.076696 264.478531 0.000000 0.000000 1.000000
72 75 189.0 0.077778 0.996971 124.731156 -0.996971 0.077778 262.519366 0.000000 0.000000 1.000000
72 75 181.0 0.153103 0.988210 114.632557 -0.988210 0.153103 247.118716 0.000000 0.000000 1.000000
72 75 178.0 0.099504 0.995037 122.834123 -0.995037 0.099504 258.773443 0.000000 0.000000 1.000000
72 85 168.0 -0.990992 -0.133918 656.912516 0.133918 -0.990992 560.615425 0.000000 0.000000 1.000000
72 85 117.0 -0.992278 -0.124035 650.078634 0.124035 -0.992278 562.691085 0.000000 0.000000 1.000000
72 91 164.0 0.999886 0.015074 181.273377 -0.015074 0.999886 138.073227 0.000000 0.000000 1.000000
72 91 124.0 1.000000 0.000000 179.000000 -0.000000 1.000000 144.000000 0.000000 0.000000 1.000000
72 91 115.0 -0.984222 0.176939 265.350876 -0.176939 -0.984222 353.738423 0.000000 0.000000 1.000000
73 74 289.0 -0.222005 0.975046 8.117876 -0.975046 -0.222005 324.026443 0.000000 0.000000 1.000000
73 74 289.0 -0.231314 0.972879 10.417734 -0.972879 -0.231314 327.078262 0.000000 0.000000 1.000000
73 74 289.0 -0.213974 0.976839 7.215012 -0.976839 -0.213974 322.243372 0.000000 0.000000 1.000000
73 74 289.0 -0.216930 0.976187 6.546016 -0.976187 -0.216930 322.541681 0.000000 0.000000 1.000000
73 74 274.0 -0.196116 0.980581 3.545083 -0.980581 -0.196116 318.425883 0.000000 0.000000 1.000000
73 74 272.0 -0.214261 0.976777 4.925387 -0.976777 -0.214261 321.544769 0.000000 0.000000 1.000000
73 74 176.0 -0.165323 0.986239 -0.918611 -0.986239 -0.165323 309.313148 0.000000 0.000000 1.000000
73 74 163.0 -0.242536 0.970143 10.056718 -0.970143 -0.242536 326.846132 0.000000 0.000000 1.000000
73 74 153.0 -0.260909 0.965363 16.306206 -0.965363 -0.260909 335.682223 0.000000 0.000000 1.000000
74 87 272.0 -0.371391 -0.928477 537.516530 0.928477 -0.371391 -76.510969 0.000000 0.000000 1.000000
74 87 134.0 -0.342529 -0.939507 531.087707 0.939507 -0.342529 -86.293852 0.000000 0.000000 1.000000
75 78 304.0 0.922441 0.386138 145.215651 -0.386138 0.922441 240.522289 0.000000 0.000000 1.000000
76 79 212.0 -0.228191 -0.973616 398.291802 0.973616 -0.228191 261.927889 0.000000 0.000000 1.000000
76 79 196.0 -0.196116 -0.980581 396.594793 0.980581 -0.196116 256.359353 0.000000 0.000000 1.000000
76 79 178.0 -0.180652 -0.983547 396.467412 0.983547 -0.180652 252.608262 0.000000 0.000000 1.000000
76 79 137.0 -0.276380 -0.961048 400.318681 0.961048 -0.276380 275.593046 0.000000 0.000000 1.000000
76 84 200.0 0.105294 -0.994441 615.638051 0.994441 0.105294 82.431363 0.000000 0.000000 1.000000
76 84 200.0 0.097571 -0.995229 617.119729 0.995229 0.097571 84.919181 0.000000 0.000000 1.000000
76 84 200.0 0.093923 -0.995580 618.029644 0.995580 0.093923 86.188537 0.000000 0.000000 1.000000
76 84 186.0 0.124035 -0.992278 611.891860 0.992278 0.124035 78.017878 0.000000 0.000000 1.000000
76 84 186.0 0.120383 -0.992727 612.230187 0.992727 0.120383 78.917272 0.000000 0.000000 1.000000
76 84 157.0 0.124035 -0.992278 613.798233 0.992278 0.124035 76.949821 0.000000 0.000000 1.000000
77 79 247.0 -0.316228 -0.948683 704.762537 0.948683 -0.316228 -124.170149 0.000000 0.000000 1.000000
77 79 215.0 -0.305070 -0.952330 700.767961 0.952330 -0.305070 -128.874979 0.000000 0.000000 1.000000
77 79 213.0 -0.281690 -0.959506 694.994178 0.959506 -0.281690 -137.106925 0.000000 0.000000 1.000000
77 79 192.0 -0.329683 -0.944092 707.193144 0.944092 -0.329683 -117.927554 0.000000 0.000000 1.000000
77 79 171.0 -0.275896 -0.961187 694.301675 0.961187 -0.275896 -141.848041 0.000000 0.000000 1.000000
77 79 99.0 -0.368943 -0.929452 715.560043 0.929452 -0.368943 -98.963737 0.000000 0.000000 1.000000
77 80 164.0 0.506365 0.862319 57.597637 -0.862319 0.506365 429.048634 0.000000 0.000000 1.000000
78 81 396.0 -0.242536 -0.970143 392.660568 0.970143 -0.242536 170.625622 0.000000 0.000000 1.000000
78 81 252.0 -0.265050 -0.964235 394.016693 0.964235 -0.265050 177.106287 0.000000 0.000000 1.000000
78 81 208.0 -0.263746 -0.964592 393.038592 0.964592 -0.263746 177.409665 0.000000 0.000000 1.000000
78 81 107.0 -0.302644 -0.953104 400.197432 0.953104 -0.302644 183.639852 0.000000 0.000000 1.000000
78 90 103.0 0.704633 0.709572 42.231683 -0.709572 0.704633 97.699772 0.000000 0.000000 1.000000
80 81 299.0 0.573836 -0.818970 23.890362 0.818970 0.573836 -116.703263 0.000000 0.000000 1.000000
80 81 197.0 0.539955 -0.841694 38.767072 0.841694 0.539955 -118.836447 0.000000 0.000000 1.000000
80 89 102.0 -0.836702 -0.547659 563.189980 0.547659 -0.836702 501.952013 0.000000 0.000000 1.000000
80 92 310.0 0.172273 0.985049 -75.558764 -0.985049 0.172273 638.686018 0.000000 0.000000 1.000000
80 92 308.0 0.159689 0.987167 -72.841941 -0.987167 0.159689 642.564925 0.000000 0.000000 1.000000
80 92 231.0 0.146549 0.989203 -68.250589 -0.989203 0.146549 647.790331 0.000000 0.000000 1.000000
80 92 219.0 0.144886 0.989448 -67.814933 -0.989448 0.144886 648.321402 0.000000 0.000000 1.000000
80 92 161.0 0.122620 0.992454 -60.590933 -0.992454 0.122620 657.314729 0.000000 0.000000 1.000000
80 92 161.0 0.127701 0.991813 -62.881140 -0.991813 0.127701 654.641384 0.000000 0.000000 1.000000
80 92 112.0 0.124035 0.992278 -59.555482 -0.992278 0.124035 649.037123 0.000000 0.000000 1.000000
80 104 165.0 -0.669304 0.742989 164.143175 -0.742989 -0.669304 781.408084 0.000000 0.000000 1.000000
82 95 327.0 0.210153 -0.977669 376.083646 0.977669 0.210153 -234.303350 0.000000 0.000000 1.000000
82 95 225.0 0.184289 -0.982872 386.297017 0.982872 0.184289 -231.058460 0.000000 0.000000 1.000000
82 95 130.0 0.178179 -0.983998 386.593383 0.983998 0.178179 -232.916531 0.000000 0.000000 1.000000
84 94 92.0 0.976911 -0.213648 155.869142 0.213648 0.976911 -199.994415 0.000000 0.000000 1.000000
87 88 196.0 -0.852601 -0.522562 394.578942 0.522562 -0.852601 390.536230 0.000000 0.000000 1.000000
87 88 101.0 -0.882504 -0.470305 389.168437 0.470305 -0.882504 403.385435 0.000000 0.000000 1.000000
88 89 174.0 -0.844757 -0.535150 593.643266 0.535150 -0.844757 115.520075 0.000000 0.000000 1.000000
88 89 151.0 -0.840936 -0.541135 590.498257 0.541135 -0.840936 115.857686 0.000000 0.000000 1.000000
88 89 122.0 -0.819232 -0.573462 592.255234 0.573462 -0.819232 95.133093 0.000000 0.000000 1.000000
88 103 337.0 -0.941141 -0.338015 719.996380 0.338015 -0.941141 416.401697 0.000000 0.000000 1.000000
88 103 326.0 -0.945091 -0.326807 718.081008 0.326807 -0.945091 421.427553 0.000000 0.000000 1.000000
88 103 326.0 -0.943723 -0.330736 718.406627 0.330736 -0.943723 420.106957 0.000000 0.000000 1.000000
88 103 307.0 -0.944408 -0.328775 717.758245 0.328775 -0.944408 420.827647 0.000000 0.000000 1.000000
88 103 288.0 -0.928869 -0.370408 725.023151 0.370408 -0.928869 405.110317 0.000000 0.000000 1.000000
88 103 180.0 -0.954275 -0.298930 714.759759 0.298930 -0.954275 431.458575 0.000000 0.000000 1.000000
89 91 424.0 0.999315 -0.037012 -125.589179 0.037012 0.999315 166.215523 0.000000 0.000000 1.000000
89 91 410.0 0.998492 -0.054891 -122.631707 0.054891 0.998492 160.027895 0.000000 0.000000 1.000000
89 91 378.0 0.998772 -0.049547 -122.421247 0.049547 0.998772 164.120148 0.000000 0.000000 1.000000
89 91 280.0 1.000000 0.000000 -130.500000 -0.000000 1.000000 179.000000 0.000000 0.000000 1.000000
89 91 183.0 1.000000 0.000000 -130.000000 -0.000000 1.000000 177.000000 0.000000 0.000000 1.000000
89 91 183.0 1.000000 0.000000 -130.000000 -0.000000 1.000000 177.000000 0.000000 0.000000 1.000000
89 91 157.0 1.000000 0.000000 -133.000000 -0.000000 1.000000 180.000000 0.000000 0.000000 1.000000
89 91 144.0 0.994063 -0.108803 -117.208222 0.108803 0.994063 149.543229 0.000000 0.000000 1.000000
89 91 142.0 0.994309 -0.106533 -117.268957 0.106533 0.994309 148.253924 0.000000 0.000000 1.000000
89 91 122.0 0.996097 -0.088262 -120.569359 0.088262 0.996097 154.759077 0.000000 0.000000 1.000000
90 91 311.0 0.834219 0.551433 -67.334671 -0.551433 0.834219 -82.069785 0.000000 0.000000 1.000000
90 93 377.0 -0.857493 0.514496 295.639453 -0.514496 -0.857493 801.832212 0.000000 0.000000 1.000000
90 93 377.0 -0.854199 0.519947 292.900164 -0.519947 -0.854199 802.582086 0.000000 0.000000 1.000000
90 93 352.0 -0.860811 0.508925 299.589133 -0.508925 -0.860811 801.386269 0.000000 0.000000 1.000000
90 93 294.0 -0.844747 0.535166 285.408735 -0.535166 -0.844747 804.378155 0.000000 0.000000 1.000000
90 93 229.0 -0.839570 0.543251 280.591647 -0.543251 -0.839570 806.489674 0.000000 0.000000 1.000000
90 93 158.0 -0.883116 0.469155 317.719858 -0.469155 -0.883116 798.247816 0.000000 0.000000 1.000000
90 93 152.0 -0.837611 0.546268 279.880921 -0.546268 -0.837611 807.963484 0.000000 0.000000 1.000000
90 93 93.0 -0.801352 0.598193 66.009260 -0.598193 -0.801352 561.705407 0.000000 0.000000 1.000000
90 98 297.0 0.872281 -0.489006 -12.917403 0.489006 0.872281 -86.783046 0.000000 0.000000 1.000000
90 98 297.0 0.873042 -0.487645 -13.550878 0.487645 0.873042 -87.359930 0.000000 0.000000 1.000000
90 98 297.0 0.877896 -0.478852 -18.041602 0.478852 0.877896 -85.500573 0.000000 0.000000 1.000000
90 104 110.0 0.768810 0.639477 -313.568224 -0.639477 0.768810 174.152853 0.000000 0.000000 1.000000
91 99 253.0 0.371391 0.928477 -213.305379 -0.928477 0.371391 281.718397 0.000000 0.000000 1.000000
91 99 114.0 0.312476 0.949926 -210.144911 -0.949926 0.312476 302.371534 0.000000 0.000000 1.000000
92 93 134.0 -0.913812 0.406138 340.620000 -0.406138 -0.913812 301.386864 0.000000 0.000000 1.000000
92 95 243.0 0.999776 -0.021150 28.871659 0.021150 0.999776 279.532534 0.000000 0.000000 1.000000
92 95 227.0 1.000000 0.000000 27.000000 -0.000000 1.000000 284.000000 0.000000 0.000000 1.000000
92 95 164.0 0.999056 0.043437 24.356834 -0.043437 0.999056 294.346051 0.000000 0.000000 1.000000
92 95 137.0 0.999835 0.018179 25.344236 -0.018179 0.999835 290.350933 0.000000 0.000000 1.000000
92 95 120.0 0.998331 0.057755 23.491555 -0.057755 0.998331 298.306466 0.000000 0.000000 1.000000
92 95 90.0 0.998916 0.046544 23.360551 -0.046544 0.998916 291.198893 0.000000 0.000000 1.000000
92 98 108.0 0.894427 -0.447214 305.617340 0.447214 0.894427 -70.753226 0.000000 0.000000 1.000000
92 99 97.0 -0.327634 0.944805 257.985509 -0.944805 -0.327634 563.447277 0.000000 0.000000 1.000000
92 100 234.0 0.879707 -0.475517 -4.400647 0.475517 0.879707 -77.743402 0.000000 0.000000 1.000000
92 100 193.0 0.880873 -0.473352 -5.928814 0.473352 0.880873 -76.535984 0.000000 0.000000 1.000000
93 101 144.0 0.491594 0.870824 54.018677 -0.870824 0.491594 247.098970 0.000000 0.000000 1.000000
94 96 254.0 -0.501659 0.865065 232.331345 -0.865065 -0.501659 409.152526 0.000000 0.000000 1.000000
94 96 223.0 -0.525210 0.850973 237.888645 -0.850973 -0.525210 410.731691 0.000000 0.000000 1.000000
94 96 171.0 -0.495596 0.868553 231.649677 -0.868553 -0.495596 411.178690 0.000000 0.000000 1.000000
95 97 198.0 -0.631173 0.775642 41.246213 -0.775642 -0.631173 584.804017 0.000000 0.000000 1.000000
96 97 104.0 -0.350834 -0.936438 344.426063 0.936438 -0.350834 232.953124 0.000000 0.000000 1.000000
96 111 166.0 0.961048 -0.276380 163.324084 0.276380 0.961048 91.785781 0.000000 0.000000 1.000000
96 111 113.0 0.946266 -0.323390 178.479899 0.323390 0.946266 88.663509 0.000000 0.000000 1.000000
96 111 103.0 0.971605 -0.236608 157.819395 0.236608 0.971605 99.354492 0.000000 0.000000 1.000000
98 110 346.0 -0.129822 0.991537 -105.581157 -0.991537 -0.129822 579.333668 0.000000 0.000000 1.000000
98 110 327.0 -0.104972 0.994475 -114.397790 -0.994475 -0.104972 571.441989 0.000000 0.000000 1.000000
98 110 308.0 -0.094174 0.995556 -117.553804 -0.995556 -0.094174 568.251413 0.000000 0.000000 1.000000
99 104 91.0 -0.634739 0.772726 249.583624 -0.772726 -0.634739 436.105997 0.000000 0.000000 1.000000
99 108 272.0 0.983547 0.180652 0.504945 -0.180652 0.983547 -104.953918 0.000000 0.000000 1.000000
99 108 240.0 0.987441 0.157991 8.842789 -0.157991 0.987441 -109.083119 0.000000 0.000000 1.000000
99 108 188.0 0.989178 0.146720 12.531743 -0.146720 0.989178 -112.220626 0.000000 0.000000 1.000000
100 101 154.0 -0.370408 -0.928869 401.573409 0.928869 -0.370408 -83.946214 0.000000 0.000000 1.000000
100 101 133.0 -0.398726 -0.917070 407.528215 0.917070 -0.398726 -77.278470 0.000000 0.000000 1.000000
100 104 364.0 0.074082 0.997252 -152.910897 -0.997252 0.074082 548.460460 0.000000 0.000000 1.000000
100 104 327.0 0.080384 0.996764 -155.179058 -0.996764 0.080384 544.933501 0.000000 0.000000 1.000000
100 104 194.0 0.030289 0.999541 -139.635877 -0.999541 0.030289 563.106273 0.000000 0.000000 1.000000
100 104 130.0 0.132889 0.991131 -165.557620 -0.991131 0.132889 525.840673 0.000000 0.000000 1.000000
101 105 238.0 -0.970143 -0.242536 644.157826 0.242536 -0.970143 494.476136 0.000000 0.000000 1.000000
101 105 192.0 -0.970143 -0.242536 644.318140 0.242536 -0.970143 494.916648 0.000000 0.000000 1.000000
103 107 280.0 0.188847 0.982006 -179.878288 -0.982006 0.188847 371.338100 0.000000 0.000000 1.000000
103 107 267.0 0.236120 0.971724 -187.822000 -0.971724 0.236120 351.895466 0.000000 0.000000 1.000000
103 107 170.0 0.238096 0.971242 -189.195989 -0.971242 0.238096 350.527063 0.000000 0.000000 1.000000
104 105 238.0 0.999446 -0.033277 196.074541 0.033277 0.999446 -155.006141 0.000000 0.000000 1.000000
104 105 102.0 0.995741 -0.092198 211.523792 0.092198 0.995741 -161.523756 0.000000 0.000000 1.000000
104 109 214.0 0.932129 -0.362127 -118.678122 0.362127 0.932129 94.768624 0.000000 0.000000 1.000000
104 109 97.0 0.894427 -0.447214 -98.885438 0.447214 0.894427 74.496528 0.000000 0.000000 1.000000
104 112 262.0 -1.000000 0.000000 353.000000 -0.000000 -1.000000 328.000000 0.000000 0.000000 1.000000
104 112 262.0 -1.000000 0.000000 353.000000 -0.000000 -1.000000 328.000000 0.000000 0.000000 1.000000
104 112 262.0 -0.999906 0.013697 351.368093 -0.013697 -0.999906 329.272963 0.000000 0.000000 1.000000
104 112 262.0 -1.000000 0.000000 353.000000 -0.000000 -1.000000 327.000000 0.000000 0.000000 1.000000
104 112 262.0 -1.000000 0.000000 353.000000 -0.000000 -1.000000 327.000000 0.000000 0.000000 1.000000
104 112 262.0 -1.000000 0.000000 354.000000 -0.000000 -1.000000 326.000000 0.000000 0.000000 1.000000
104 112 202.0 -0.999410 -0.034355 359.146626 0.034355 -0.999410 321.627973 0.000000 0.000000 1.000000
104 112 177.0 -0.999621 -0.027513 356.963582 0.027513 -0.999621 322.574828 0.000000 0.000000 1.000000
105 110 242.0 0.908982 0.416836 85.582682 -0.416836 0.908982 -27.475126 0.000000 0.000000 1.000000
105 110 229.0 0.910366 0.413803 86.230541 -0.413803 0.910366 -29.489679 0.000000 0.000000 1.000000
105 110 113.0 0.877896 0.478852 72.249024 -0.478852 0.877896 -8.878469 0.000000 0.000000 1.000000
105 114 261.0 0.999009 -0.044510 -151.008161 0.044510 0.999009 -139.611743 0.000000 0.000000 1.000000
105 114 255.0 0.997873 -0.065188 -144.220433 0.065188 0.997873 -145.176461 0.000000 0.000000 1.000000
105 114 255.0 0.998059 -0.062276 -143.497896 0.062276 0.998059 -146.117816 0.000000 0.000000 1.000000
105 114 240.0 0.999134 -0.041609 -150.215008 0.041609 0.999134 -139.347959 0.000000 0.000000 1.000000
105 114 192.0 1.000000 0.000000 -163.000000 -0.000000 1.000000 -124.000000 0.000000 0.000000 1.000000
105 114 185.0 0.996546 -0.083045 -136.908172 0.083045 0.996546 -150.372334 0.000000 0.000000 1.000000
105 114 146.0 0.996971 -0.077778 -141.557939 0.077778 0.996971 -151.531609 0.000000 0.000000 1.000000
105 114 136.0 0.995495 -0.094809 -133.888882 0.094809 0.995495 -153.787852 0.000000 0.000000 1.000000
106 108 255.0 -0.953723 0.300688 559.683293 -0.300688 -0.953723 679.605469 0.000000 0.000000 1.000000
106 108 214.0 -0.953821 0.300375 558.248068 -0.300375 -0.953821 679.935505 0.000000 0.000000 1.000000
106 117 241.0 0.948529 0.316689 -183.406159 -0.316689 0.948529 249.444608 0.000000 0.000000 1.000000
106 117 171.0 0.933158 0.359466 -186.965875 -0.359466 0.933158 266.255794 0.000000 0.000000 1.000000
106 117 127.0 0.955195 0.295976 -182.949967 -0.295976 0.955195 242.182396 0.000000 0.000000 1.000000
106 117 113.0 0.924017 0.382352 -188.551534 -0.382352 0.924017 275.397280 0.000000 0.000000 1.000000
107 118 319.0 -0.831598 0.555378 351.823245 -0.555378 -0.831598 378.377224 0.000000 0.000000 1.000000
107 118 273.0 -0.817107 0.576486 346.303271 -0.576486 -0.817107 380.232959 0.000000 0.000000 1.000000
107 118 127.0 -0.833056 0.553189 354.299344 -0.553189 -0.833056 380.524101 0.000000 0.000000 1.000000
108 110 277.0 0.724340 -0.689443 -4.232919 0.689443 0.724340 -210.613294 0.000000 0.000000 1.000000
108 110 163.0 0.700341 -0.713809 7.386544 0.713809 0.700341 -214.890821 0.000000 0.000000 1.000000
108 112 120.0 0.502702 -0.864460 255.607772 0.864460 0.502702 106.467752 0.000000 0.000000 1.000000
108 112 120.0 0.508729 -0.860927 254.684781 0.860927 0.508729 105.889983 0.000000 0.000000 1.000000
108 116 323.0 0.416655 0.909065 -11.025510 -0.909065 0.416655 164.401045 0.000000 0.000000 1.000000
108 116 316.0 0.424140 0.905597 -9.601441 -0.905597 0.424140 160.916036 0.000000 0.000000 1.000000
109 111 162.0 -0.979821 -0.199878 394.979678 0.199878 -0.979821 637.914101 0.000000 0.000000 1.000000
109 111 157.0 -0.988827 -0.149069 379.296377 0.149069 -0.988827 647.876776 0.000000 0.000000 1.000000
109 115 207.0 -0.872400 0.488792 157.751798 -0.488792 -0.872400 488.398090 0.000000 0.000000 1.000000
110 113 355.0 -0.206463 0.978454 -32.278902 -0.978454 -0.206463 342.723266 0.000000 0.000000 1.000000
110 113 355.0 -0.196116 0.980581 -34.995678 -0.980581 -0.196116 340.865702 0.000000 0.000000 1.000000
110 113 355.0 -0.191211 0.981549 -34.850420 -0.981549 -0.191211 337.760802 0.000000 0.000000 1.000000
110 113 290.0 -0.219915 0.975519 -30.223468 -0.975519 -0.219915 347.867814 0.000000 0.000000 1.000000
110 113 273.0 -0.215478 0.976509 -31.701127 -0.976509 -0.215478 346.803677 0.000000 0.000000 1.000000
110 113 163.0 -0.155963 0.987763 -42.144013 -0.987763 -0.155963 330.175043 0.000000 0.000000 1.000000
110 113 119.0 -0.149465 0.988767 -41.230479 -0.988767 -0.149465 333.898776 0.000000 0.000000 1.000000
111 119 292.0 -0.841178 -0.540758 722.347764 0.540758 -0.841178 417.453077 0.000000 0.000000 1.000000
111 119 185.0 -0.864175 -0.503191 713.340156 0.503191 -0.864175 434.285414 0.000000 0.000000 1.000000
111 119 185.0 -0.866778 -0.498694 714.009712 0.498694 -0.866778 436.089520 0.000000 0.000000 1.000000
112 114 198.0 -0.996270 0.086291 298.246281 -0.086291 -0.996270 627.155879 0.000000 0.000000 1.000000
112 114 198.0 -0.994893 0.100931 293.567145 -0.100931 -0.994893 629.413953 0.000000 0.000000 1.000000
112 114 198.0 -0.996144 0.087729 297.784266 -0.087729 -0.996144 627.278414 0.000000 0.000000 1.000000
112 114 197.0 -0.998498 0.054796 309.409332 -0.054796 -0.998498 621.300362 0.000000 0.000000 1.000000
112 115 342.0 0.602603 -0.798041 509.662043 0.798041 0.602603 -265.207754 0.000000 0.000000 1.000000
112 115 342.0 0.593852 -0.804574 514.042071 0.804574 0.593852 -264.294490 0.000000 0.000000 1.000000
112 115 342.0 0.588172 -0.808736 517.684399 0.808736 0.588172 -262.830363 0.000000 0.000000 1.000000
112 115 185.0 0.554700 -0.832050 533.590368 0.832050 0.554700 -255.105273 0.000000 0.000000 1.000000
112 115 132.0 0.554700 -0.832050 532.668976 0.832050 0.554700 -255.409567 0.000000 0.000000 1.000000
113 114 320.0 -0.622524 -0.782601 556.890559 0.782601 -0.622524 -25.846441 0.000000 0.000000 1.000000
113 114 279.0 -0.622524 -0.782601 556.909049 0.782601 -0.622524 -26.492738 0.000000 0.000000 1.000000
113 114 200.0 -0.645277 -0.763949 560.197129 0.763949 -0.645277 -14.889169 0.000000 0.000000 1.000000
113 114 183.0 -0.577763 -0.816205 549.043649 0.816205 -0.577763 -45.953379 0.000000 0.000000 1.000000
113 116 335.0 0.994435 0.105354 11.757110 -0.105354 0.994435 293.524033 0.000000 0.000000 1.000000
113 116 308.0 0.996546 0.083045 13.185451 -0.083045 0.996546 287.625792 0.000000 0.000000 1.000000
113 116 289.0 0.996053 0.088757 13.395757 -0.088757 0.996053 290.511046 0.000000 0.000000 1.000000
113 116 255.0 0.992278 0.124035 10.238214 -0.124035 0.992278 299.610288 0.000000 0.000000 1.000000
113 116 211.0 0.997988 0.063397 14.674802 -0.063397 0.997988 282.915387 0.000000 0.000000 1.000000
113 116 172.0 0.989481 0.144661 7.459841 -0.144661 0.989481 306.038798 0.000000 0.000000 1.000000
113 116 122.0 0.997952 0.063971 15.881689 -0.063971 0.997952 287.180781 0.000000 0.000000 1.000000
115 116 92.0 0.999368 0.035551 28.608024 -0.035551 0.999368 294.735276 0.000000 0.000000 1.000000
115 119 221.0 -0.306531 -0.951861 543.410888 0.951861 -0.306531 -158.505994 0.000000 0.000000 1.000000
115 119 221.0 -0.313873 -0.949465 545.799274 0.949465 -0.313873 -155.064746 0.000000 0.000000 1.000000
115 119 221.0 -0.302244 -0.953231 542.438914 0.953231 -0.302244 -159.461216 0.000000 0.000000 1.000000
115 119 221.0 -0.298930 -0.954275 541.953361 0.954275 -0.298930 -160.302507 0.000000 0.000000 1.000000
115 119 221.0 -0.321738 -0.946829 547.749549 0.946829 -0.321738 -153.419512 0.000000 0.000000 1.000000
115 119 181.0 -0.280000 -0.960000 536.600000 0.960000 -0.280000 -166.200000 0.000000 0.000000 1.000000
115 119 147.0 -0.278106 -0.960550 535.771483 0.960550 -0.278106 -169.457052 0.000000 0.000000 1.000000
116 117 242.0 -0.888975 0.457957 348.514053 -0.457957 -0.888975 774.400785 0.000000 0.000000 1.000000
116 117 242.0 -0.886445 0.462834 345.672336 -0.462834 -0.886445 774.237923 0.000000 0.000000 1.000000
116 117 151.0 -0.895879 0.444298 354.713081 -0.444298 -0.895879 770.466099 0.000000 0.000000 1.000000
116 117 91.0 -0.898899 0.438157 359.370324 -0.438157 -0.898899 774.655356 0.000000 0.000000 1.000000
117 118 314.0 0.149253 -0.988799 323.998851 0.988799 0.149253 -243.193057 0.000000 0.000000 1.000000
117 118 314.0 0.141421 -0.989949 327.437172 0.989949 0.141421 -242.188715 0.000000 0.000000 1.000000
117 118 206.0 0.164399 -0.986394 319.776579 0.986394 0.164399 -244.830817 0.000000 0.000000 1.000000
117 118 199.0 0.094809 -0.995495 345.786246 0.995495 0.094809 -233.733153 0.000000 0.000000 1.000000
117 118 187.0 0.170644 -0.985333 317.043233 0.985333 0.170644 -244.960399 0.000000 0.000000 1.000000
117 118 185.0 0.102899 -0.994692 341.502050 0.994692 0.102899 -238.009830 0.000000 0.000000 1.000000
117 118 140.0 0.086630 -0.996241 349.414021 0.996241 0.086630 -230.478419 0.000000 0.000000 1.000000
117 118 140.0 0.205882 -0.978577 298.872933 0.978577 0.205882 -253.285459 0.000000 0.000000 1.000000
117 118 125.0 0.168964 -0.985622 315.071155 0.985622 0.168964 -248.787030 0.000000 0.000000 1.000000
