0 1 400.0 -0.622833 0.782354 301.251119 -0.782354 -0.622833 471.471651 0 0 1
2 4 159.0 -0.712207 -0.701969 546.47922 0.701969 -0.712207 -72.158198 0 0 1
1 22 24.0 0.972827 0.231532 18.067102 -0.231532 0.972827 382.231923 0 0 1
3 22 221.0 -0.190474 0.981692 294.122743 -0.981692 -0.190474 325.014857 0 0 1
1 12 149.0 0.580752 -0.81408 -48.97615 0.81408 0.580752 5.065604 0 0 1
4 6 154.0 -0.105128 -0.994459 633.378898 0.994459 -0.105128 -20.596881 0 0 1
1 7 247.0 0.936391 -0.350959 -132.820016 0.350959 0.936391 -223.093907 0 0 1
1 2 364.0 0.723697 -0.690118 5.934704 0.690118 0.723697 140.925525 0 0 1
5 6 211.0 0.191543 0.981484 -182.948128 -0.981484 0.191543 141.069759 0 0 1
2 35 149.0 -0.191895 -0.981416 418.407887 0.981416 -0.191895 -196.163905 0 0 1
0 8 240.0 -0.102071 -0.994777 265.546902 0.994777 -0.102071 301.760962 0 0 1
2 15 193.0 -0.509589 -0.860418 199.607049 0.860418 -0.509589 29.952696 0 0 1
2 10 451.0 -0.250911 0.96801 -190.537247 -0.96801 -0.250911 443.047208 0 0 1
5 30 149.0 -0.412135 0.911123 170.525499 -0.911123 -0.412135 200.041955 0 0 1
1 29 343.0 0.994262 0.106976 -44.207564 -0.106976 0.994262 -167.700895 0 0 1
1 18 252.0 -0.134063 -0.990973 155.395542 0.990973 -0.134063 -11.302091 0 0 1
6 22 156.0 0.000586 -1.0 504.186142 1.0 0.000586 87.657576 0 0 1
1 34 181.0 -0.585702 -0.810526 655.607179 0.810526 -0.585702 451.934701 0 0 1
3 11 196.0 0.999117 -0.042018 138.552493 0.042018 0.999117 -195.515601 0 0 1
6 9 251.0 0.125344 -0.992113 577.14235 0.992113 0.125344 119.304401 0 0 1
6 12 199.0 -0.837137 -0.546993 791.136506 0.546993 -0.837137 -103.279643 0 0 1
4 33 132.0 -0.651851 -0.758347 884.185183 0.758347 -0.651851 125.903746 0 0 1
0 29 308.0 -0.91429 -0.405061 462.013207 0.405061 -0.91429 451.786662 0 0 1
0 3 155.0 -0.986862 -0.161568 560.244919 0.161568 -0.986862 364.419553 0 0 1
5 33 153.0 -0.552815 -0.833304 742.639728 0.833304 -0.552815 -48.518244 0 0 1
3 4 443.0 -0.632732 0.774371 -79.699759 -0.774371 -0.632732 460.596329 0 0 1
2 22 186.0 -0.842323 0.538972 250.144562 -0.538972 -0.842323 604.744513 0 0 1
4 9 254.0 -0.997918 0.0645 531.873783 -0.0645 -0.997918 699.520828 0 0 1
2 33 145.0 0.076519 -0.997068 409.729515 0.997068 0.076519 -408.839347 0 0 1
1 8 159.0 -0.679895 -0.73331 290.628064 0.73331 -0.679895 -45.349835 0 0 1
4 5 417.0 -0.996206 0.087023 569.954818 -0.087023 -0.996206 307.104717 0 0 1
2 5 170.0 -0.735548 -0.677473 496.818952 0.677473 -0.735548 -34.980227 0 0 1
1 35 157.0 0.85105 0.525085 -215.949848 -0.525085 0.85105 302.349345 0 0 1
6 33 159.0 0.381562 0.924343 -379.876949 -0.924343 0.381562 502.70699 0 0 1
7 10 318.0 0.10985 0.993948 -82.221803 -0.993948 0.10985 642.149027 0 0 1
6 23 165.0 0.812949 -0.582335 303.340357 0.582335 0.812949 114.394568 0 0 1
0 5 160.0 -0.594867 0.803824 273.166496 -0.803824 -0.594867 476.708455 0 0 1
2 28 152.0 0.305026 -0.952344 43.684744 0.952344 0.305026 -138.383242 0 0 1
4 35 143.0 -0.88679 -0.462173 628.458282 0.462173 -0.88679 143.477551 0 0 1
7 29 141.0 -0.709151 0.705057 121.327174 -0.705057 -0.709151 606.201124 0 0 1
6 11 164.0 0.447032 0.894518 -183.249127 -0.894518 0.447032 332.302068 0 0 1
9 11 278.0 0.622373 0.782721 170.173054 -0.782721 0.622373 106.679323 0 0 1
8 33 127.0 -0.796575 -0.604539 434.829577 0.604539 -0.796575 -77.894568 0 0 1
8 17 290.0 0.998397 0.056606 294.175714 -0.056606 0.998397 -21.533844 0 0 1
2 3 509.0 -0.393371 0.91938 83.354361 -0.91938 -0.393371 670.614249 0 0 1
1 9 168.0 -0.995407 -0.095735 204.762391 0.095735 -0.995407 594.101759 0 0 1
6 35 173.0 0.417393 -0.908726 342.477866 0.908726 0.417393 166.063729 0 0 1
8 28 156.0 -0.475649 0.879635 57.215944 -0.879635 -0.475649 204.457464 0 0 1
9 21 189.0 0.78301 0.622009 -122.883138 -0.622009 0.78301 11.800631 0 0 1
10 11 228.0 0.996692 0.081269 -175.100494 -0.081269 0.996692 -9.150325 0 0 1
8 26 179.0 -0.128462 0.991714 -114.900144 -0.991714 -0.128462 117.052803 0 0 1
11 22 400.0 0.167846 -0.985813 62.402275 0.985813 0.167846 5.506324 0 0 1
10 22 180.0 0.897263 0.441497 -111.867654 -0.441497 0.897263 295.091949 0 0 1
3 5 157.0 -0.598242 0.801316 341.625656 -0.801316 -0.598242 507.87859 0 0 1
9 22 224.0 0.386081 0.922465 198.19672 -0.922465 0.386081 391.935885 0 0 1
11 12 171.0 -0.524696 -0.85129 302.822334 0.85129 -0.524696 -195.269219 0 0 1
11 32 171.0 -0.989968 0.141291 415.380191 -0.141291 -0.989968 401.86981 0 0 1
11 21 252.0 -0.143075 -0.989712 466.990788 0.989712 -0.143075 64.715969 0 0 1
11 27 162.0 0.893435 -0.449193 -40.67023 0.449193 0.893435 -220.658937 0 0 1
8 29 341.0 0.396331 0.918108 -240.862539 -0.918108 0.396331 175.2193 0 0 1
7 16 256.0 0.483984 -0.875077 -21.223375 0.875077 0.483984 -225.528331 0 0 1
10 23 164.0 -0.369007 0.929427 -92.701524 -0.929427 -0.369007 292.288506 0 0 1
1 5 174.0 -0.970062 -0.242858 654.034172 0.242858 -0.970062 585.038887 0 0 1
8 16 176.0 0.90577 -0.42377 197.526601 0.42377 0.90577 -5.482987 0 0 1
12 24 133.0 0.286446 0.958096 -130.409736 -0.958096 0.286446 81.158775 0 0 1
12 22 219.0 -0.813888 -0.581021 290.377639 0.581021 -0.813888 35.147006 0 0 1
9 12 203.0 0.841949 0.539557 -95.187804 -0.539557 0.841949 482.675687 0 0 1
7 8 288.0 -0.90807 0.418818 371.446456 -0.418818 -0.90807 179.647713 0 0 1
12 23 277.0 0.351385 -0.936231 26.936175 0.936231 0.351385 49.591994 0 0 1
11 28 157.0 -0.909893 -0.414843 720.4923 0.414843 -0.909893 328.846298 0 0 1
10 18 275.0 -0.993827 0.110943 551.411443 -0.110943 -0.993827 176.09333 0 0 1
8 18 339.0 -0.997227 -0.074425 512.158996 0.074425 -0.997227 116.046048 0 0 1
13 22 310.0 -0.976331 0.216282 123.797099 -0.216282 -0.976331 635.526386 0 0 1
14 21 217.0 0.996733 0.080773 -208.372749 -0.080773 0.996733 102.536785 0 0 1
9 35 184.0 -0.5229 0.852394 -104.421724 -0.852394 -0.5229 351.468511 0 0 1
10 15 517.0 -0.8724 0.488793 329.515794 -0.488793 -0.8724 205.460418 0 0 1
1 6 252.0 0.051036 0.998697 -120.625555 -0.998697 0.051036 573.308675 0 0 1
9 23 200.0 0.395196 0.918597 -66.231718 -0.918597 0.395196 136.681895 0 0 1
7 20 182.0 -0.663914 -0.747809 394.688495 0.747809 -0.663914 422.025358 0 0 1
11 35 197.0 -0.434617 -0.900615 582.229896 0.900615 -0.434617 109.089407 0 0 1
10 19 160.0 -0.570282 -0.821449 611.673751 0.821449 -0.570282 -79.498205 0 0 1
15 16 420.0 0.448248 0.893909 -361.709571 -0.893909 0.448248 471.248764 0 0 1
11 14 176.0 -0.568697 -0.822547 550.536858 0.822547 -0.568697 36.450281 0 0 1
7 28 169.0 0.999364 -0.035658 -88.522842 0.035658 0.999364 169.057642 0 0 1
13 14 434.0 0.922868 0.385117 -179.583619 -0.385117 0.922868 78.554668 0 0 1
16 28 159.0 -0.929638 0.368475 145.287749 -0.368475 -0.929638 371.366728 0 0 1
17 34 156.0 1.0 -0.000946 330.227518 0.000946 1.0 14.47083 0 0 1
17 26 253.0 -0.04172 0.999129 -10.159756 -0.999129 -0.04172 92.41662 0 0 1
9 13 286.0 -0.014556 -0.999894 278.525144 0.999894 -0.014556 -270.530967 0 0 1
15 24 176.0 0.258743 0.965946 271.298171 -0.965946 0.258743 412.725032 0 0 1
14 22 237.0 0.072063 0.9974 381.468038 -0.9974 0.072063 290.293243 0 0 1
17 29 308.0 -0.954165 -0.299281 596.181366 0.299281 -0.954165 357.296918 0 0 1
12 13 481.0 0.893917 -0.448232 173.588391 0.448232 0.893917 -431.598768 0 0 1
14 35 172.0 -0.017167 0.999853 -273.592688 -0.999853 -0.017167 395.501191 0 0 1
13 35 151.0 -0.473119 0.880999 420.811427 -0.880999 -0.473119 624.61508 0 0 1
18 28 268.0 0.380832 0.924644 -107.567635 -0.924644 0.380832 4.209867 0 0 1
17 18 315.0 -0.861054 0.508513 489.001803 -0.508513 -0.861054 245.588078 0 0 1
16 17 420.0 -0.761306 -0.648393 324.036287 0.648393 -0.761306 50.211774 0 0 1
17 19 158.0 0.982407 -0.18675 87.470409 0.18675 0.982407 -254.8846 0 0 1
8 19 176.0 0.995152 -0.098349 -15.242902 0.098349 0.995152 -239.60973 0 0 1
20 21 256.0 -0.432513 0.901628 409.158989 -0.901628 -0.432513 241.709012 0 0 1
18 19 317.0 0.897817 -0.440368 227.102877 0.440368 0.897817 -203.637407 0 0 1
18 26 298.0 0.909395 -0.415935 217.421016 0.415935 0.909395 -305.546711 0 0 1
7 17 175.0 0.936567 -0.350488 -95.948852 0.350488 0.936567 162.955624 0 0 1
19 26 321.0 0.966839 0.255386 40.441944 -0.255386 0.966839 272.261813 0 0 1
18 34 309.0 -0.762536 -0.646946 373.211204 0.646946 -0.762536 16.664506 0 0 1
18 29 318.0 0.764574 0.644536 -253.530188 -0.644536 0.764574 61.834571 0 0 1
20 26 163.0 -0.805476 -0.592628 303.90081 0.592628 -0.805476 535.571614 0 0 1
14 23 165.0 -0.669707 0.742626 -15.169787 -0.742626 -0.669707 411.885878 0 0 1
16 29 190.0 0.943538 0.331265 -203.056767 -0.331265 0.943538 51.566196 0 0 1
14 15 525.0 -0.072187 -0.997391 482.306395 0.997391 -0.072187 -312.478798 0 0 1
21 32 140.0 0.08757 -0.996158 313.277496 0.996158 0.08757 207.651906 0 0 1
22 30 213.0 -0.966019 0.25847 420.611385 -0.25847 -0.966019 196.461553 0 0 1
22 24 363.0 -0.904447 -0.426585 611.643032 0.426585 -0.904447 -7.979576 0 0 1
21 22 342.0 -0.745837 0.666128 217.156984 -0.666128 -0.745837 546.473999 0 0 1
22 34 176.0 0.087832 -0.996135 496.044925 0.996135 0.087832 -177.179862 0 0 1
21 27 266.0 0.145747 -0.989322 49.375322 0.989322 0.145747 12.401465 0 0 1
19 20 289.0 0.958157 -0.286243 274.715106 0.286243 0.958157 -186.068752 0 0 1
23 32 162.0 0.108498 0.994097 -24.537385 -0.994097 0.108498 42.935714 0 0 1
11 23 219.0 0.317116 -0.948387 353.850892 0.948387 0.317116 -76.24 0 0 1
24 27 464.0 0.428695 -0.903449 242.903869 0.903449 0.428695 -206.857726 0 0 1
16 18 326.0 0.635272 -0.772289 -9.837426 0.772289 0.635272 87.720319 0 0 1
21 35 175.0 -0.964954 0.26242 295.466319 -0.26242 -0.964954 609.005447 0 0 1
20 28 422.0 0.635704 0.771933 56.875879 -0.771933 0.635704 472.672383 0 0 1
22 31 195.0 -0.92395 -0.382514 426.471541 0.382514 -0.92395 71.044494 0 0 1
22 35 204.0 0.706318 -0.707894 366.796517 0.707894 0.706318 -278.918679 0 0 1
23 30 146.0 0.713049 0.701114 -239.554158 -0.701114 0.713049 351.767009 0 0 1
26 28 343.0 0.938301 0.34582 145.204031 -0.34582 0.938301 51.6312 0 0 1
7 18 296.0 -0.690959 0.722894 427.154329 -0.722894 -0.690959 356.706303 0 0 1
22 23 469.0 -0.999999 -0.001489 301.086333 0.001489 -0.999999 91.703704 0 0 1
15 20 412.0 0.961187 -0.275899 143.632773 0.275899 0.961187 315.965836 0 0 1
22 32 217.0 -0.137603 -0.990487 423.330188 0.990487 -0.137603 -153.490163 0 0 1
24 32 231.0 0.315051 -0.949075 79.90812 0.949075 0.315051 130.397853 0 0 1
27 35 293.0 -0.976509 0.215478 249.699311 -0.215478 -0.976509 752.127524 0 0 1
17 28 190.0 0.769604 -0.638522 402.986941 0.638522 0.769604 -51.871244 0 0 1
30 32 421.0 0.126759 -0.991934 344.169672 0.991934 0.126759 -193.78753 0 0 1
18 20 251.0 0.982479 -0.186375 116.536518 0.186375 0.982479 -312.443024 0 0 1
25 30 328.0 -0.925216 0.379441 703.359885 -0.379441 -0.925216 436.711887 0 0 1
29 31 330.0 0.689803 -0.723998 185.970291 0.723998 0.689803 136.469448 0 0 1
23 35 163.0 0.478776 0.877937 -92.28447 -0.877937 0.478776 382.26846 0 0 1
28 33 406.0 0.999667 -0.025824 -114.877774 0.025824 0.999667 307.116887 0 0 1
31 33 373.0 0.268688 0.963227 64.367858 -0.963227 0.268688 144.670966 0 0 1
18 31 277.0 0.939587 0.342311 48.502376 -0.342311 0.939587 -137.547139 0 0 1
22 33 204.0 -0.99696 -0.077916 556.630479 0.077916 -0.99696 136.51208 0 0 1
23 24 167.0 0.605334 -0.795972 31.600959 0.795972 0.605334 -41.217751 0 0 1
32 35 211.0 -0.994809 0.101761 71.751095 -0.101761 -0.994809 452.075356 0 0 1
22 25 292.0 -0.300963 -0.953636 528.79913 0.953636 -0.300963 -249.322063 0 0 1
28 29 286.0 -0.174513 0.984655 -172.050728 -0.984655 -0.174513 547.822054 0 0 1
24 25 488.0 -0.831436 -0.555621 609.42203 0.555621 -0.831436 364.952688 0 0 1
11 24 193.0 0.587657 0.80911 10.022657 -0.80911 0.587657 292.182715 0 0 1
23 25 361.0 -0.004516 -0.99999 253.59935 0.99999 -0.004516 100.367076 0 0 1
16 19 264.0 0.468033 -0.883711 68.815122 0.883711 0.468033 224.211837 0 0 1
33 35 372.0 -0.901719 0.432322 605.02709 -0.432322 -0.901719 554.543965 0 0 1
27 28 294.0 0.958782 0.284144 -442.471696 -0.284144 0.958782 38.617682 0 0 1
22 27 210.0 0.971546 -0.23685 134.948601 0.23685 0.971546 -354.636507 0 0 1
19 28 134.0 0.820767 0.571264 65.102454 -0.571264 0.820767 -87.228243 0 0 1
26 29 340.0 0.350831 0.936439 -261.873857 -0.936439 0.350831 354.594739 0 0 1
21 23 191.0 0.948007 0.31825 53.795663 -0.31825 0.948007 248.151637 0 0 1
29 34 255.0 0.469437 -0.882966 30.764419 0.882966 0.469437 101.843996 0 0 1
31 34 364.0 0.44718 0.894444 -111.198379 -0.894444 0.44718 389.754443 0 0 1
11 25 157.0 0.977737 0.209833 91.416976 -0.209833 0.977737 36.055844 0 0 1
22 28 207.0 -0.151357 -0.988479 472.601277 0.988479 -0.151357 -325.080767 0 0 1
32 33 173.0 0.967447 0.253074 -456.770614 -0.253074 0.967447 -38.609587 0 0 1
16 20 137.0 0.99309 0.117353 140.054517 -0.117353 0.99309 207.224514 0 0 1
19 29 338.0 0.851244 -0.52477 161.55469 0.52477 0.851244 -265.508298 0 0 1
21 24 152.0 0.812577 -0.582854 144.556964 0.582854 0.812577 74.069458 0 0 1
26 31 342.0 0.556716 -0.830703 228.254922 0.830703 0.556716 240.391783 0 0 1
