0	1	0.9950384497642517	0
-0.622833 0.782354 301.251119
-0.782354 -0.622833 471.471651
0 0 1
0	3	0.5041933655738831	1
-0.986862 -0.161568 560.244919
0.161568 -0.986862 364.419553
0 0 1
0	5	0.9439188838005066	1
-0.594867 0.803824 273.166496
-0.803824 -0.594867 476.708455
0 0 1
0	8	0.8454124927520752	0
-0.102071 -0.994777 265.546902
0.994777 -0.102071 301.760962
0 0 1
1	2	0.9374328255653381	0
0.723697 -0.690118 5.934704
0.690118 0.723697 140.925525
0 0 1
1	6	0.9903430938720703	1
0.051036 0.998697 -120.625555
-0.998697 0.051036 573.308675
0 0 1
1	7	0.0008957876125350595	2
0.936391 -0.350959 -132.820016
0.350959 0.936391 -223.093907
0 0 1
1	12	0.9912420511245728	1
0.580752 -0.81408 -48.97615
0.81408 0.580752 5.065604
0 0 1
2	3	0.9829288721084595	0
-0.393371 0.91938 83.354361
-0.91938 -0.393371 670.614249
0 0 1
2	4	0.9568763971328735	1
-0.712207 -0.701969 546.47922
0.701969 -0.712207 -72.158198
0 0 1
2	5	0.9516600370407104	1
-0.735548 -0.677473 496.818952
0.677473 -0.735548 -34.980227
0 0 1
2	10	0.998881995677948	0
-0.250911 0.96801 -190.537247
-0.96801 -0.250911 443.047208
0 0 1
2	28	0.9990023970603943	1
0.305026 -0.952344 43.684744
0.952344 0.305026 -138.383242
0 0 1
2	33	0.8518221974372864	1
0.076519 -0.997068 409.729515
0.997068 0.076519 -408.839347
0 0 1
2	35	0.8057888150215149	1
-0.191895 -0.981416 418.407887
0.981416 -0.191895 -196.163905
0 0 1
3	4	0.9130980372428894	0
-0.632732 0.774371 -79.699759
-0.774371 -0.632732 460.596329
0 0 1
3	5	0.9154623746871948	1
-0.598242 0.801316 341.625656
-0.801316 -0.598242 507.87859
0 0 1
3	11	0.8478750586509705	0
0.999117 -0.042018 138.552493
0.042018 0.999117 -195.515601
0 0 1
4	5	0.9866268038749695	0
-0.996206 0.087023 569.954818
-0.087023 -0.996206 307.104717
0 0 1
4	6	0.9701175093650818	1
-0.105128 -0.994459 633.378898
0.994459 -0.105128 -20.596881
0 0 1
4	9	0.991409957408905	0
-0.997918 0.0645 531.873783
-0.0645 -0.997918 699.520828
0 0 1
4	35	0.6317023634910583	1
-0.88679 -0.462173 628.458282
0.462173 -0.88679 143.477551
0 0 1
5	6	0.9932712912559509	1
0.191543 0.981484 -182.948128
-0.981484 0.191543 141.069759
0 0 1
5	33	0.9501964449882507	1
-0.552815 -0.833304 742.639728
0.833304 -0.552815 -48.518244
0 0 1
6	9	0.986224889755249	0
0.125344 -0.992113 577.14235
0.992113 0.125344 119.304401
0 0 1
6	11	0.6736401915550232	1
0.447032 0.894518 -183.249127
-0.894518 0.447032 332.302068
0 0 1
6	12	0.9978917241096497	0
-0.837137 -0.546993 791.136506
0.546993 -0.837137 -103.279643
0 0 1
6	23	0.9103585481643677	1
0.812949 -0.582335 303.340357
0.582335 0.812949 114.394568
0 0 1
7	8	0.9841709733009338	0
-0.90807 0.418818 371.446456
-0.418818 -0.90807 179.647713
0 0 1
7	10	0.9807546138763428	0
0.10985 0.993948 -82.221803
-0.993948 0.10985 642.149027
0 0 1
7	16	0.007124029099941254	2
0.483984 -0.875077 -21.223375
0.875077 0.483984 -225.528331
0 0 1
8	17	0.4204261898994446	2
0.998397 0.056606 294.175714
-0.056606 0.998397 -21.533844
0 0 1
8	28	0.9992202520370483	1
-0.475649 0.879635 57.215944
-0.879635 -0.475649 204.457464
0 0 1
9	11	0.9307492971420288	0
0.622373 0.782721 170.173054
-0.782721 0.622373 106.679323
0 0 1
9	12	0.9895724654197693	1
0.841949 0.539557 -95.187804
-0.539557 0.841949 482.675687
0 0 1
9	13	0.9944885969161987	0
-0.014556 -0.999894 278.525144
0.999894 -0.014556 -270.530967
0 0 1
9	23	0.9562842845916748	1
0.395196 0.918597 -66.231718
-0.918597 0.395196 136.681895
0 0 1
10	11	0.9979786276817322	0
0.996692 0.081269 -175.100494
-0.081269 0.996692 -9.150325
0 0 1
10	15	0.9972948431968689	0
-0.8724 0.488793 329.515794
-0.488793 -0.8724 205.460418
0 0 1
11	12	0.9015371799468994	1
-0.524696 -0.85129 302.822334
0.85129 -0.524696 -195.269219
0 0 1
12	13	0.9982490539550781	0
0.893917 -0.448232 173.588391
0.448232 0.893917 -431.598768
0 0 1
12	23	0.9967570900917053	0
0.351385 -0.936231 26.936175
0.936231 0.351385 49.591994
0 0 1
13	14	0.9548951983451843	0
0.922868 0.385117 -179.583619
-0.385117 0.922868 78.554668
0 0 1
13	22	0.4913838803768158	2
-0.976331 0.216282 123.797099
-0.216282 -0.976331 635.526386
0 0 1
14	15	0.9997492432594299	0
-0.072187 -0.997391 482.306395
0.997391 -0.072187 -312.478798
0 0 1
14	21	0.7596986889839172	0
0.996733 0.080773 -208.372749
-0.080773 0.996733 102.536785
0 0 1
15	16	0.9995056390762329	0
0.448248 0.893909 -361.709571
-0.893909 0.448248 471.248764
0 0 1
15	20	0.999647855758667	0
0.961187 -0.275899 143.632773
0.275899 0.961187 315.965836
0 0 1
16	17	0.9995377063751221	0
-0.761306 -0.648393 324.036287
0.648393 -0.761306 50.211774
0 0 1
16	19	0.21227549016475677	2
0.468033 -0.883711 68.815122
0.883711 0.468033 224.211837
0 0 1
17	26	0.999605119228363	1
-0.04172 0.999129 -10.159756
-0.999129 -0.04172 92.41662
0 0 1
19	20	0.8551387190818787	0
0.958157 -0.286243 274.715106
0.286243 0.958157 -186.068752
0 0 1
19	26	0.9833110570907593	0
0.966839 0.255386 40.441944
-0.255386 0.966839 272.261813
0 0 1
20	21	0.9266719818115234	0
-0.432513 0.901628 409.158989
-0.901628 -0.432513 241.709012
0 0 1
20	28	0.9969609379768372	0
0.635704 0.771933 56.875879
-0.771933 0.635704 472.672383
0 0 1
21	22	0.7222744226455688	0
-0.745837 0.666128 217.156984
-0.666128 -0.745837 546.473999
0 0 1
21	27	0.3927597403526306	2
0.145747 -0.989322 49.375322
0.989322 0.145747 12.401465
0 0 1
22	24	0.2894933819770813	2
-0.904447 -0.426585 611.643032
0.426585 -0.904447 -7.979576
0 0 1
23	25	0.9811581969261169	0
-0.004516 -0.99999 253.59935
0.99999 -0.004516 100.367076
0 0 1
24	25	0.9932964444160461	0
-0.831436 -0.555621 609.42203
0.555621 -0.831436 364.952688
0 0 1
24	27	0.6804117560386658	0
0.428695 -0.903449 242.903869
0.903449 0.428695 -206.857726
0 0 1
24	32	0.9818370938301086	0
0.315051 -0.949075 79.90812
0.949075 0.315051 130.397853
0 0 1
25	30	0.8431438207626343	0
-0.925216 0.379441 703.359885
-0.379441 -0.925216 436.711887
0 0 1
26	28	0.9997320771217346	0
0.938301 0.34582 145.204031
-0.34582 0.938301 51.6312
0 0 1
26	29	0.9997566342353821	0
0.350831 0.936439 -261.873857
-0.936439 0.350831 354.594739
0 0 1
26	31	0.999663233757019	0
0.556716 -0.830703 228.254922
0.830703 0.556716 240.391783
0 0 1
27	28	0.9980571866035461	0
0.958782 0.284144 -442.471696
-0.284144 0.958782 38.617682
0 0 1
27	35	0.8594614267349243	0
-0.976509 0.215478 249.699311
-0.215478 -0.976509 752.127524
0 0 1
28	33	0.9967731833457947	0
0.999667 -0.025824 -114.877774
0.025824 0.999667 307.116887
0 0 1
29	34	0.999700665473938	0
0.469437 -0.882966 30.764419
0.882966 0.469437 101.843996
0 0 1
30	32	0.9985203146934509	0
0.126759 -0.991934 344.169672
0.991934 0.126759 -193.78753
0 0 1
31	33	0.9903552532196045	0
0.268688 0.963227 64.367858
-0.963227 0.268688 144.670966
0 0 1
31	34	0.999409556388855	0
0.44718 0.894444 -111.198379
-0.894444 0.44718 389.754443
0 0 1
