0	1	0.9794633388519287	0
-0.622833 0.782354 301.251119
-0.782354 -0.622833 471.471651
0 0 1
0	1	0.00012384439469315112 0.0 8.591119581830997	2
-0.606996 0.794705 295.052426
-0.794705 -0.606996 471.839803
0 0 1
0	1	0.9857391715049744	0
-0.639175 0.769062 306.621949
-0.769062 -0.639175 470.016784
0 0 1
0	1	0.44390514492988586 0.0 4.35304052762535	2
-0.615748 0.787943 297.179842
-0.787943 -0.615748 471.818396
0 0 1
0	1	0.9996346235275269	0
-0.64577 0.763532 310.845574
-0.763532 -0.64577 469.738641
0 0 1
0	1	1.601215080881957e-05 2.6135956328772596 14.04114093527505	2
-0.593227 0.805035 291.830414
-0.805035 -0.593227 473.768164
0 0 1
0	1	1.524745675851591e-05 2.9420927520182407 14.14521705316721	2
-0.588593 0.80843 285.088439
-0.80843 -0.588593 472.748553
0 0 1
0	1	1.8360115063842386e-05 0.0 9.2171660660687	2
-0.60179 0.798654 289.180078
-0.798654 -0.60179 472.063589
0 0 1
0	8	0.9894434213638306	0
-0.102071 -0.994777 265.546902
0.994777 -0.102071 301.760962
0 0 1
0	8	0.9954504370689392	0
-0.117346 -0.993091 265.806288
0.993091 -0.117346 303.459193
0 0 1
0	8	0.007365180645138025 0.0 12.64279781765846	2
-0.090746 -0.995874 264.090474
0.995874 -0.090746 298.157498
0 0 1
0	8	0.9972853660583496	0
-0.122133 -0.992514 265.794379
0.992514 -0.122133 304.149447
0 0 1
0	8	0.5451735854148865 0.0 10.932219667150392	2
-0.095739 -0.995406 265.02787
0.995406 -0.095739 301.195807
0 0 1
0	8	0.9226998686790466	0
-0.09703 -0.995281 264.963193
0.995281 -0.09703 301.148729
0 0 1
0	8	0.008723968639969826 0.0 15.538426014112998	2
-0.085128 -0.99637 263.080259
0.99637 -0.085128 297.807945
0 0 1
0	8	0.004519547335803509 2.61078514208475 15.908950160153719	2
-0.166958 -0.985964 268.025666
0.985964 -0.166958 310.551956
0 0 1
1	2	0.9994469285011292	0
0.723697 -0.690118 5.934704
0.690118 0.723697 140.925525
0 0 1
1	2	0.9994860887527466	0
0.722279 -0.691602 4.218997
0.691602 0.722279 142.332996
0 0 1
1	2	0.16312436759471893 0.0 10.404598139439733	2
0.749029 -0.662537 -1.251664
0.662537 0.749029 147.109526
0 0 1
1	2	0.15756064653396606 2.763509885528164 14.867778955744853	2
0.697625 -0.716463 11.523144
0.716463 0.697625 138.364563
0 0 1
1	2	0.9969905614852905	0
0.711351 -0.702837 5.372837
0.702837 0.711351 140.205625
0 0 1
1	2	0.9979367256164551	0
0.712951 -0.701214 5.162018
0.701214 0.712951 141.025451
0 0 1
1	2	4.913223529001698e-05 0.0 26.330187473521075	2
0.732554 -0.680709 21.415637
0.680709 0.732554 161.788052
0 0 1
1	7	0.7225831151008606	0
0.936391 -0.350959 -132.820016
0.350959 0.936391 -223.093907
0 0 1
1	7	0.39199426770210266 3.2355529248838173 9.276171940151915	2
0.904568 -0.426329 -102.884883
0.426329 0.904568 -238.820152
0 0 1
1	7	0.9765472412109375	0
0.910334 -0.413873 -110.678155
0.413873 0.910334 -241.452352
0 0 1
2	3	0.9988405108451843	0
-0.393371 0.91938 83.354361
-0.91938 -0.393371 670.614249
0 0 1
2	3	0.9994603991508484	0
-0.391709 0.920089 81.994035
-0.920089 -0.391709 671.115576
0 0 1
2	3	0.99791020154953	0
-0.385506 0.922705 81.05509
-0.922705 -0.385506 670.565189
0 0 1
2	3	0.9963548183441162	0
-0.385474 0.922719 81.325203
-0.922719 -0.385474 670.185782
0 0 1
2	3	0.9847761392593384	0
-0.390901 0.920433 83.92809
-0.920433 -0.390901 671.303042
0 0 1
2	3	0.8229786157608032	0
-0.395245 0.918576 85.730916
-0.918576 -0.395245 671.776197
0 0 1
2	3	0.9991655349731445	0
-0.384323 0.923199 78.766777
-0.923199 -0.384323 669.73737
0 0 1
2	3	0.4316234886646271 0.0 6.505662986335642	2
-0.403447 0.915003 87.330921
-0.915003 -0.403447 674.284368
0 0 1
2	3	0.9699468016624451	0
-0.408473 0.912771 87.436959
-0.912771 -0.408473 671.739688
0 0 1
2	3	7.741259469185024e-05 0.0 12.712972183247544	2
-0.421827 0.906676 93.315179
-0.906676 -0.421827 671.655069
0 0 1
2	3	0.013730938546359539 2.8034383031756254 15.429146856060289	2
-0.345247 0.938512 64.048865
-0.938512 -0.345247 668.427204
0 0 1
2	3	0.13758288323879242 0.0 14.788555242252388	2
-0.350847 0.936433 65.688955
-0.936433 -0.350847 665.091126
0 0 1
2	3	1.8450597053742968e-05 0.0 29.686498924565598	2
-0.404215 0.914664 63.136045
-0.914664 -0.404215 674.249406
0 0 1
2	3	0.16530795395374298 2.925771102077252 17.544982394261396	2
-0.34324 0.939248 64.598929
-0.939248 -0.34324 667.814018
0 0 1
2	3	0.07455068081617355 3.5733157323533034 25.406104359956025	2
-0.447336 0.894366 105.488633
-0.894366 -0.447336 681.533091
0 0 1
2	10	0.9934586882591248	0
-0.250911 0.96801 -190.537247
-0.96801 -0.250911 443.047208
0 0 1
2	10	0.9963003396987915	0
-0.254558 0.967057 -190.608427
-0.967057 -0.254558 444.60491
0 0 1
2	10	0.9939156174659729	0
-0.251698 0.967806 -192.444867
-0.967806 -0.251698 444.0796
0 0 1
2	10	0.9375340938568115	0
-0.242004 0.970275 -193.151858
-0.970275 -0.242004 442.066406
0 0 1
2	10	0.9792516827583313	0
-0.273107 0.961984 -184.884343
-0.961984 -0.273107 447.507482
0 0 1
2	10	0.9386690855026245	0
-0.237402 0.971411 -196.386007
-0.971411 -0.237402 440.417408
0 0 1
2	10	0.968235433101654	0
-0.228258 0.973601 -198.153704
-0.973601 -0.228258 438.800452
0 0 1
2	10	0.9915636777877808	0
-0.236909 0.971532 -194.193504
-0.971532 -0.236909 440.058436
0 0 1
2	10	0.9917742609977722	0
-0.233353 0.972392 -199.294352
-0.972392 -0.233353 440.237845
0 0 1
2	10	0.012516665272414684 0.0 9.32957546311644	2
-0.285926 0.958252 -186.663403
-0.958252 -0.285926 451.94388
0 0 1
2	10	0.005669913254678249 2.6485053836887253 5.838543405339915	2
-0.303174 0.952935 -175.026494
-0.952935 -0.303174 453.657842
0 0 1
3	4	0.9992040991783142	0
-0.632732 0.774371 -79.699759
-0.774371 -0.632732 460.596329
0 0 1
3	4	0.9922763705253601	0
-0.626192 0.779669 -81.011807
-0.779669 -0.626192 459.489337
0 0 1
3	4	0.9991580247879028	0
-0.632623 0.77446 -79.542256
-0.77446 -0.632623 460.540818
0 0 1
3	4	0.9989506006240845	0
-0.631776 0.775151 -79.268941
-0.775151 -0.631776 460.162333
0 0 1
3	4	0.009835347533226013 0.0 2.8050405728174717	2
-0.615105 0.788445 -86.844368
-0.788445 -0.615105 455.802933
0 0 1
3	4	0.9935412406921387	0
-0.642365 0.766399 -73.26477
-0.766399 -0.642365 463.72617
0 0 1
3	4	0.00021199144248384982 2.5672857163053706 11.194846793667866	2
-0.59386 0.804569 -89.676057
-0.804569 -0.59386 453.087191
0 0 1
3	4	1.5013547454145737e-05 0.0 24.76380820998846	2
-0.63336 0.773857 -63.937073
-0.773857 -0.63336 439.470832
0 0 1
3	11	0.9996311664581299	0
0.999117 -0.042018 138.552493
0.042018 0.999117 -195.515601
0 0 1
3	11	0.9996700286865234	0
0.999256 -0.038559 137.612229
0.038559 0.999256 -195.204386
0 0 1
4	5	0.9979604482650757	0
-0.996206 0.087023 569.954818
-0.087023 -0.996206 307.104717
0 0 1
4	5	0.7717183828353882	0
-0.996988 0.077562 570.363146
-0.077562 -0.996988 303.972979
0 0 1
4	5	0.9958102703094482	0
-0.996301 0.085935 569.000674
-0.085935 -0.996301 306.087263
0 0 1
4	5	0.9977388381958008	0
-0.994798 0.101865 568.31578
-0.101865 -0.994798 309.715848
0 0 1
4	5	0.9716913104057312	0
-0.994845 0.101412 564.806676
-0.101412 -0.994845 310.285543
0 0 1
4	5	0.0003249521541874856 0.0 10.439252550273423	2
-0.993131 0.117011 563.046934
-0.117011 -0.993131 314.142991
0 0 1
4	5	0.022316325455904007 0.0 11.123867010731267	2
-0.998076 0.062004 572.701954
-0.062004 -0.998076 302.974857
0 0 1
4	5	0.013460827060043812 0.0 13.499586274663772	2
-0.993075 0.117482 565.502595
-0.117482 -0.993075 312.149345
0 0 1
4	5	0.00014698272570967674 0.0 17.188941143415317	2
-0.991835 0.127524 563.843826
-0.127524 -0.991835 314.496558
0 0 1
4	5	4.1186780435964465e-05 2.8078081656011 17.337518744046513	2
-0.999268 0.03826 575.309874
-0.03826 -0.999268 294.042907
0 0 1
4	5	5.753697041654959e-05 3.0244960251778643 19.323185274779778	2
-0.99021 0.139586 558.898821
-0.139586 -0.99021 318.567008
0 0 1
4	9	0.9997437596321106	0
-0.997918 0.0645 531.873783
-0.0645 -0.997918 699.520828
0 0 1
4	9	0.9986976385116577	0
-0.999554 0.029865 543.330329
-0.029865 -0.999554 689.79619
0 0 1
4	9	1.3763645256403834e-05 0.0 14.997866874596234	2
-0.999753 0.022234 547.878707
-0.022234 -0.999753 691.852174
0 0 1
4	9	1.371074358758051e-05 3.331853932736231 29.53291588476422	2
-0.999983 -0.005789 550.114017
0.005789 -0.999983 678.506516
0 0 1
5	6	0.9839270710945129	0
0.041111 0.999155 -166.628593
-0.999155 0.041111 188.724551
0 0 1
5	6	0.9961715340614319	0
0.08485 0.996394 -174.314483
-0.996394 0.08485 179.929491
0 0 1
5	6	0.67720627784729 5.771590636672701 14.251779082000445	1
0.003983 0.999992 -163.775072
-0.999992 0.003983 198.927348
0 0 1
6	9	0.9776637554168701	0
0.125344 -0.992113 577.14235
0.992113 0.125344 119.304401
0 0 1
6	9	0.493701696395874 0.0 8.600834363188044	2
0.161046 -0.986947 572.072558
0.986947 0.161046 108.81804
0 0 1
6	9	0.7591139078140259	0
0.153994 -0.988072 571.642715
0.988072 0.153994 110.868546
0 0 1
6	12	0.6636122465133667	0
-0.837137 -0.546993 791.136506
0.546993 -0.837137 -103.279643
0 0 1
6	12	0.9800517559051514	0
-0.841661 -0.540006 794.849714
0.540006 -0.841661 -96.92382
0 0 1
7	8	0.9998268485069275	0
-0.90807 0.418818 371.446456
-0.418818 -0.90807 179.647713
0 0 1
7	8	0.9967066645622253	0
-0.910636 0.413209 370.810494
-0.413209 -0.910636 178.928008
0 0 1
7	8	0.9978005290031433	0
-0.906735 0.4217 368.216826
-0.4217 -0.906735 183.088597
0 0 1
7	8	0.9997624754905701	0
-0.903263 0.429087 371.794015
-0.429087 -0.903263 180.053759
0 0 1
7	10	0.9793457984924316	0
0.10985 0.993948 -82.221803
-0.993948 0.10985 642.149027
0 0 1
7	10	0.9992886781692505	0
0.089074 0.996025 -72.489508
-0.996025 0.089074 648.235376
0 0 1
7	10	0.004781170282512903 0.0 7.0850711598310046	2
0.127447 0.991845 -87.523381
-0.991845 0.127447 638.327567
0 0 1
7	16	0.827089250087738	0
0.483984 -0.875077 -21.223375
0.875077 0.483984 -225.528331
0 0 1
7	16	0.7220076322555542	0
0.486016 -0.87395 -22.085694
0.87395 0.486016 -224.967932
0 0 1
7	16	0.967399001121521	0
0.47302 -0.881052 -17.069376
0.881052 0.47302 -225.875157
0 0 1
7	16	0.9994139671325684	0
0.465223 -0.885194 -14.371245
0.885194 0.465223 -230.495732
0 0 1
8	17	0.9961572289466858	0
0.998397 0.056606 294.175714
-0.056606 0.998397 -21.533844
0 0 1
8	17	0.9982485771179199	0
0.999267 0.038271 296.661625
-0.038271 0.999267 -23.296914
0 0 1
8	17	0.9967674016952515	0
0.998657 0.051815 294.339138
-0.051815 0.998657 -22.990318
0 0 1
9	11	0.9994933605194092	0
0.622373 0.782721 170.173054
-0.782721 0.622373 106.679323
0 0 1
9	11	0.9996241331100464	0
0.638196 0.769874 168.155501
-0.769874 0.638196 104.116476
0 0 1
9	11	0.9993225336074829	0
0.59897 0.800772 172.303949
-0.800772 0.59897 109.730919
0 0 1
9	13	0.0001284369791392237 0.0 3.5822600945553424	2
-0.014556 -0.999894 278.525144
0.999894 -0.014556 -270.530967
0 0 1
9	13	0.9806514382362366	0
-0.064808 -0.997898 297.630575
0.997898 -0.064808 -260.421461
0 0 1
9	13	0.9672178626060486	0
0.005173 -0.999987 268.411298
0.999987 0.005173 -274.895136
0 0 1
9	13	0.9985343217849731	0
-0.064554 -0.997914 293.84104
0.997914 -0.064554 -263.603655
0 0 1
9	13	2.882205262721982e-05 0.0 9.662155536938707	2
-0.000287 -1.0 275.210378
1.0 -0.000287 -267.268195
0 0 1
10	11	0.9984891414642334	0
0.996692 0.081269 -175.100494
-0.081269 0.996692 -9.150325
0 0 1
10	11	0.9458181858062744	0
0.99826 0.058963 -170.209865
-0.058963 0.99826 -17.516746
0 0 1
10	15	0.9994649291038513	0
-0.8724 0.488793 329.515794
-0.488793 -0.8724 205.460418
0 0 1
10	15	0.9994634985923767	0
-0.872701 0.488255 329.754297
-0.488255 -0.872701 206.189612
0 0 1
10	15	0.9995299577713013	0
-0.869131 0.494583 329.261729
-0.494583 -0.869131 205.55128
0 0 1
10	15	0.9993728995323181	0
-0.880478 0.474087 332.804011
-0.474087 -0.880478 204.671693
0 0 1
10	15	0.9992653727531433	0
-0.876774 0.480903 332.226699
-0.480903 -0.876774 205.565846
0 0 1
10	15	0.999494194984436	0
-0.86894 0.494917 328.404629
-0.494917 -0.86894 208.000466
0 0 1
10	15	0.9991855025291443	0
-0.883337 0.468738 333.442087
-0.468738 -0.883337 205.456291
0 0 1
10	15	0.9973424077033997	0
-0.860854 0.508852 325.512653
-0.508852 -0.860854 206.838762
0 0 1
10	15	0.9983320832252502	0
-0.866431 0.499298 328.058887
-0.499298 -0.866431 204.411176
0 0 1
10	15	0.9953806400299072	0
-0.857658 0.514221 324.818353
-0.514221 -0.857658 212.852275
0 0 1
10	15	0.9971975088119507	0
-0.858382 0.513011 323.499502
-0.513011 -0.858382 213.356272
0 0 1
10	15	0.9644735455513	0
-0.85419 0.51996 324.265924
-0.51996 -0.85419 214.809065
0 0 1
10	15	0.08227310329675674 3.114578469327369 11.893930358112483	2
-0.899669 0.436574 342.16826
-0.436574 -0.899669 198.698736
0 0 1
10	15	0.9983238577842712	0
-0.889171 0.457575 334.353045
-0.457575 -0.889171 206.112121
0 0 1
12	13	0.999526858329773	0
0.893917 -0.448232 173.588391
0.448232 0.893917 -431.598768
0 0 1
12	13	0.05197000131011009 0.0 7.449475756716169	2
0.905678 -0.423966 161.317641
0.423966 0.905678 -425.366648
0 0 1
12	13	4.9563011998543516e-05 0.0 10.34500360185922	2
0.908636 -0.417589 158.672155
0.417589 0.908636 -423.594005
0 0 1
12	13	0.7380862236022949	0
0.904788 -0.425861 159.707688
0.425861 0.904788 -430.473952
0 0 1
12	13	6.071436291676946e-05 0.0 12.460360997478986	2
0.887253 -0.461283 179.988561
0.461283 0.887253 -438.163238
0 0 1
12	13	0.9912075400352478	0
0.887847 -0.460139 180.59589
0.460139 0.887847 -430.007488
0 0 1
12	13	1.9345856344443746e-05 0.0 28.697025025743848	2
0.887603 -0.460609 203.745458
0.460609 0.887603 -440.538861
0 0 1
12	13	1.6231499103014357e-05 0.0 18.189555622092012	2
0.915392 -0.402563 151.654623
0.402563 0.915392 -418.303115
0 0 1
12	13	1.5469688150915317e-05 2.7626086638016853 16.6125421264943	2
0.918878 -0.394543 146.423632
0.394543 0.918878 -421.219505
0 0 1
12	23	0.9990621209144592	0
0.351385 -0.936231 26.936175
0.936231 0.351385 49.591994
0 0 1
12	23	0.9982494115829468	0
0.325439 -0.945563 32.398964
0.945563 0.325439 49.575267
0 0 1
13	14	0.9997032284736633	0
0.922868 0.385117 -179.583619
-0.385117 0.922868 78.554668
0 0 1
13	14	0.9997171759605408	0
0.917908 0.396794 -180.001323
-0.396794 0.917908 83.640714
0 0 1
13	14	0.9995829463005066	0
0.929712 0.368288 -177.949425
-0.368288 0.929712 71.908523
0 0 1
13	14	0.9995914101600647	0
0.914618 0.40432 -180.922455
-0.40432 0.914618 87.52728
0 0 1
13	14	0.9977900981903076	0
0.910476 0.413562 -182.036834
-0.413562 0.910476 90.579284
0 0 1
13	14	0.9996066689491272	0
0.931738 0.36313 -177.830762
-0.36313 0.931738 70.577392
0 0 1
13	22	0.9995598196983337	0
-0.976331 0.216282 123.797099
-0.216282 -0.976331 635.526386
0 0 1
13	22	0.9967347979545593	0
-0.984638 0.174607 130.363618
-0.174607 -0.984638 632.935071
0 0 1
14	15	0.999672532081604	0
-0.072187 -0.997391 482.306395
0.997391 -0.072187 -312.478798
0 0 1
14	15	0.9996870756149292	0
-0.068758 -0.997633 480.767331
0.997633 -0.068758 -314.010814
0 0 1
14	15	0.9995054006576538	0
-0.066859 -0.997762 479.767525
0.997762 -0.066859 -313.760543
0 0 1
14	15	0.9922530055046082	0
-0.062087 -0.998071 478.789543
0.998071 -0.062087 -314.492271
0 0 1
14	15	0.9997166991233826	0
-0.075006 -0.997183 481.239579
0.997183 -0.075006 -313.781772
0 0 1
14	15	0.6345255374908447	0
-0.052117 -0.998641 474.030811
0.998641 -0.052117 -319.306614
0 0 1
14	15	0.8793641328811646	0
-0.053891 -0.998547 475.028584
0.998547 -0.053891 -320.121538
0 0 1
14	15	0.11219032108783722 0.0 4.021761319061493	2
-0.047453 -0.998873 472.348914
0.998873 -0.047453 -320.567802
0 0 1
14	15	0.9993570446968079	0
-0.089969 -0.995945 487.045418
0.995945 -0.089969 -304.848126
0 0 1
14	15	0.0014196824049577117 0.0 6.700936483505246	2
-0.034291 -0.999412 466.84302
0.999412 -0.034291 -324.38843
0 0 1
14	15	0.9995213747024536	0
-0.094967 -0.99548 488.912036
0.99548 -0.094967 -306.33748
0 0 1
14	15	1.5628518667654134e-05 0.0 11.818494458862412	2
-0.036261 -0.999342 468.706915
0.999342 -0.036261 -317.712903
0 0 1
14	15	0.0011539184488356113 0.0 10.551244604934928	2
-0.099231 -0.995064 491.673867
0.995064 -0.099231 -309.508438
0 0 1
14	15	0.9990824460983276	0
-0.109462 -0.993991 495.632183
0.993991 -0.109462 -296.576215
0 0 1
14	21	0.9995519518852234	0
0.996733 0.080773 -208.372749
-0.080773 0.996733 102.536785
0 0 1
15	16	0.9996882677078247	0
0.448248 0.893909 -361.709571
-0.893909 0.448248 471.248764
0 0 1
15	16	0.9995399713516235	0
0.448374 0.893846 -361.784013
-0.893846 0.448374 470.490973
0 0 1
15	16	0.91552734375	0
0.469517 0.882923 -364.876423
-0.882923 0.469517 459.908072
0 0 1
15	16	0.35025325417518616 0.0 7.964397572963742	2
0.470126 0.882599 -362.270009
-0.882599 0.470126 459.923484
0 0 1
15	20	0.9062381386756897	0
0.961187 -0.275899 143.632773
0.275899 0.961187 315.965836
0 0 1
15	20	0.8514888882637024	0
0.963819 -0.266557 142.637554
0.266557 0.963819 315.716778
0 0 1
15	20	0.8165122866630554	0
0.965028 -0.262148 141.609713
0.262148 0.965028 315.812666
0 0 1
15	20	0.9967984557151794	0
0.960882 -0.276959 143.139043
0.276959 0.960882 316.957214
0 0 1
15	20	0.28213831782341003 0.0 15.539401438021637	2
0.953624 -0.301 149.579345
0.301 0.953624 314.660459
0 0 1
15	20	0.4049232602119446 0.0 18.285129324706872	2
0.970173 -0.242415 137.929859
0.242415 0.970173 319.487701
0 0 1
15	20	0.0034233268816024065 2.7513645841758696 23.951089623075973	2
0.973383 -0.229183 136.601918
0.229183 0.973383 318.91668
0 0 1
15	20	0.0007804110064171255 2.836352337332974 25.22790230903417	2
0.973725 -0.227728 136.141697
0.227728 0.973725 319.714235
0 0 1
15	20	0.8447540402412415	0
0.949992 -0.312275 148.356363
0.312275 0.949992 311.944772
0 0 1
15	20	0.00012062294990755618 3.7972866972927095 34.85894259676738	2
0.977407 -0.211367 133.756179
0.211367 0.977407 323.331152
0 0 1
16	17	0.9996732473373413	0
-0.761306 -0.648393 324.036287
0.648393 -0.761306 50.211774
0 0 1
16	17	0.9998536109924316	0
-0.758824 -0.651296 322.966415
0.651296 -0.758824 48.59457
0 0 1
16	17	0.9998294115066528	0
-0.759229 -0.650824 322.492029
0.650824 -0.759229 49.399629
0 0 1
16	17	0.9998657703399658	0
-0.765305 -0.643668 323.087685
0.643668 -0.765305 49.134401
0 0 1
16	17	0.9998968839645386	0
-0.766847 -0.64183 322.691038
0.64183 -0.766847 51.104834
0 0 1
16	17	0.38682621717453003 0.0 6.806983989795605	2
-0.733827 -0.679337 319.069272
0.679337 -0.733827 42.929345
0 0 1
16	17	0.9980632662773132	0
-0.734891 -0.678185 321.711564
0.678185 -0.734891 45.064898
0 0 1
16	17	0.9993438124656677	0
-0.787044 -0.616896 323.702467
0.616896 -0.787044 52.923905
0 0 1
16	17	2.0073297491762787e-05 0.0 9.780057441676698	2
-0.725903 -0.687798 315.610326
0.687798 -0.725903 38.862723
0 0 1
16	19	0.9961923360824585	0
0.468033 -0.883711 68.815122
0.883711 0.468033 224.211837
0 0 1
16	19	0.9987228512763977	0
0.479868 -0.877341 67.734209
0.877341 0.479868 224.975357
0 0 1
16	19	0.11035289615392685 0.0 11.11388412810647	2
0.444113 -0.895971 73.270611
0.895971 0.444113 223.289406
0 0 1
17	18	0.8424729704856873	0
0.894582 0.446904 262.252408
-0.446904 0.894582 61.671477
0 0 1
17	18	0.7987159490585327	0
0.899828 0.436244 262.764272
-0.436244 0.899828 60.232205
0 0 1
17	18	0.9969255328178406	0
0.878167 0.478355 261.590217
-0.478355 0.878167 66.280797
0 0 1
17	18	0.0034930177498608828 0.0 10.682076566028842	2
0.876555 0.481303 259.522305
-0.481303 0.876555 63.770849
0 0 1
17	18	0.9970725774765015	0
0.879593 0.475727 261.929227
-0.475727 0.879593 64.725484
0 0 1
18	19	0.9981891512870789	0
0.641702 0.766954 54.100035
-0.766954 0.641702 -4.738153
0 0 1
18	19	0.9978366494178772	0
0.63968 0.768641 53.643514
-0.768641 0.63968 -3.972543
0 0 1
18	19	0.6041910648345947	0
0.67013 0.742244 57.705769
-0.742244 0.67013 -12.268826
0 0 1
18	19	0.5627620220184326 2.8162032479474957 11.104022405223045	2
0.60438 0.796696 51.004455
-0.796696 0.60438 2.894752
0 0 1
18	29	0.9996126294136047	0
-0.687996 0.725714 492.038983
-0.725714 -0.687996 529.200544
0 0 1
18	29	0.20709411799907684 0.0 5.79779895817704	2
-0.671559 0.740951 485.363348
-0.740951 -0.671559 531.905958
0 0 1
18	29	0.834301769733429	0
-0.681665 0.731665 488.537562
-0.731665 -0.681665 527.073943
0 0 1
19	20	0.997116208076477	0
0.958157 -0.286243 274.715106
0.286243 0.958157 -186.068752
0 0 1
19	20	0.6322649717330933	0
0.950792 -0.309829 282.510794
0.309829 0.950792 -186.212056
0 0 1
19	20	0.9978004097938538	0
0.954466 -0.298319 278.921441
0.298319 0.954466 -186.668307
0 0 1
19	20	0.9917598366737366	0
0.961445 -0.274999 269.892997
0.274999 0.961445 -186.875299
0 0 1
19	20	0.522863507270813 0.0 7.461507992933681	2
0.963925 -0.266175 268.819339
0.266175 0.963925 -186.698119
0 0 1
19	26	0.9979609251022339	0
0.966839 0.255386 40.441944
-0.255386 0.966839 272.261813
0 0 1
19	26	0.9934704303741455	0
0.970008 0.243072 40.836082
-0.243072 0.970008 271.671183
0 0 1
19	26	0.9994983673095703	0
0.971212 0.238218 42.059817
-0.238218 0.971212 271.278993
0 0 1
19	26	0.06662453711032867 0.0 5.311913203686839	2
0.973927 0.226861 39.930345
-0.226861 0.973927 269.174478
0 0 1
19	26	0.9998762607574463	0
0.966062 0.258312 42.123748
-0.258312 0.966062 275.230814
0 0 1
19	26	0.999818742275238	0
0.963723 0.266905 40.489136
-0.266905 0.963723 276.171529
0 0 1
19	26	0.9995612502098083	0
0.962961 0.269639 40.400736
-0.269639 0.962961 276.31274
0 0 1
19	26	0.9962790608406067	0
0.976232 0.216727 41.663988
-0.216727 0.976232 270.238657
0 0 1
19	26	0.9085994362831116	0
0.961178 0.27593 40.645016
-0.27593 0.961178 275.297487
0 0 1
19	26	0.9710437655448914	0
0.962125 0.272607 40.861077
-0.272607 0.962125 274.233155
0 0 1
19	26	0.6005133986473083	0
0.957504 0.288421 40.592518
-0.288421 0.957504 276.356782
0 0 1
20	21	0.9975903034210205	0
-0.432513 0.901628 409.158989
-0.901628 -0.432513 241.709012
0 0 1
20	21	0.9990752935409546	0
-0.443954 0.89605 411.008129
-0.89605 -0.443954 242.128218
0 0 1
20	21	0.9992759823799133	0
-0.446241 0.894913 411.47553
-0.894913 -0.446241 241.846854
0 0 1
20	21	0.8329604268074036	0
-0.469397 0.882987 413.890264
-0.882987 -0.469397 240.828809
0 0 1
20	28	0.16766904294490814 0.0 4.259631274106423	2
0.635704 0.771933 56.875879
-0.771933 0.635704 472.672383
0 0 1
20	28	0.39323702454566956 0.0 1.2954266234616387	2
0.628545 0.777773 57.095496
-0.777773 0.628545 475.764072
0 0 1
20	28	0.9992167949676514	0
0.618657 0.785661 59.965582
-0.785661 0.618657 478.798566
0 0 1
20	28	0.0004895607125945389 0.0 2.858415120661776	2
0.63648 0.771293 56.039343
-0.771293 0.63648 474.714799
0 0 1
20	28	0.9988671541213989	0
0.617852 0.786294 59.113387
-0.786294 0.617852 478.497527
0 0 1
20	28	6.195151945576072e-05 0.0 9.076566625685107	2
0.643646 0.765324 54.506419
-0.765324 0.643646 469.035589
0 0 1
20	28	0.0021659815683960915 0.0 12.66754741586517	2
0.65167 0.758502 54.999494
-0.758502 0.65167 470.566871
0 0 1
20	28	1.8496297343517654e-05 0.0 17.710363418792603	2
0.657632 0.75334 53.145482
-0.75334 0.657632 464.985776
0 0 1
21	22	0.9989644289016724	0
-0.745837 0.666128 217.156984
-0.666128 -0.745837 546.473999
0 0 1
21	22	0.9992325305938721	0
-0.762553 0.646925 231.777918
-0.646925 -0.762553 544.06566
0 0 1
21	22	0.02129567228257656 3.2480170756863735 16.979875705548867	2
-0.790666 0.612248 237.589677
-0.612248 -0.790666 542.053778
0 0 1
21	22	0.04077736660838127 3.1087981711745045 17.983781139635013	2
-0.789172 0.614172 237.336082
-0.614172 -0.789172 545.278698
0 0 1
21	22	0.00029383835499174893 3.814837539316591 14.1424474853065	2
-0.709393 0.704813 193.504342
-0.704813 -0.709393 548.198395
0 0 1
21	22	4.689117849920876e-05 3.678085587873976 23.011634784665535	2
-0.711067 0.703125 202.212504
-0.703125 -0.711067 542.654096
0 0 1
21	22	0.0024443387519568205 3.358280702258027 15.462780792711976	2
-0.791843 0.610725 237.821478
-0.610725 -0.791843 537.345516
0 0 1
21	22	1.3774778381048236e-05 3.2912057036665963 22.620984118892192	2
-0.791128 0.611651 271.370628
-0.611651 -0.791128 541.843871
0 0 1
21	27	0.9997004270553589	0
0.145747 -0.989322 49.375322
0.989322 0.145747 12.401465
0 0 1
21	27	0.9996614456176758	0
0.130582 -0.991437 49.835011
0.991437 0.130582 12.969662
0 0 1
21	27	0.9996585845947266	0
0.182553 -0.983196 41.91865
0.983196 0.182553 13.573919
0 0 1
21	27	0.9994576573371887	0
0.11419 -0.993459 52.031149
0.993459 0.11419 14.255441
0 0 1
22	23	0.1956964135169983 0.0 1.0910543971757891	2
-0.856483 0.516176 69.343678
-0.516176 -0.856483 130.428678
0 0 1
22	24	0.9994016885757446	0
-0.904447 -0.426585 611.643032
0.426585 -0.904447 -7.979576
0 0 1
22	24	0.999582827091217	0
-0.919286 -0.39359 614.771788
0.39359 -0.919286 7.846267
0 0 1
22	24	0.9986205101013184	0
-0.921304 -0.388843 617.55156
0.388843 -0.921304 7.404451
0 0 1
22	24	0.9994506239891052	0
-0.897247 -0.441529 611.340023
0.441529 -0.897247 -16.202875
0 0 1
22	24	0.9994301199913025	0
-0.901047 -0.43372 611.064457
0.43372 -0.901047 -14.083761
0 0 1
22	24	0.9883639812469482	0
-0.926441 -0.376441 616.189866
0.376441 -0.926441 12.172516
0 0 1
22	24	0.4240560233592987 0.0 12.39479680223722	2
-0.930818 -0.365483 617.986675
0.365483 -0.930818 16.48299
0 0 1
23	25	0.9997853636741638	0
-0.004516 -0.99999 253.59935
0.99999 -0.004516 100.367076
0 0 1
23	25	0.9996182918548584	0
-0.002221 -0.999998 252.437709
0.999998 -0.002221 99.601037
0 0 1
23	25	0.9996452331542969	0
-0.001441 -0.999999 251.076454
0.999999 -0.001441 100.120336
0 0 1
23	25	0.9998051524162292	0
-0.001215 -0.999999 250.252246
0.999999 -0.001215 101.006809
0 0 1
24	25	0.18175563216209412 0.0 5.4243009172341585	2
-0.831436 -0.555621 609.42203
0.555621 -0.831436 364.952688
0 0 1
24	25	0.3075718283653259 0.0 1.949496883101723	2
-0.840888 -0.54121 608.11995
0.54121 -0.840888 370.054655
0 0 1
24	25	0.48043593764305115 0.0 3.778279466249863	2
-0.834575 -0.550894 609.428319
0.550894 -0.834575 367.861209
0 0 1
24	25	0.5427762269973755 0.0 1.8984735853740504	2
-0.836018 -0.548702 608.672005
0.548702 -0.836018 367.308629
0 0 1
24	25	0.34164679050445557 0.0 3.1334741319986743	2
-0.833151 -0.553046 610.339393
0.553046 -0.833151 365.534416
0 0 1
24	25	0.24100543558597565 0.0 5.435050424600734	2
-0.832989 -0.55329 610.586899
0.55329 -0.832989 367.914032
0 0 1
24	25	0.18895171582698822 0.0 6.646860236387569	2
-0.831181 -0.556002 610.720926
0.556002 -0.831181 366.831808
0 0 1
24	25	0.7469643354415894	0
-0.847007 -0.531582 607.058082
0.531582 -0.847007 375.913163
0 0 1
24	25	1.6091584257083014e-05 2.600783548005024 21.44876316625369	2
-0.862521 -0.506021 600.093969
0.506021 -0.862521 376.835006
0 0 1
24	25	1.4348447621159721e-05 0.0 15.176125581357077	2
-0.856592 -0.515994 601.013262
0.515994 -0.856592 375.211307
0 0 1
24	27	0.9996190071105957	0
0.428695 -0.903449 242.903869
0.903449 0.428695 -206.857726
0 0 1
24	27	0.9996116757392883	0
0.442868 -0.896587 237.931515
0.896587 0.442868 -209.275036
0 0 1
24	27	0.9996151924133301	0
0.443191 -0.896427 237.883782
0.896427 0.443191 -209.373114
0 0 1
24	27	0.999603807926178	0
0.44174 -0.897143 238.281793
0.897143 0.44174 -208.871397
0 0 1
24	27	0.9995203018188477	0
0.44653 -0.894769 236.217504
0.894769 0.44653 -208.927814
0 0 1
24	27	0.999483585357666	0
0.420246 -0.90741 246.136849
0.90741 0.420246 -206.235875
0 0 1
24	27	0.998764157295227	0
0.466799 -0.884364 227.844264
0.884364 0.466799 -213.818557
0 0 1
24	27	0.9998107552528381	0
0.397599 -0.917559 252.340884
0.917559 0.397599 -205.201314
0 0 1
24	27	0.9994611144065857	0
0.397852 -0.91745 255.364856
0.91745 0.397852 -203.412169
0 0 1
24	27	0.00025919382460415363 3.0428675398056697 10.825823175959874	2
0.485468 -0.874255 223.516447
0.874255 0.485468 -211.61585
0 0 1
24	32	0.9994083642959595	0
0.315051 -0.949075 79.90812
0.949075 0.315051 130.397853
0 0 1
24	32	0.9996883869171143	0
0.333661 -0.942693 77.176275
0.942693 0.333661 131.688152
0 0 1
24	32	0.9996885061264038	0
0.340188 -0.940357 75.713826
0.940357 0.340188 131.174262
0 0 1
24	32	0.9996664524078369	0
0.345015 -0.938597 76.119006
0.938597 0.345015 132.117675
0 0 1
25	30	0.9988762736320496	0
-0.925216 0.379441 703.359885
-0.379441 -0.925216 436.711887
0 0 1
25	30	1.5847354006837122e-05 0.0 13.076095649345168	2
-0.915031 0.403384 693.806281
-0.403384 -0.915031 444.558668
0 0 1
25	30	1.6104988389997743e-05 0.0 11.634202295268219	2
-0.916039 0.40109 694.69888
-0.40109 -0.916039 444.247889
0 0 1
25	30	3.0476992833428085e-05 0.0 11.06668363314633	2
-0.918498 0.395426 701.261791
-0.395426 -0.918498 442.27429
0 0 1
25	30	5.551236972678453e-05 0.0 16.70324235148032	2
-0.941184 0.337895 717.396236
-0.337895 -0.941184 423.693086
0 0 1
26	28	0.9985758066177368	0
0.938301 0.34582 145.204031
-0.34582 0.938301 51.6312
0 0 1
26	28	0.995187520980835	0
0.944491 0.328538 146.696097
-0.328538 0.944491 47.847385
0 0 1
26	28	0.9975785613059998	0
0.935335 0.353763 144.776768
-0.353763 0.935335 53.045123
0 0 1
26	28	0.7625517845153809	0
0.942689 0.333672 147.769817
-0.333672 0.942689 47.985893
0 0 1
26	28	0.00012770097237080336 0.0 16.95773350638656	2
0.924107 0.382133 135.715982
-0.382133 0.924107 56.033706
0 0 1
26	29	0.5580408573150635 0.0 1.9980595141450503	2
0.350831 0.936439 -261.873857
-0.936439 0.350831 354.594739
0 0 1
26	29	0.9989080429077148	0
0.34606 0.938213 -260.096438
-0.938213 0.34606 356.444139
0 0 1
26	29	0.9846466779708862	0
0.358993 0.93334 -262.98248
-0.93334 0.358993 351.788302
0 0 1
26	29	0.9804361462593079	0
0.365699 0.930733 -262.411418
-0.930733 0.365699 350.658379
0 0 1
26	29	0.9996228218078613	0
0.344315 0.938854 -262.146751
-0.938854 0.344315 357.435437
0 0 1
26	29	0.027035292237997055 0.0 2.8837376096824627	2
0.338849 0.940841 -258.189218
-0.940841 0.338849 358.113491
0 0 1
26	29	0.01156221516430378 0.0 3.5366977783076523	2
0.336868 0.941552 -258.011771
-0.941552 0.336868 359.054377
0 0 1
26	29	0.9997640252113342	0
0.388694 0.921367 -270.408959
-0.921367 0.388694 342.186351
0 0 1
26	29	1.4198918506735936e-05 0.0 49.247360178480136	2
0.341316 0.939949 -259.588856
-0.939949 0.341316 406.041233
0 0 1
26	29	0.9996042847633362	0
0.393918 0.919146 -270.617114
-0.919146 0.393918 340.064577
0 0 1
26	31	0.995194137096405	0
0.556716 -0.830703 228.254922
0.830703 0.556716 240.391783
0 0 1
26	31	0.9997429251670837	0
0.542372 -0.840139 228.77869
0.840139 0.542372 241.053476
0 0 1
26	31	0.9998157620429993	0
0.535383 -0.84461 229.346579
0.84461 0.535383 242.381583
0 0 1
26	31	0.9998321533203125	0
0.533534 -0.845779 229.280029
0.845779 0.533534 242.092073
0 0 1
26	31	0.9998119473457336	0
0.538549 -0.842594 228.935239
0.842594 0.538549 241.312122
0 0 1
26	31	0.9946040511131287	0
0.53825 -0.842785 229.750146
0.842785 0.53825 242.26358
0 0 1
26	31	0.09240421652793884 0.0 10.973418383981127	2
0.522116 -0.852874 231.925937
0.852874 0.522116 243.467322
0 0 1
26	31	0.9869216680526733	0
0.574522 -0.818489 225.298894
0.818489 0.574522 241.09922
0 0 1
26	31	0.13982050120830536 2.562664447679792 17.796004900605514	2
0.581616 -0.813464 223.471902
0.813464 0.581616 240.000834
0 0 1
26	31	0.7345251441001892	0
0.573453 -0.819239 224.109492
0.819239 0.573453 241.195905
0 0 1
26	31	0.8821190595626831	0
0.585126 -0.810943 221.796644
0.810943 0.585126 237.687866
0 0 1
27	28	0.9992609620094299	0
0.958782 0.284144 -442.471696
-0.284144 0.958782 38.617682
0 0 1
27	28	0.9991998076438904	0
0.958848 0.28392 -441.56897
-0.28392 0.958848 38.6272
0 0 1
27	28	0.998230516910553	0
0.953714 0.300714 -443.975979
-0.300714 0.953714 45.338685
0 0 1
27	28	0.995965838432312	0
0.96938 0.245564 -437.619789
-0.245564 0.96938 16.665842
0 0 1
27	35	0.9992560744285583	0
-0.976509 0.215478 249.699311
-0.215478 -0.976509 752.127524
0 0 1
27	35	0.9994801878929138	0
-0.979682 0.200558 254.32634
-0.200558 -0.979682 750.392032
0 0 1
27	35	0.9995286464691162	0
-0.980492 0.196559 256.116562
-0.196559 -0.980492 750.875586
0 0 1
28	33	0.9943558573722839	0
0.999667 -0.025824 -114.877774
0.025824 0.999667 307.116887
0 0 1
28	33	0.9816083312034607	0
0.999127 -0.041776 -113.096646
0.041776 0.999127 303.2101
0 0 1
28	33	0.9409974217414856	0
0.998794 -0.04909 -112.987966
0.04909 0.998794 301.492521
0 0 1
28	33	0.9790109395980835	0
0.999146 -0.041324 -115.245197
0.041324 0.999146 303.161567
0 0 1
28	33	0.6136502623558044	0
0.999994 -0.003439 -118.436236
0.003439 0.999994 314.131955
0 0 1
28	33	0.9000498056411743	0
0.99723 -0.074384 -109.716347
0.074384 0.99723 292.208282
0 0 1
28	33	0.9749302268028259	0
0.999993 -0.003621 -118.5709
0.003621 0.999993 316.483209
0 0 1
28	33	0.6903417706489563	0
0.997895 -0.064854 -109.015481
0.064854 0.997895 293.345623
0 0 1
28	33	0.5291116237640381 0.0 20.80369803186235	2
0.997278 -0.073738 -107.369202
0.073738 0.997278 290.911197
0 0 1
29	34	0.98969566822052	0
0.469437 -0.882966 30.764419
0.882966 0.469437 101.843996
0 0 1
29	34	0.986438512802124	0
0.441747 -0.89714 34.224959
0.89714 0.441747 100.127255
0 0 1
29	34	0.12590794265270233 0.0 9.112966578362608	2
0.417054 -0.908882 37.278022
0.908882 0.417054 100.251206
0 0 1
29	34	0.9942572116851807	0
0.437557 -0.899191 34.344594
0.899191 0.437557 100.820781
0 0 1
29	34	0.04919235408306122 2.5756172947047657 8.839365263865368	2
0.413503 -0.910503 36.623774
0.910503 0.413503 100.481754
0 0 1
29	34	0.0003950101090595126 3.148545299487076 11.47409225611791	2
0.404384 -0.914589 38.277436
0.914589 0.404384 100.822199
0 0 1
30	32	0.9985164999961853	0
0.126759 -0.991934 344.169672
0.991934 0.126759 -193.78753
0 0 1
30	32	0.999372661113739	0
0.13552 -0.990775 341.706799
0.990775 0.13552 -194.067366
0 0 1
30	32	0.9974780678749084	0
0.152242 -0.988343 337.2261
0.988343 0.152242 -199.30889
0 0 1
30	32	0.9342698454856873	0
0.108633 -0.994082 349.191129
0.994082 0.108633 -190.067917
0 0 1
30	32	0.7897748947143555	0
0.109115 -0.994029 349.552976
0.994029 0.109115 -188.86201
0 0 1
30	32	0.7384082078933716	0
0.107192 -0.994238 349.021919
0.994238 0.107192 -188.238441
0 0 1
30	32	0.9861426949501038	0
0.160368 -0.987057 332.455948
0.987057 0.160368 -200.455472
0 0 1
31	33	0.9997761845588684	0
0.268688 0.963227 64.367858
-0.963227 0.268688 144.670966
0 0 1
31	33	0.9997718930244446	0
0.252119 0.967696 64.577134
-0.967696 0.252119 146.199017
0 0 1
31	33	0.9997937083244324	0
0.25583 0.966722 65.467627
-0.966722 0.25583 146.173286
0 0 1
31	33	0.99978107213974	0
0.257954 0.966157 65.345964
-0.966157 0.257954 145.497366
0 0 1
31	33	0.9996540546417236	0
0.237101 0.971485 64.556518
-0.971485 0.237101 151.09185
0 0 1
31	33	0.9994524121284485	0
0.269614 0.962968 66.219312
-0.962968 0.269614 141.527993
0 0 1
31	33	0.9993882179260254	0
0.273525 0.961865 66.153327
-0.961865 0.273525 140.926984
0 0 1
31	33	0.9981124401092529	0
0.227393 0.973803 66.43456
-0.973803 0.227393 150.701827
0 0 1
31	33	0.9725331664085388	0
0.228448 0.973556 63.311877
-0.973556 0.228448 153.97399
0 0 1
31	33	0.148664191365242 2.809611313486983 16.518837172346483	2
0.211179 0.977447 65.653079
-0.977447 0.211179 156.88253
0 0 1
31	34	0.9995773434638977	0
0.44718 0.894444 -111.198379
-0.894444 0.44718 389.754443
0 0 1
31	34	0.010073743760585785 0.0 13.075993776172009	2
0.479672 0.877448 -112.318536
-0.877448 0.479672 375.799701
0 0 1
32	35	0.9998533725738525	0
-0.994809 0.101761 71.751095
-0.101761 -0.994809 452.075356
0 0 1
32	35	0.9995089769363403	0
-0.9988 0.048974 79.422339
-0.048974 -0.9988 450.756931
0 0 1
33	35	0.9959218502044678	0
-0.901719 0.432322 605.02709
-0.432322 -0.901719 554.543965
0 0 1
33	35	0.9968365430831909	0
-0.892834 0.450387 598.973398
-0.450387 -0.892834 556.702885
0 0 1
33	35	0.9955905675888062	0
-0.895599 0.444861 601.538136
-0.444861 -0.895599 556.980764
0 0 1
33	35	0.9966142773628235	0
-0.898645 0.438676 603.300579
-0.438676 -0.898645 555.581424
0 0 1
33	35	0.4618077576160431 0.0 11.765504040408182	2
-0.88838 0.459109 595.292105
-0.459109 -0.88838 558.290833
0 0 1
33	35	0.0011101681739091873 2.609519168503168 23.535805153987802	2
-0.8779 0.478844 587.995337
-0.478844 -0.8779 560.955423
0 0 1
