1 
1 0 3480.055104  0 1 3479.792902  0 0 1
2 
0.358368 0.933580 3582.187310  -0.933580 0.358368 3672.609473  0 0 1
3 
-0.529919 0.848048 3889.455026  -0.848048 -0.529919 3777.897448  0 0 1
4 
0.874620 0.484810 3942.530070  -0.484810 0.874620 3523.043729  0 0 1
5 
-0.104528 -0.994522 4426.732488  0.994522 -0.104528 3485.517295  0 0 1
6 
-0.866025 0.500000 4530.570182  -0.500000 -0.866025 3771.440968  0 0 1
7 
-0.087156 -0.996195 4789.016877  0.996195 -0.087156 3485.022778  0 0 1
8 
-0.207912 0.978148 4739.563195  -0.978148 -0.207912 3773.158217  0 0 1
9 
-0.173648 -0.984808 5162.809054  0.984808 -0.173648 3495.098127  0 0 1
10 
-0.629320 -0.777146 5387.783980  0.777146 -0.629320 3586.010548  0 0 1
11 
-0.587785 -0.809017 5556.704628  0.809017 -0.587785 3568.316595  0 0 1
12 
0.829038 -0.559193 5477.955942  0.559193 0.829038 3390.506269  0 0 1
13 
-0.965926 -0.258819 5854.177129  0.258819 -0.965926 3721.127495  0 0 1
14 
0.694658 -0.719340 5868.432055  0.719340 0.694658 3381.001608  0 0 1
15 
0.207912 -0.978148 6131.306133  0.978148 0.207912 3442.811288  0 0 1
16 
0.933580 -0.358368 6133.017869  0.358368 0.933580 3413.127612  0 0 1
17 
-0.848048 -0.529919 6615.401991  0.529919 -0.848048 3684.302438  0 0 1
18 
0.121869 0.992546 6424.982947  -0.992546 0.121869 3749.857926  0 0 1
19 
0.422618 0.906308 6531.259110  -0.906308 0.422618 3706.585670  0 0 1
20 
-0.719340 -0.694658 7154.144808  0.694658 -0.719340 3631.664101  0 0 1
21 
0.469472 -0.882948 4173.039229  0.882948 0.469472 3568.528133  0 0 1
22 
-0.994522 -0.104528 4097.446663  0.104528 -0.994522 3908.368009  0 0 1
23 
0.898794 -0.438371 4230.708072  0.438371 0.898794 3568.324304  0 0 1
24 
0.069756 -0.997564 4573.762167  0.997564 0.069756 3627.665079  0 0 1
25 
0.990268 -0.139173 3486.310416  0.139173 0.990268 3634.989230  0 0 1
26 
0.515038 -0.857167 3804.826298  0.857167 0.515038 3564.951461  0 0 1
27 
-0.927184 -0.374607 4846.809292  0.374607 -0.927184 3906.040847  0 0 1
28 
0.891007 0.453990 5168.494829  -0.453990 0.891007 3735.660392  0 0 1
29 
-0.857167 0.515038 5541.644630  -0.515038 -0.857167 3978.366569  0 0 1
30 
-0.939693 -0.342020 5008.983141  0.342020 -0.939693 3889.773142  0 0 1
31 
-0.994522 0.104528 5287.703034  -0.104528 -0.994522 3912.580561  0 0 1
32 
-0.601815 -0.798636 5843.864687  0.798636 -0.601815 3755.875604  0 0 1
33 
0.453990 0.891007 4819.992125  -0.891007 0.453990 3872.339290  0 0 1
34 
-0.422618 0.906308 5776.126012  -0.906308 -0.422618 3994.017084  0 0 1
35 
0.945519 -0.325568 6107.670887  0.325568 0.945519 3668.339432  0 0 1
36 
0.207912 -0.978148 6113.555367  0.978148 0.207912 3675.116976  0 0 1
37 
0.838671 0.544639 6157.458937  -0.544639 0.838671 3795.294770  0 0 1
38 
0.275637 0.961262 6424.225037  -0.961262 0.275637 3902.209131  0 0 1
39 
0.994522 -0.104528 6819.129017  0.104528 0.994522 3708.095169  0 0 1
40 
0.731354 0.681998 6559.265986  -0.681998 0.731354 3816.211955  0 0 1
41 
-0.933580 -0.358368 3735.255852  0.358368 -0.933580 4014.903235  0 0 1
42 
0.906308 -0.422618 3666.388581  0.422618 0.906308 3766.055562  0 0 1
43 
-0.874620 -0.484810 5793.594152  0.484810 -0.874620 3926.757715  0 0 1
44 
-0.882948 0.469472 5897.653798  -0.469472 -0.882948 4047.467165  0 0 1
45 
0.819152 0.573576 5059.413372  -0.573576 0.819152 3905.011466  0 0 1
46 
0.309017 0.951057 5230.623593  -0.951057 0.309017 3944.995032  0 0 1
47 
-0.981627 -0.190809 5618.409458  0.190809 -0.981627 3952.553392  0 0 1
48 
-0.997564 -0.069756 5164.635729  0.069756 -0.997564 3996.534983  0 0 1
49 
0.587785 0.809017 3783.409671  -0.809017 0.587785 3978.445451  0 0 1
50 
0.898794 0.438371 6789.456493  -0.438371 0.898794 3891.918033  0 0 1
51 
-0.069756 0.997564 4043.952945  -0.997564 -0.069756 4070.440106  0 0 1
52 
0.829038 0.559193 6051.871020  -0.559193 0.829038 3899.885701  0 0 1
53 
0.998630 -0.052336 5916.841175  0.052336 0.998630 3860.623043  0 0 1
54 
0.325568 -0.945519 6658.324930  0.945519 0.325568 3838.335174  0 0 1
55 
0.874620 -0.484810 6690.288424  0.484810 0.874620 3786.101873  0 0 1
56 
-0.961262 0.275637 4929.948825  -0.275637 -0.961262 4073.522628  0 0 1
57 
0.939693 0.342020 4147.097391  -0.342020 0.939693 3910.150818  0 0 1
58 
0.719340 -0.694658 6392.022049  0.694658 0.719340 3759.707526  0 0 1
59 
0.275637 0.961262 4514.120235  -0.961262 0.275637 4023.396438  0 0 1
60 
0.325568 -0.945519 4556.783473  0.945519 0.325568 3843.531922  0 0 1
61 
-0.034899 -0.999391 6324.779339  0.999391 -0.034899 3905.793498  0 0 1
62 
-0.777146 -0.629320 5737.122403  0.629320 -0.777146 4105.363588  0 0 1
63 
-0.766044 0.642788 6020.744761  -0.642788 -0.766044 4288.059475  0 0 1
64 
0.258819 -0.965926 5947.161151  0.965926 0.258819 3861.938741  0 0 1
65 
0.978148 -0.207912 6257.609430  0.207912 0.978148 3874.453080  0 0 1
66 
0.848048 -0.529919 5617.382460  0.529919 0.848048 3841.857501  0 0 1
67 
0.342020 0.939693 5179.356991  -0.939693 0.342020 4171.801311  0 0 1
68 
-0.224951 -0.974370 7064.875761  0.974370 -0.224951 3930.602365  0 0 1
69 
-0.207912 0.978148 6635.392120  -0.978148 -0.207912 4201.412559  0 0 1
70 
-0.965926 0.258819 5323.135360  -0.258819 -0.965926 4304.906395  0 0 1
71 
-0.891007 0.453990 6636.162738  -0.453990 -0.891007 4237.098298  0 0 1
72 
0.342020 0.939693 4832.779152  -0.939693 0.342020 4216.133895  0 0 1
73 
-0.999848 -0.017452 4998.254612  0.017452 -0.999848 4281.072815  0 0 1
74 
0.207912 0.978148 3792.673725  -0.978148 0.207912 4231.395746  0 0 1
75 
0.707107 -0.707107 3768.529597  0.707107 0.707107 3890.666751  0 0 1
76 
0 -1 4817.177246  1 0 3986.636230  0 0 1
77 
0.309017 -0.951057 4565.200998  0.951057 0.309017 3952.630669  0 0 1
78 
0.927184 -0.374607 4063.289372  0.374607 0.927184 3949.546870  0 0 1
79 
-0.974370 0.224951 3677.807698  -0.224951 -0.974370 4265.210072  0 0 1
80 
-0.104528 -0.994522 4444.168863  0.994522 -0.104528 4015.196647  0 0 1
81 
0.190809 -0.981627 7010.741198  0.981627 0.190809 4084.575167  0 0 1
82 
-0.956305 0.292372 6842.076397  -0.292372 -0.956305 4425.071102  0 0 1
83 
-0.999391 -0.034899 6684.505238  0.034899 -0.999391 4369.472156  0 0 1
84 
0.777146 -0.629320 6404.945544  0.629320 0.777146 4028.225818  0 0 1
85 
-0.190809 -0.981627 3935.823454  0.981627 -0.190809 4200.344121  0 0 1
86 
-0.669131 0.743145 3569.638645  -0.743145 -0.669131 4477.983700  0 0 1
87 
0.777146 -0.629320 6158.306833  0.629320 0.777146 4059.077170  0 0 1
88 
-0.996195 -0.087156 5416.125472  0.087156 -0.996195 4368.937307  0 0 1
89 
-0.207912 0.978148 5936.193965  -0.978148 -0.207912 4383.500511  0 0 1
90 
0.190809 -0.981627 5590.691416  0.981627 0.190809 4137.229869  0 0 1
91 
-0.173648 0.984808 5571.183602  -0.984808 -0.173648 4402.771893  0 0 1
92 
0.999391 -0.034899 5099.561433  0.034899 0.999391 4176.889174  0 0 1
93 
0.997564 0.069756 5745.224408  -0.069756 0.997564 4202.102150  0 0 1
94 
-0.642788 -0.766044 4297.382857  0.766044 -0.642788 4256.581650  0 0 1
95 
-0.224951 0.974370 4215.838751  -0.974370 -0.224951 4410.227635  0 0 1
96 
0.961262 -0.275637 3874.743595  0.275637 0.961262 4150.424823  0 0 1
97 
0.754710 0.656059 4471.231462  -0.656059 0.754710 4274.836405  0 0 1
98 
-0.325568 0.945519 4970.259709  -0.945519 -0.325568 4407.256082  0 0 1
99 
0.207912 0.978148 4352.895072  -0.978148 0.207912 4362.797448  0 0 1
100 
0.681998 0.731354 4722.282776  -0.731354 0.681998 4303.998014  0 0 1
101 
0.453990 0.891007 5956.606466  -0.891007 0.453990 4520.515576  0 0 1
102 
0.669131 -0.743145 3979.938448  0.743145 0.669131 4221.317488  0 0 1
103 
0.956305 -0.292372 4058.414487  0.292372 0.956305 4255.288222  0 0 1
104 
-0.829038 0.559193 6052.304573  -0.559193 -0.829038 4635.162341  0 0 1
105 
0.390731 0.920505 6180.778501  -0.920505 0.390731 4535.333427  0 0 1
106 
0.669131 -0.743145 5882.105282  0.743145 0.669131 4225.934322  0 0 1
107 
0.951057 0.309017 3598.039658  -0.309017 0.951057 4357.922285  0 0 1
108 
0.469472 -0.882948 4356.680149  0.882948 0.469472 4228.143324  0 0 1
109 
-0.819152 0.573576 5286.186743  -0.573576 -0.819152 4630.256632  0 0 1
110 
0.951057 0.309017 4473.547870  -0.309017 0.951057 4340.156792  0 0 1
111 
0.052336 -0.998630 4575.180581  0.998630 0.052336 4314.628208  0 0 1
112 
0.829038 -0.559193 5023.913998  0.559193 0.829038 4248.783104  0 0 1
113 
0.945519 0.325568 5543.068433  -0.325568 0.945519 4355.908276  0 0 1
114 
0.951057 -0.309017 4791.676418  0.309017 0.951057 4276.443861  0 0 1
115 
-0.927184 0.374607 6831.368251  -0.374607 -0.927184 4657.975917  0 0 1
116 
-0.207912 0.978148 6527.714716  -0.978148 -0.207912 4617.403913  0 0 1
117 
-0.927184 -0.374607 7094.854738  0.374607 -0.927184 4532.971382  0 0 1
118 
-0.438371 -0.898794 3796.284832  0.898794 -0.438371 4387.467681  0 0 1
119 
0.629320 -0.777146 5503.180750  0.777146 0.629320 4219.442663  0 0 1
120 
-0.965926 -0.258819 5433.980597  0.258819 -0.965926 4699.804132  0 0 1
121 
-0.874620 0.484810 5136.410445  -0.484810 -0.874620 4814.721700  0 0 1
122 
0.992546 0.121869 5304.394548  -0.121869 0.992546 4481.376879  0 0 1
123 
0.978148 -0.207912 4550.110588  0.207912 0.978148 4432.893829  0 0 1
124 
-0.857167 0.515038 4962.283322  -0.515038 -0.857167 4879.608233  0 0 1
125 
0.965926 -0.258819 4381.029832  0.258819 0.965926 4445.835634  0 0 1
126 
-0.998630 0.052336 5792.441053  -0.052336 -0.998630 4706.360793  0 0 1
127 
-0.927184 -0.374607 4481.697657  0.374607 -0.927184 4725.855258  0 0 1
128 
-0.999391 0.034899 4272.117517  -0.034899 -0.999391 4741.274708  0 0 1
129 
-0.642788 -0.766044 6040.858755  0.766044 -0.642788 4594.323960  0 0 1
130 
0.325568 -0.945519 4064.926945  0.945519 0.325568 4458.235401  0 0 1
131 
-0.777146 -0.629320 3998.288337  0.629320 -0.777146 4641.318210  0 0 1
132 
0.788011 -0.615661 5983.595519  0.615661 0.788011 4460.394691  0 0 1
133 
0.777146 -0.629320 3568.109651  0.629320 0.777146 4428.668912  0 0 1
134 
-0.974370 -0.224951 7047.978355  0.224951 -0.974370 4675.470489  0 0 1
135 
-0.920505 -0.390731 6384.033611  0.390731 -0.920505 4683.674020  0 0 1
136 
-0.292372 -0.956305 6919.065215  0.956305 -0.292372 4558.963221  0 0 1
137 
0.207912 -0.978148 6673.944876  0.978148 0.207912 4520.777531  0 0 1
138 
-0.987688 0.156434 6542.088944  -0.156434 -0.987688 4746.620309  0 0 1
139 
-0.615661 0.788011 6923.808186  -0.788011 -0.615661 4871.751205  0 0 1
140 
0.069756 0.997564 5917.009338  -0.997564 0.069756 4894.285289  0 0 1
141 
-0.390731 -0.920505 6937.751330  0.920505 -0.390731 4667.918093  0 0 1
142 
-0.190809 0.981627 5352.424964  -0.981627 -0.190809 4933.444024  0 0 1
143 
-0.104528 -0.994522 5787.858908  0.994522 -0.104528 4652.776807  0 0 1
144 
-0.587785 0.809017 5804.956473  -0.809017 -0.587785 5000.472054  0 0 1
145 
0.139173 0.990268 6271.707106  -0.990268 0.139173 4831.621409  0 0 1
146 
0.731354 -0.681998 6596.004091  0.681998 0.731354 4574.318255  0 0 1
147 
-0.629320 0.777146 6132.741407  -0.777146 -0.629320 4985.855701  0 0 1
148 
0.766044 -0.642788 3785.253487  0.642788 0.766044 4575.977717  0 0 1
149 
0.453990 0.891007 3788.457005  -0.891007 0.453990 4871.276481  0 0 1
150 
0.965926 0.258819 5091.151750  -0.258819 0.965926 4721.655091  0 0 1
151 
-0.438371 -0.898794 4345.986329  0.898794 -0.438371 4743.873824  0 0 1
152 
-0.275637 0.961262 4227.043183  -0.961262 -0.275637 4969.869700  0 0 1
153 
-0.788011 0.615661 3619.509318  -0.615661 -0.788011 5010.074962  0 0 1
154 
0.052336 0.998630 4998.306603  -0.998630 0.052336 4937.753762  0 0 1
155 
-0.990268 0.139173 5052.521854  -0.139173 -0.990268 4978.561586  0 0 1
156 
0.987688 0.156434 4495.655205  -0.156434 0.987688 4733.690616  0 0 1
157 
0.906308 0.422618 4301.232944  -0.422618 0.906308 4764.201178  0 0 1
158 
0.342020 -0.939693 6861.272048  0.939693 0.342020 4684.443605  0 0 1
159 
0.987688 0.156434 6821.220316  -0.156434 0.987688 4762.297869  0 0 1
160 
0.017452 0.999848 6512.006702  -0.999848 0.017452 4963.092232  0 0 1
161 
-0.809017 -0.587785 6639.274945  0.587785 -0.809017 4899.164921  0 0 1
162 
-0.974370 0.224951 6298.085352  -0.224951 -0.974370 5012.375385  0 0 1
163 
0.788011 -0.615661 5463.728452  0.615661 0.788011 4726.066665  0 0 1
164 
-0.515038 0.857167 5778.601449  -0.857167 -0.515038 5058.023151  0 0 1
165 
-0.052336 0.998630 5593.001209  -0.998630 -0.052336 4962.828701  0 0 1
166 
-0.754710 -0.656059 6114.732401  0.656059 -0.754710 4897.176622  0 0 1
167 
0.515038 0.857167 5087.305323  -0.857167 0.515038 4973.488374  0 0 1
168 
-0.573576 -0.819152 3802.943255  0.819152 -0.573576 4946.952767  0 0 1
169 
-0.601815 -0.798636 4008.862397  0.798636 -0.601815 4955.928652  0 0 1
170 
-0.515038 0.857167 6854.241702  -0.857167 -0.515038 5375.517741  0 0 1
171 
0.857167 0.515038 4292.216543  -0.515038 0.857167 4928.082208  0 0 1
172 
0.309017 -0.951057 4787.452608  0.951057 0.309017 4804.809581  0 0 1
173 
-0.891007 -0.453990 5225.115663  0.453990 -0.891007 4980.773733  0 0 1
174 
-0.484810 -0.874620 4476.054189  0.874620 -0.484810 4923.965783  0 0 1
175 
-0.857167 0.515038 6788.769972  -0.515038 -0.857167 5347.849984  0 0 1
176 
0.974370 0.224951 4759.059027  -0.224951 0.974370 4912.814998  0 0 1
177 
0.615661 -0.788011 4166.755130  0.788011 0.615661 4809.164126  0 0 1
178 
0.866025 -0.500000 3948.951178  0.500000 0.866025 4845.506634  0 0 1
179 
0.809017 -0.587785 5796.870368  0.587785 0.809017 4804.034922  0 0 1
180 
0.992546 -0.121869 6531.352637  0.121869 0.992546 4891.872212  0 0 1
181 
0.927184 0.374607 5813.667319  -0.374607 0.927184 4969.595942  0 0 1
182 
0.891007 -0.453990 6074.442200  0.453990 0.891007 4833.493353  0 0 1
183 
0.996195 -0.087156 5598.985705  0.087156 0.996195 4900.548789  0 0 1
184 
0.694658 0.719340 5178.588802  -0.719340 0.694658 5134.518683  0 0 1
185 
0.998630 -0.052336 6257.757584  0.052336 0.998630 4906.793683  0 0 1
186 
-0.951057 0.309017 5377.796940  -0.309017 -0.951057 5407.955239  0 0 1
187 
0.961262 0.275637 5267.783667  -0.275637 0.961262 4972.307541  0 0 1
188 
-0.656059 0.754710 5129.816680  -0.754710 -0.656059 5399.837081  0 0 1
189 
-0.292372 0.956305 4834.979199  -0.956305 -0.292372 5398.891543  0 0 1
190 
0.809017 -0.587785 4653.589800  0.587785 0.809017 4886.024053  0 0 1
191 
0.997564 -0.069756 4184.394240  0.069756 0.997564 5000.449615  0 0 1
192 
0.173648 -0.984808 4222.410507  0.984808 0.173648 4998.645404  0 0 1
193 
-0.544639 -0.838671 4706.810127  0.838671 -0.544639 5128.778168  0 0 1
194 
-0.559193 -0.829038 4028.356672  0.829038 -0.559193 5121.216117  0 0 1
195 
0.819152 -0.573576 3949.641638  0.573576 0.819152 4962.937110  0 0 1
196 
0.292372 0.956305 3428.014639  -0.956305 0.292372 5245.603618  0 0 1
197 
0.974370 -0.224951 3493.103055  0.224951 0.974370 5186.700981  0 0 1
198 
0.999391 0.034899 3646.348534  -0.034899 0.999391 5231.628038  0 0 1
199 
0.615661 0.788011 6552.224641  -0.788011 0.615661 5292.012227  0 0 1
200 
0.406737 -0.913545 6791.113867  0.913545 0.406737 5176.591353  0 0 1
201 
-0.809017 0.587785 6491.755942  -0.587785 -0.809017 5479.486136  0 0 1
202 
-0.788011 -0.615661 4643.407433  0.615661 -0.788011 5356.420157  0 0 1
203 
0.258819 -0.965926 7001.168956  0.965926 0.258819 5196.540987  0 0 1
204 
0.866025 -0.500000 4234.875893  0.500000 0.866025 5175.061356  0 0 1
205 
-0.484810 0.874620 3911.984595  -0.874620 -0.484810 5505.739221  0 0 1
206 
0.965926 0.258819 3995.137841  -0.258819 0.965926 5278.498608  0 0 1
207 
0.809017 -0.587785 4658.395552  0.587785 0.809017 5150.922726  0 0 1
208 
0.390731 0.920505 5700.762133  -0.920505 0.390731 5313.865748  0 0 1
209 
0.987688 0.156434 6258.684918  -0.156434 0.987688 5280.556849  0 0 1
210 
-0.998630 0.052336 6356.318603  -0.052336 -0.998630 5601.143117  0 0 1
211 
0.694658 0.719340 4756.285119  -0.719340 0.694658 5337.719391  0 0 1
212 
-0.087156 0.996195 6806.016281  -0.996195 -0.087156 5627.308448  0 0 1
213 
0.669131 0.743145 5010.867537  -0.743145 0.669131 5347.170601  0 0 1
214 
0.694658 0.719340 5487.446545  -0.719340 0.694658 5441.459763  0 0 1
215 
-0.945519 -0.325568 6067.769252  0.325568 -0.945519 5549.111518  0 0 1
216 
0.034899 -0.999391 6711.335991  0.999391 0.034899 5276.009704  0 0 1
217 
0.891007 0.453990 5837.699102  -0.453990 0.891007 5355.376068  0 0 1
218 
-0.906308 -0.422618 6956.368173  0.422618 -0.906308 5558.788385  0 0 1
219 
-0.615661 0.788011 5495.749277  -0.788011 -0.615661 5728.874401  0 0 1
220 
0.515038 0.857167 5137.046125  -0.857167 0.515038 5370.902889  0 0 1
221 
0.656059 -0.754710 5393.398954  0.754710 0.656059 5284.967419  0 0 1
222 
-0.052336 0.998630 5168.279709  -0.998630 -0.052336 5619.007242  0 0 1
223 
0.999391 0.034899 5040.301908  -0.034899 0.999391 5340.139307  0 0 1
224 
0.275637 0.961262 4497.194505  -0.961262 0.275637 5610.228087  0 0 1
225 
-0.939693 0.342020 5036.115174  -0.342020 -0.939693 5743.450327  0 0 1
226 
-0.156434 0.987688 4340.930477  -0.987688 -0.156434 5688.346644  0 0 1
227 
-0.838671 -0.544639 4161.917916  0.544639 -0.838671 5541.069842  0 0 1
228 
-0.601815 0.798636 3735.419280  -0.798636 -0.601815 5728.803394  0 0 1
229 
-0.104528 0.994522 4008.719534  -0.994522 -0.104528 5679.620825  0 0 1
230 
0.694658 0.719340 4071.160809  -0.719340 0.694658 5511.461771  0 0 1
231 
0.453990 -0.891007 3651.186403  0.891007 0.453990 5323.323343  0 0 1
232 
0.559193 0.829038 5275.843804  -0.829038 0.559193 5718.645459  0 0 1
233 
-0.996195 -0.087156 6076.278221  0.087156 -0.996195 5792.582886  0 0 1
234 
-0.913545 0.406737 6275.410940  -0.406737 -0.913545 5889.892668  0 0 1
235 
0.207912 -0.978148 5973.401919  0.978148 0.207912 5509.305682  0 0 1
236 
0.034899 -0.999391 6655.190817  0.999391 0.034899 5533.030166  0 0 1
237 
0.258819 -0.965926 5195.485948  0.965926 0.258819 5535.235876  0 0 1
238 
-0.981627 0.190809 5374.960491  -0.190809 -0.981627 5831.786545  0 0 1
239 
-0.981627 0.190809 5757.766549  -0.190809 -0.981627 5806.045010  0 0 1
240 
-0.866025 -0.500000 7089.193716  0.500000 -0.866025 5699.917029  0 0 1
241 
-0.173648 0.984808 6620.539289  -0.984808 -0.173648 5742.820927  0 0 1
242 
0.933580 -0.358368 6691.095310  0.358368 0.933580 5526.000701  0 0 1
243 
-0.034899 0.999391 4772.388669  -0.999391 -0.034899 5822.874269  0 0 1
244 
-0.422618 -0.906308 3943.126010  0.906308 -0.422618 5618.469085  0 0 1
245 
0.970296 -0.241922 3492.996433  0.241922 0.970296 5544.809360  0 0 1
246 
0.390731 -0.920505 4199.193918  0.920505 0.390731 5513.140950  0 0 1
247 
-0.838671 0.544639 3964.384441  -0.544639 -0.838671 5895.348520  0 0 1
248 
0.996195 0.087156 4273.983927  -0.087156 0.996195 5599.166081  0 0 1
249 
-0.999848 -0.017452 5424.825199  0.017452 -0.999848 5802.092051  0 0 1
250 
0.156434 -0.987688 4803.907999  0.987688 0.156434 5574.739474  0 0 1
251 
-0.990268 -0.139173 4391.009472  0.139173 -0.990268 5774.915340  0 0 1
252 
-0.987688 0.156434 6866.283888  -0.156434 -0.987688 6045.366247  0 0 1
253 
-0.258819 0.965926 6633.828618  -0.965926 -0.258819 6056.770811  0 0 1
254 
-0.866025 -0.500000 6796.788504  0.500000 -0.866025 5937.473938  0 0 1
255 
-0.965926 -0.258819 7085.244169  0.258819 -0.965926 5973.465130  0 0 1
256 
0.292372 -0.956305 6303.953955  0.956305 0.292372 5658.374371  0 0 1
257 
-0.358368 0.933580 4827.601498  -0.933580 -0.358368 6049.460858  0 0 1
258 
0.017452 -0.999848 4281.478490  0.999848 0.017452 5740.352059  0 0 1
259 
0.374607 -0.927184 5753.988520  0.927184 0.374607 5720.369892  0 0 1
260 
-0.438371 0.898794 5952.708084  -0.898794 -0.438371 6023.774683  0 0 1
261 
-0.857167 -0.515038 3787.066335  0.515038 -0.857167 5924.639374  0 0 1
262 
-0.848048 -0.529919 6067.327852  0.529919 -0.848048 5902.432235  0 0 1
263 
-0.500000 0.866025 4266.773227  -0.866025 -0.500000 6018.097424  0 0 1
264 
0.866025 -0.500000 4370.376178  0.500000 0.866025 5619.863673  0 0 1
265 
0.743145 0.669131 4520.276368  -0.669131 0.743145 5841.099990  0 0 1
266 
0.719340 0.694658 4992.056064  -0.694658 0.719340 5856.094175  0 0 1
267 
-0.358368 0.933580 5354.705724  -0.933580 -0.358368 5980.537430  0 0 1
268 
0.325568 -0.945519 5669.573900  0.945519 0.325568 5669.130508  0 0 1
269 
0.906308 -0.422618 3685.914874  0.422618 0.906308 5693.213198  0 0 1
270 
-0.601815 -0.798636 5468.112021  0.798636 -0.601815 5828.357612  0 0 1
271 
0.559193 0.829038 3718.221390  -0.829038 0.559193 5929.854564  0 0 1
272 
0.933580 -0.358368 4839.095892  0.358368 0.933580 5810.777665  0 0 1
273 
-0.156434 0.987688 5057.821895  -0.987688 -0.156434 6181.634456  0 0 1
274 
-0.961262 -0.275637 5434.939946  0.275637 -0.961262 6126.064325  0 0 1
275 
0.529919 0.848048 4533.656145  -0.848048 0.529919 6070.424489  0 0 1
276 
0.694658 -0.719340 5374.036498  0.719340 0.694658 5899.048363  0 0 1
277 
-0.990268 0.139173 4644.766651  -0.139173 -0.990268 6200.209494  0 0 1
278 
0.390731 0.920505 3410.450950  -0.920505 0.390731 6107.791581  0 0 1
279 
0.121869 0.992546 5344.286885  -0.992546 0.121869 6136.501007  0 0 1
280 
-0.945519 0.325568 5934.278248  -0.325568 -0.945519 6195.007889  0 0 1
281 
0.515038 -0.857167 3969.456900  0.857167 0.515038 5850.079374  0 0 1
282 
-0.052336 -0.998630 5755.391845  0.998630 -0.052336 5940.043573  0 0 1
283 
-0.500000 0.866025 5952.416699  -0.866025 -0.500000 6159.376232  0 0 1
284 
-0.891007 -0.453990 3898.525902  0.453990 -0.891007 6099.451186  0 0 1
285 
0.374607 0.927184 3948.417392  -0.927184 0.374607 6109.221028  0 0 1
286 
0.241922 -0.970296 6286.112652  0.970296 0.241922 5877.882285  0 0 1
287 
-0.933580 0.358368 4330.131449  -0.358368 -0.933580 6165.114468  0 0 1
288 
0.224951 0.974370 6800.172813  -0.974370 0.224951 6113.023632  0 0 1
289 
-0.573576 0.819152 6397.728748  -0.819152 -0.573576 6309.883749  0 0 1
290 
-0.069756 0.997564 6713.057844  -0.997564 -0.069756 6146.450133  0 0 1
291 
-0.422618 -0.906308 6807.832405  0.906308 -0.422618 6017.486132  0 0 1
292 
0.034899 -0.999391 6695.533929  0.999391 0.034899 6048.134272  0 0 1
293 
-0.997564 -0.069756 7041.747316  0.069756 -0.997564 6418.852632  0 0 1
294 
0.052336 -0.998630 5966.233362  0.998630 0.052336 6061.487207  0 0 1
295 
-0.906308 -0.422618 6405.343636  0.422618 -0.906308 6349.789347  0 0 1
296 
-0.500000 0.866025 5494.820423  -0.866025 -0.500000 6475.910960  0 0 1
297 
0.891007 0.453990 5819.061323  -0.453990 0.891007 6149.171322  0 0 1
298 
-0.978148 0.207912 6878.842944  -0.207912 -0.978148 6444.247452  0 0 1
299 
-0.766044 -0.642788 6909.840630  0.642788 -0.766044 6294.891710  0 0 1
300 
0.500000 -0.866025 4573.669021  0.866025 0.500000 5964.145973  0 0 1
301 
0.809017 -0.587785 4682.812418  0.587785 0.809017 6013.767947  0 0 1
302 
-0.819152 0.573576 3660.322089  -0.573576 -0.819152 6436.340296  0 0 1
303 
0.838671 -0.544639 4873.665433  0.544639 0.838671 5971.856821  0 0 1
304 
0.913545 0.406737 5063.759548  -0.406737 0.913545 6170.298094  0 0 1
305 
-0.898794 -0.438371 4380.996833  0.438371 -0.898794 6285.345161  0 0 1
306 
-0.965926 0.258819 3831.445418  -0.258819 -0.965926 6363.010084  0 0 1
307 
0.997564 0.069756 5330.410088  -0.069756 0.997564 6106.377851  0 0 1
308 
0.139173 -0.990268 4054.537447  0.990268 0.139173 6070.793817  0 0 1
309 
0.965926 0.258819 4187.555935  -0.258819 0.965926 6130.380022  0 0 1
310 
-0.629320 0.777146 5097.949966  -0.777146 -0.629320 6416.597168  0 0 1
311 
-0.809017 0.587785 3656.671904  -0.587785 -0.809017 6620.461466  0 0 1
312 
-0.939693 -0.342020 4129.695131  0.342020 -0.939693 6489.486468  0 0 1
313 
-0.034899 -0.999391 3852.681429  0.999391 -0.034899 6297.879291  0 0 1
314 
0.104528 -0.994522 4283.483583  0.994522 0.104528 6275.926326  0 0 1
315 
0.587785 -0.809017 4965.409196  0.809017 0.587785 6174.413187  0 0 1
316 
-0.258819 -0.965926 4353.200906  0.965926 -0.258819 6325.994985  0 0 1
317 
-0.951057 0.309017 5932.600767  -0.309017 -0.951057 6538.616854  0 0 1
318 
0.601815 0.798636 5349.442392  -0.798636 0.601815 6436.394364  0 0 1
319 
0.719340 0.694658 4530.893831  -0.694658 0.719340 6422.434640  0 0 1
320 
0.866025 0.500000 4195.935147  -0.500000 0.866025 6388.626376  0 0 1
321 
0.996195 0.087156 5113.254159  -0.087156 0.996195 6323.746149  0 0 1
322 
0.422618 0.906308 4984.696916  -0.906308 0.422618 6467.507153  0 0 1
323 
0.601815 -0.798636 5420.743232  0.798636 0.601815 6283.674999  0 0 1
324 
0.945519 0.325568 6241.290600  -0.325568 0.945519 6374.586919  0 0 1
325 
-0.906308 -0.422618 6072.467989  0.422618 -0.906308 6438.702599  0 0 1
326 
0.951057 0.309017 5968.394027  -0.309017 0.951057 6345.076173  0 0 1
327 
-0.939693 0.342020 6764.295444  -0.342020 -0.939693 6483.882501  0 0 1
328 
-0.956305 0.292372 6865.176948  -0.292372 -0.956305 6479.686135  0 0 1
329 
0.438371 0.898794 6750.301167  -0.898794 0.438371 6600.383500  0 0 1
330 
-0.788011 0.615661 6530.499013  -0.615661 -0.788011 6852.686633  0 0 1
331 
-0.898794 0.438371 6751.263677  -0.438371 -0.898794 6697.430040  0 0 1
332 
-0.866025 -0.500000 6970.967150  0.500000 -0.866025 6568.873308  0 0 1
333 
0.615661 -0.788011 6190.056661  0.788011 0.615661 6281.910466  0 0 1
334 
0.559193 -0.829038 6003.126552  0.829038 0.559193 6381.169083  0 0 1
335 
-0.992546 -0.121869 5988.057943  0.121869 -0.992546 6672.501131  0 0 1
336 
0.601815 0.798636 5316.377826  -0.798636 0.601815 6594.675199  0 0 1
337 
-0.996195 -0.087156 5477.340017  0.087156 -0.996195 6669.298001  0 0 1
338 
0.017452 -0.999848 4301.154481  0.999848 0.017452 6457.800550  0 0 1
339 
-0.798636 0.601815 4990.139878  -0.601815 -0.798636 6790.021061  0 0 1
340 
-0.358368 0.933580 5169.070104  -0.933580 -0.358368 6745.079258  0 0 1
341 
-0.965926 0.258819 3743.417945  -0.258819 -0.965926 6739.073430  0 0 1
342 
0.898794 -0.438371 3736.705620  0.438371 0.898794 6429.016873  0 0 1
343 
-0.707107 0.707107 5119.973916  -0.707107 -0.707107 6710.972440  0 0 1
344 
0.999391 0.034899 3786.305487  -0.034899 0.999391 6467.910790  0 0 1
345 
-0.838671 0.544639 4736.448244  -0.544639 -0.838671 6703.155536  0 0 1
346 
0.069756 0.997564 4254.831201  -0.997564 0.069756 6634.379015  0 0 1
347 
-0.358368 -0.933580 4855.414826  0.933580 -0.358368 6612.328070  0 0 1
348 
0.920505 0.390731 4691.230815  -0.390731 0.920505 6620.805439  0 0 1
349 
-0.069756 -0.997564 4715.546568  0.997564 -0.069756 6604.222498  0 0 1
350 
0.951057 0.309017 3975.516080  -0.309017 0.951057 6636.678913  0 0 1
351 
-0.390731 0.920505 6738.121425  -0.920505 -0.390731 6897.699497  0 0 1
352 
-0.069756 0.997564 6808.624506  -0.997564 -0.069756 6869.500926  0 0 1
353 
0.798636 -0.601815 6414.318948  0.601815 0.798636 6418.216362  0 0 1
354 
0.978148 0.207912 5995.056131  -0.207912 0.978148 6634.011489  0 0 1
355 
0.241922 0.970296 3434.647733  -0.970296 0.241922 6832.885619  0 0 1
356 
-0.798636 0.601815 6035.997583  -0.601815 -0.798636 6893.371832  0 0 1
357 
0.945519 0.325568 6586.346823  -0.325568 0.945519 6646.855327  0 0 1
358 
-0.342020 -0.939693 4147.543752  0.939693 -0.342020 6653.012484  0 0 1
359 
0.374607 0.927184 4998.320155  -0.927184 0.374607 6788.321918  0 0 1
360 
0.999848 -0.017452 5736.086998  0.017452 0.999848 6619.906029  0 0 1
361 
-0.933580 0.358368 3817.924748  -0.358368 -0.933580 6874.233382  0 0 1
362 
-0.999391 0.034899 5782.440170  -0.034899 -0.999391 6871.229221  0 0 1
363 
0.848048 -0.529919 5206.945858  0.529919 0.848048 6539.937722  0 0 1
364 
-0.615661 0.788011 5374.295931  -0.788011 -0.615661 6884.633659  0 0 1
365 
-0.500000 0.866025 4833.204152  -0.866025 -0.500000 7161.469070  0 0 1
366 
-0.829038 0.559193 4744.848535  -0.559193 -0.829038 7060.099255  0 0 1
367 
-0.484810 0.874620 4347.657895  -0.874620 -0.484810 7211.175930  0 0 1
368 
0.529919 -0.848048 5152.374605  0.848048 0.529919 6727.534104  0 0 1
369 
0.374607 0.927184 6171.854376  -0.927184 0.374607 6979.713758  0 0 1
370 
-0.258819 0.965926 5165.952849  -0.965926 -0.258819 7071.281462  0 0 1
371 
0.358368 -0.933580 6256.563639  0.933580 0.358368 6727.327599  0 0 1
372 
-0.309017 0.951057 3817.700018  -0.951057 -0.309017 7099.664006  0 0 1
373 
0.974370 0.224951 5933.556439  -0.224951 0.974370 6795.247878  0 0 1
374 
-0.292372 -0.956305 6079.893065  0.956305 -0.292372 6827.217580  0 0 1
375 
0.766044 0.642788 5307.663334  -0.642788 0.766044 6891.986758  0 0 1
376 
0.984808 0.173648 4010.811523  -0.173648 0.984808 6819.135950  0 0 1
377 
0.374607 0.927184 6744.410008  -0.927184 0.374607 6985.643300  0 0 1
378 
-0.629320 0.777146 3598.665927  -0.777146 -0.629320 7152.127376  0 0 1
379 
0.500000 0.866025 3661.190147  -0.866025 0.500000 6966.267326  0 0 1
380 
0.891007 0.453990 5269.065374  -0.453990 0.891007 6863.878667  0 0 1
381 
0.453990 0.891007 6573.315783  -0.891007 0.453990 6976.483154  0 0 1
382 
0.891007 -0.453990 6753.368231  0.453990 0.891007 6779.331598  0 0 1
