1 
1 0 1827.774487  0 1 1827.539500  0 0 1
2 
-0.190809 0.981627 1964.743696  -0.981627 -0.190809 2059.139613  0 0 1
3 
-0.453990 -0.891007 2346.869085  0.891007 -0.453990 1867.023963  0 0 1
4 
0.994522 0.104528 2225.872473  -0.104528 0.994522 1832.412506  0 0 1
5 
0.719340 -0.694658 2477.153867  0.694658 0.719340 1747.211315  0 0 1
6 
-0.927184 -0.374607 2752.629681  0.374607 -0.927184 1955.650054  0 0 1
7 
-0.258819 -0.965926 2866.296875  0.965926 -0.258819 1838.468127  0 0 1
8 
0.997564 -0.069756 2803.128764  0.069756 0.997564 1816.692199  0 0 1
9 
-0.996195 -0.087156 3147.105103  0.087156 -0.996195 1942.605000  0 0 1
10 
0.965926 0.258819 3077.150740  -0.258819 0.965926 1836.773244  0 0 1
11 
-0.920505 -0.390731 3262.838231  0.390731 -0.920505 2205.967123  0 0 1
12 
0.469472 0.882948 2957.721370  -0.882948 0.469472 2180.442037  0 0 1
13 
0.819152 0.573576 2649.668793  -0.573576 0.819152 2040.009565  0 0 1
14 
-0.669131 0.743145 2750.554499  -0.743145 -0.669131 2336.310566  0 0 1
15 
-0.874620 -0.484810 2821.059548  0.484810 -0.874620 2162.793300  0 0 1
16 
0.707107 -0.707107 2491.092861  0.707107 0.707107 1885.082915  0 0 1
17 
0.173648 0.984808 2202.137686  -0.984808 0.173648 2215.645783  0 0 1
18 
0.766044 -0.642788 2187.503903  0.642788 0.766044 1902.794513  0 0 1
19 
0.838671 -0.544639 2025.016679  0.544639 0.838671 1915.846464  0 0 1
20 
0.438371 0.898794 1751.237674  -0.898794 0.438371 2185.242274  0 0 1
21 
0.857167 0.515038 2435.294202  -0.515038 0.857167 2244.483026  0 0 1
22 
-0.766044 0.642788 2498.071100  -0.642788 -0.766044 2472.696630  0 0 1
23 
-0.848048 0.529919 2089.472267  -0.529919 -0.848048 2484.842048  0 0 1
24 
-0.707107 -0.707107 2117.866750  0.707107 -0.707107 2326.109514  0 0 1
25 
-0.615661 -0.788011 2396.689980  0.788011 -0.615661 2273.181534  0 0 1
26 
0.615661 0.788011 2156.695050  -0.788011 0.615661 2339.150097  0 0 1
27 
0.544639 -0.838671 2772.071543  0.838671 0.544639 2138.374455  0 0 1
28 
0.438371 0.898794 3031.809443  -0.898794 0.438371 2382.682101  0 0 1
29 
0.857167 -0.515038 3006.974059  0.515038 0.857167 2153.920553  0 0 1
30 
0.766044 0.642788 2710.994388  -0.642788 0.766044 2314.745172  0 0 1
31 
-0.974370 -0.224951 2608.022181  0.224951 -0.974370 2577.841195  0 0 1
32 
-0.484810 -0.874620 2530.205572  0.874620 -0.484810 2421.369331  0 0 1
33 
-0.743145 0.669131 2616.939491  -0.669131 -0.743145 2682.995727  0 0 1
34 
-0.694658 0.719340 1920.814296  -0.719340 -0.694658 2698.172733  0 0 1
35 
0.629320 0.777146 2558.240785  -0.777146 0.629320 2506.294268  0 0 1
36 
0.292372 -0.956305 2272.345146  0.956305 0.292372 2339.508137  0 0 1
37 
-0.933580 0.358368 2985.190427  -0.358368 -0.933580 2659.631586  0 0 1
38 
0.406737 0.913545 1911.248688  -0.913545 0.406737 2574.171714  0 0 1
39 
-0.997564 -0.069756 3173.316280  0.069756 -0.997564 2599.632008  0 0 1
40 
0.992546 -0.121869 3119.702593  0.121869 0.992546 2380.002072  0 0 1
41 
0.587785 0.809017 2150.248174  -0.809017 0.587785 2718.850617  0 0 1
42 
0.469472 -0.882948 2509.019927  0.882948 0.469472 2497.517683  0 0 1
43 
0.766044 -0.642788 3051.026036  0.642788 0.766044 2475.532930  0 0 1
44 
0.743145 -0.669131 2205.330751  0.669131 0.743145 2477.990599  0 0 1
45 
0.819152 0.573576 2682.082091  -0.573576 0.819152 2656.358545  0 0 1
46 
0.484810 0.874620 2401.434921  -0.874620 0.484810 2764.008268  0 0 1
47 
-0.945519 -0.325568 2932.706565  0.325568 -0.945519 2824.649979  0 0 1
48 
0.829038 0.559193 3000.549474  -0.559193 0.829038 2655.146172  0 0 1
49 
-0.788011 0.615661 2093.397189  -0.615661 -0.788011 2886.595997  0 0 1
50 
-0.933580 -0.358368 2094.423980  0.358368 -0.933580 2778.095561  0 0 1
51 
-0.974370 -0.224951 2067.517984  0.224951 -0.974370 2981.617181  0 0 1
52 
0.984808 -0.173648 2131.577296  0.173648 0.984808 2742.941928  0 0 1
53 
0.453990 -0.891007 2122.517388  0.891007 0.453990 2709.027624  0 0 1
54 
-0.669131 -0.743145 2515.253299  0.743145 -0.669131 2860.633052  0 0 1
55 
-0.500000 -0.866025 2761.342363  0.866025 -0.500000 2841.336414  0 0 1
56 
0.978148 -0.207912 2420.596811  0.207912 0.978148 2772.814759  0 0 1
57 
-0.438371 -0.898794 2875.247439  0.898794 -0.438371 2835.478208  0 0 1
58 
0.139173 -0.990268 3007.784045  0.990268 0.139173 2791.931061  0 0 1
59 
0.422618 -0.906308 3245.149726  0.906308 0.422618 2788.129651  0 0 1
60 
-0.990268 -0.139173 3183.856790  0.139173 -0.990268 2908.818705  0 0 1
61 
0.694658 0.719340 2680.681019  -0.719340 0.694658 3014.691309  0 0 1
62 
0.515038 -0.857167 3108.970106  0.857167 0.515038 2801.341361  0 0 1
63 
0.999848 -0.017452 3115.438216  0.017452 0.999848 2866.632764  0 0 1
64 
0.390731 0.920505 2591.918241  -0.920505 0.390731 3107.350103  0 0 1
65 
0.275637 -0.961262 2696.201919  0.961262 0.275637 2862.334114  0 0 1
66 
0.990268 0.139173 2352.877684  -0.139173 0.990268 2922.466833  0 0 1
67 
0.992546 -0.121869 2255.922510  0.121869 0.992546 2896.492063  0 0 1
68 
-0.999391 -0.034899 2042.025398  0.034899 -0.999391 3161.169904  0 0 1
69 
-0.406737 -0.913545 2207.504145  0.913545 -0.406737 2975.024776  0 0 1
70 
-0.978148 0.207912 2287.455205  -0.207912 -0.978148 3163.960637  0 0 1
71 
0.309017 0.951057 1918.151279  -0.951057 0.309017 3330.050926  0 0 1
72 
-0.920505 0.390731 2267.102091  -0.390731 -0.920505 3407.405347  0 0 1
73 
-0.390731 -0.920505 3343.392718  0.920505 -0.390731 3134.039239  0 0 1
74 
0.342020 -0.939693 3139.651691  0.939693 0.342020 3063.024383  0 0 1
75 
-0.996195 -0.087156 2046.857252  0.087156 -0.996195 3352.175761  0 0 1
76 
-0.766044 0.642788 2772.143568  -0.642788 -0.766044 3467.232294  0 0 1
77 
0.453990 -0.891007 2386.003914  0.891007 0.453990 3056.721850  0 0 1
78 
0.390731 0.920505 2449.507194  -0.920505 0.390731 3333.650238  0 0 1
79 
-0.438371 0.898794 2870.105285  -0.898794 -0.438371 3415.902687  0 0 1
80 
-0.342020 -0.939693 2648.976706  0.939693 -0.342020 3150.461002  0 0 1
81 
-0.987688 0.156434 3262.503915  -0.156434 -0.987688 3570.762616  0 0 1
82 
-0.707107 -0.707107 2372.192688  0.707107 -0.707107 3403.741486  0 0 1
83 
0.766044 0.642788 2878.007339  -0.642788 0.766044 3400.300982  0 0 1
84 
0.906308 0.422618 1749.885228  -0.422618 0.906308 3349.583945  0 0 1
85 
0.939693 0.342020 2780.263286  -0.342020 0.939693 3344.236721  0 0 1
86 
0.104528 -0.994522 2156.391424  0.994522 0.104528 3296.665833  0 0 1
87 
0.325568 0.945519 2203.063534  -0.945519 0.325568 3488.045904  0 0 1
88 
-0.719340 -0.694658 2647.986070  0.694658 -0.719340 3426.331477  0 0 1
89 
0.777146 0.629320 2566.061222  -0.629320 0.777146 3409.702079  0 0 1
90 
0.906308 0.422618 2468.310505  -0.422618 0.906308 3373.804586  0 0 1
91 
0.754710 0.656059 1994.081302  -0.656059 0.754710 3601.870701  0 0 1
92 
-0.874620 0.484810 2392.463583  -0.484810 -0.874620 3795.438191  0 0 1
93 
-0.920505 -0.390731 2642.453653  0.390731 -0.920505 3671.227360  0 0 1
94 
-0.933580 0.358368 2842.467090  -0.358368 -0.933580 3779.166097  0 0 1
95 
-0.469472 0.882948 2559.826516  -0.882948 -0.469472 3781.664063  0 0 1
96 
-0.422618 0.906308 2868.780241  -0.906308 -0.422618 3776.940369  0 0 1
97 
0.994522 0.104528 2955.920141  -0.104528 0.994522 3486.486022  0 0 1
98 
-0.707107 -0.707107 2234.912077  0.707107 -0.707107 3590.132348  0 0 1
99 
-0.965926 -0.258819 2076.316454  0.258819 -0.965926 3694.027367  0 0 1
100 
0.731354 0.681998 3059.144876  -0.681998 0.731354 3609.408927  0 0 1
