1 
1 0 3480.051761  0 1 3479.844180  0 0 1
2 
0.788011 0.615661 3565.198899  -0.615661 0.788011 3560.853791  0 0 1
3 
0.719340 -0.694658 3928.320582  0.694658 0.719340 3391.230314  0 0 1
4 
0.173648 0.984808 3961.934951  -0.984808 0.173648 3666.413445  0 0 1
5 
0.829038 -0.559193 4252.366720  0.559193 0.829038 3393.117067  0 0 1
6 
0.629320 -0.777146 4483.145101  0.777146 0.629320 3387.954006  0 0 1
7 
-0.882948 0.469472 4673.267826  -0.469472 -0.882948 3727.668430  0 0 1
8 
-0.275637 -0.961262 4950.806404  0.961262 -0.275637 3496.249288  0 0 1
9 
0.987688 -0.156434 4880.094145  0.156434 0.987688 3449.166516  0 0 1
10 
0.309017 -0.951057 5240.114519  0.951057 0.309017 3425.220233  0 0 1
11 
-0.629320 0.777146 5293.314974  -0.777146 -0.629320 3722.740169  0 0 1
12 
0.139173 -0.990268 5611.577672  0.990268 0.139173 3453.787316  0 0 1
13 
-0.390731 0.920505 5620.974304  -0.920505 -0.390731 3717.097837  0 0 1
14 
0.987688 -0.156434 5767.708687  0.156434 0.987688 3450.173593  0 0 1
15 
0.275637 -0.961262 6134.738460  0.961262 0.275637 3427.397207  0 0 1
16 
-0.275637 -0.961262 6357.850228  0.961262 -0.275637 3496.003749  0 0 1
17 
0.358368 0.933580 6233.162918  -0.933580 0.358368 3614.042179  0 0 1
18 
0.906308 0.422618 6407.375295  -0.422618 0.906308 3510.181736  0 0 1
19 
0.052336 -0.998630 6852.338453  0.998630 0.052336 3469.501556  0 0 1
20 
-0.766044 0.642788 6921.499789  -0.642788 -0.766044 3741.482345  0 0 1
21 
0.788011 -0.615661 5474.509439  0.615661 0.788011 3486.618319  0 0 1
22 
-0.642788 0.766044 5316.122543  -0.766044 -0.642788 4012.965772  0 0 1
23 
0.615661 -0.788011 5709.134873  0.788011 0.615661 3492.105719  0 0 1
24 
0.898794 0.438371 4916.373813  -0.438371 0.898794 3669.990204  0 0 1
25 
0.719340 0.694658 4559.622755  -0.694658 0.719340 3741.032478  0 0 1
26 
-0.309017 -0.951057 5175.905621  0.951057 -0.309017 3617.041424  0 0 1
27 
-0.777146 -0.629320 6605.357316  0.629320 -0.777146 3746.923135  0 0 1
28 
-0.829038 -0.559193 6438.044525  0.559193 -0.829038 3786.044253  0 0 1
29 
0.694658 -0.719340 6932.315281  0.719340 0.694658 3521.681842  0 0 1
30 
-0.866025 0.500000 5918.260639  -0.500000 -0.866025 4008.583122  0 0 1
31 
0.052336 0.998630 6454.366622  -0.998630 0.052336 3843.420277  0 0 1
32 
-0.898794 -0.438371 4831.495499  0.438371 -0.898794 3845.315302  0 0 1
33 
-0.224951 0.974370 6645.060648  -0.974370 -0.224951 3873.831019  0 0 1
34 
0.994522 -0.104528 5946.050740  0.104528 0.994522 3606.494816  0 0 1
35 
-0.996195 -0.087156 4598.164461  0.087156 -0.996195 3903.203896  0 0 1
36 
0.891007 -0.453990 3687.120931  0.453990 0.891007 3568.218092  0 0 1
37 
0.052336 -0.998630 4033.374600  0.998630 0.052336 3628.600397  0 0 1
38 
-0.788011 0.615661 4157.733005  -0.615661 -0.788011 4005.128534  0 0 1
39 
-0.984808 -0.173648 3722.473273  0.173648 -0.984808 3872.615201  0 0 1
40 
-0.913545 0.406737 4360.076952  -0.406737 -0.913545 3969.630877  0 0 1
41 
-0.484810 0.874620 6904.213156  -0.874620 -0.484810 4016.653484  0 0 1
42 
0.927184 -0.374607 6677.925660  0.374607 0.927184 3723.555516  0 0 1
43 
-0.731354 -0.681998 6732.823069  0.681998 -0.731354 3886.790669  0 0 1
44 
-0.156434 0.987688 6283.435641  -0.987688 -0.156434 3959.783080  0 0 1
45 
0.601815 0.798636 3541.028929  -0.798636 0.601815 3976.706890  0 0 1
46 
0.829038 0.559193 6070.829306  -0.559193 0.829038 3883.969932  0 0 1
47 
0.874620 -0.484810 3522.068971  0.484810 0.874620 3772.579591  0 0 1
48 
0.707107 0.707107 3733.055897  -0.707107 0.707107 3932.011219  0 0 1
49 
0.390731 -0.920505 4190.058477  0.920505 0.390731 3759.111867  0 0 1
50 
0.190809 0.981627 4514.199132  -0.981627 0.190809 4013.856605  0 0 1
51 
0.798636 -0.601815 4277.866825  0.601815 0.798636 3784.838933  0 0 1
52 
0.469472 0.882948 4648.067119  -0.882948 0.469472 3972.978228  0 0 1
53 
0.156434 0.987688 4332.171569  -0.987688 0.156434 4019.709382  0 0 1
54 
0.999391 0.034899 5593.542003  -0.034899 0.999391 3879.991642  0 0 1
55 
-0.999848 0.017452 6124.411820  -0.017452 -0.999848 4350.527378  0 0 1
56 
0.374607 -0.927184 6274.643674  0.927184 0.374607 3809.423395  0 0 1
57 
-0.422618 -0.906308 7094.034623  0.906308 -0.422618 3997.481724  0 0 1
58 
0.258819 -0.965926 6658.694583  0.965926 0.258819 3836.736091  0 0 1
59 
0.173648 -0.984808 5078.921042  0.984808 0.173648 3860.486202  0 0 1
60 
-0.707107 0.707107 5877.760799  -0.707107 -0.707107 4422.543495  0 0 1
61 
-0.777146 -0.629320 6684.725567  0.629320 -0.777146 4171.012759  0 0 1
62 
0.965926 -0.258819 6856.976698  0.258819 0.965926 3882.273118  0 0 1
63 
-0.974370 -0.224951 5297.669699  0.224951 -0.974370 3968.928477  0 0 1
64 
0.974370 0.224951 5297.870864  -0.224951 0.974370 3937.197782  0 0 1
65 
-0.961262 -0.275637 5902.593763  0.275637 -0.961262 4282.473722  0 0 1
66 
-0.438371 -0.898794 5532.036536  0.898794 -0.438371 3983.329468  0 0 1
67 
-0.866025 0.500000 5231.263875  -0.500000 -0.866025 4341.055721  0 0 1
68 
-0.927184 -0.374607 4993.976869  0.374607 -0.927184 4200.296259  0 0 1
69 
0.754710 -0.656059 4964.811228  0.656059 0.754710 3869.072189  0 0 1
70 
0.731354 -0.681998 4295.254625  0.681998 0.731354 3909.568104  0 0 1
71 
0.422618 0.906308 4451.301813  -0.906308 0.422618 4203.127582  0 0 1
72 
0.484810 -0.874620 4529.332058  0.874620 0.484810 3895.671781  0 0 1
73 
0.707107 0.707107 3865.941308  -0.707107 0.707107 4123.356569  0 0 1
74 
-0.999848 0.017452 4025.913192  -0.017452 -0.999848 4255.307899  0 0 1
75 
0.559193 0.829038 3398.527037  -0.829038 0.559193 4152.882005  0 0 1
76 
0.961262 -0.275637 3667.379619  0.275637 0.961262 3966.812347  0 0 1
77 
-0.933580 -0.358368 3762.518469  0.358368 -0.933580 4386.846716  0 0 1
78 
0.422618 0.906308 4287.737201  -0.906308 0.422618 4346.310371  0 0 1
79 
-0.961262 0.275637 3912.777304  -0.275637 -0.961262 4485.847110  0 0 1
80 
0.874620 0.484810 4137.387510  -0.484810 0.874620 4254.923101  0 0 1
81 
-0.325568 -0.945519 4310.212101  0.945519 -0.325568 4223.900839  0 0 1
82 
-0.573576 -0.819152 5179.075362  0.819152 -0.573576 4277.427385  0 0 1
83 
0.342020 -0.939693 4704.207310  0.939693 0.342020 4135.619691  0 0 1
84 
-0.939693 0.342020 5277.569114  -0.342020 -0.939693 4502.899729  0 0 1
85 
0 -1 4027.161865  1 0 4201.164307  0 0 1
86 
0.275637 -0.961262 4890.924744  0.961262 0.275637 4164.710059  0 0 1
87 
0.999848 0.017452 5254.133994  -0.017452 0.999848 4206.445437  0 0 1
88 
-0.406737 0.913545 5416.670802  -0.913545 -0.406737 4500.538360  0 0 1
89 
-0.906308 -0.422618 5830.734927  0.422618 -0.906308 4381.696428  0 0 1
90 
-0.309017 0.951057 5776.471932  -0.951057 -0.309017 4485.011899  0 0 1
91 
-0.406737 -0.913545 6554.950741  0.913545 -0.406737 4334.803828  0 0 1
92 
0.156434 -0.987688 6301.489160  0.987688 0.156434 4270.262664  0 0 1
93 
-0.798636 0.601815 6051.376268  -0.601815 -0.798636 4516.656519  0 0 1
94 
0.997564 0.069756 6440.865634  -0.069756 0.997564 4306.399771  0 0 1
95 
-0.642788 0.766044 6765.072966  -0.766044 -0.642788 4601.456716  0 0 1
96 
0.573576 -0.819152 5571.061634  0.819152 0.573576 4253.191224  0 0 1
97 
-0.374607 0.927184 4395.099584  -0.927184 -0.374607 4597.524168  0 0 1
98 
0.951057 -0.309017 4541.847294  0.309017 0.951057 4305.033455  0 0 1
99 
-0.891007 -0.453990 4463.766600  0.453990 -0.891007 4491.871197  0 0 1
100 
-0.544639 -0.838671 3766.100907  0.838671 -0.544639 4432.103260  0 0 1
101 
0.956305 0.292372 3927.510354  -0.292372 0.956305 4397.705518  0 0 1
102 
0.017452 -0.999848 7018.406068  0.999848 0.017452 4360.374481  0 0 1
103 
-0.190809 -0.981627 4943.264669  0.981627 -0.190809 4384.145071  0 0 1
104 
-0.996195 0.087156 3920.106586  -0.087156 -0.996195 4587.489343  0 0 1
105 
-0.601815 0.798636 5329.369812  -0.798636 -0.601815 4528.544799  0 0 1
106 
-0.809017 -0.587785 6125.627559  0.587785 -0.809017 4629.719584  0 0 1
107 
0.996195 0.087156 5039.682592  -0.087156 0.996195 4387.252705  0 0 1
108 
0.981627 0.190809 5542.835380  -0.190809 0.981627 4398.263539  0 0 1
109 
0.139173 -0.990268 5079.655436  0.990268 0.139173 4351.259770  0 0 1
110 
-0.438371 -0.898794 4055.509437  0.898794 -0.438371 4413.141884  0 0 1
111 
-0.438371 0.898794 5438.247665  -0.898794 -0.438371 4839.770728  0 0 1
112 
-0.913545 -0.406737 6228.381933  0.406737 -0.913545 4700.436017  0 0 1
113 
-0.544639 0.838671 6151.473419  -0.838671 -0.544639 4839.258272  0 0 1
114 
-0.965926 0.258819 5410.318481  -0.258819 -0.965926 4778.637321  0 0 1
115 
-0.484810 -0.874620 6512.701977  0.874620 -0.484810 4459.104014  0 0 1
116 
0.484810 0.874620 4942.795971  -0.874620 0.484810 4656.350837  0 0 1
117 
-0.694658 -0.719340 5253.665690  0.719340 -0.694658 4605.062848  0 0 1
118 
0.981627 0.190809 6211.851652  -0.190809 0.981627 4449.650522  0 0 1
119 
0.874620 -0.484810 6514.547796  0.484810 0.874620 4374.037113  0 0 1
120 
0.992546 0.121869 6617.809788  -0.121869 0.992546 4475.889172  0 0 1
121 
0.406737 -0.913545 6994.073954  0.913545 0.406737 4428.301510  0 0 1
122 
0.656059 -0.754710 4661.384231  0.754710 0.656059 4395.405406  0 0 1
123 
0.874620 0.484810 4251.593239  -0.484810 0.874620 4562.103138  0 0 1
124 
0.981627 0.190809 4695.452825  -0.190809 0.981627 4485.702098  0 0 1
125 
-0.994522 -0.104528 4284.891748  0.104528 -0.994522 4746.837480  0 0 1
126 
0.544639 -0.838671 4347.046958  0.838671 0.544639 4421.822280  0 0 1
127 
-0.990268 0.139173 4003.091106  -0.139173 -0.990268 4770.665796  0 0 1
128 
-0.719340 -0.694658 4017.833426  0.694658 -0.719340 4629.063788  0 0 1
129 
-0.927184 0.374607 3643.906465  -0.374607 -0.927184 4808.421349  0 0 1
130 
-0.587785 -0.809017 3994.138637  0.809017 -0.587785 4788.298637  0 0 1
131 
-0.766044 -0.642788 4833.773102  0.642788 -0.766044 4763.852097  0 0 1
132 
-0.939693 0.342020 6270.854809  -0.342020 -0.939693 4915.592564  0 0 1
133 
-0.999391 0.034899 5653.365312  -0.034899 -0.999391 4833.517902  0 0 1
134 
0.656059 -0.754710 3598.958595  0.754710 0.656059 4616.670372  0 0 1
135 
0.629320 0.777146 5707.096436  -0.777146 0.629320 4776.458345  0 0 1
136 
0.766044 0.642788 5890.960088  -0.642788 0.766044 4759.416491  0 0 1
137 
0.642788 0.766044 4248.866581  -0.766044 0.642788 4826.689171  0 0 1
138 
0.998630 0.052336 5084.903584  -0.052336 0.998630 4704.334107  0 0 1
139 
0.999848 0.017452 5607.865408  -0.017452 0.999848 4701.718471  0 0 1
140 
-0.034899 0.999391 4229.882987  -0.999391 -0.034899 4905.149711  0 0 1
141 
0.999391 -0.034899 4742.168355  0.034899 0.999391 4700.316570  0 0 1
142 
0.453990 -0.891007 4207.473338  0.891007 0.453990 4609.831128  0 0 1
143 
0.121869 0.992546 5268.735595  -0.992546 0.121869 4810.507771  0 0 1
144 
-0.139173 -0.990268 5139.853355  0.990268 -0.139173 4711.698368  0 0 1
145 
-0.857167 -0.515038 6570.813520  0.515038 -0.857167 4826.064124  0 0 1
146 
-0.933580 0.358368 3986.813742  -0.358368 -0.933580 4945.989459  0 0 1
147 
-0.731354 0.681998 6583.407481  -0.681998 -0.731354 4956.029865  0 0 1
148 
0.121869 0.992546 6628.632591  -0.992546 0.121869 4872.967590  0 0 1
149 
0 1 6836.735840  -1 0 4902.440918  0 0 1
150 
-0.788011 0.615661 5360.766750  -0.615661 -0.788011 5181.080273  0 0 1
151 
-0.961262 0.275637 5119.041429  -0.275637 -0.961262 5169.721312  0 0 1
152 
0.719340 0.694658 4941.732671  -0.694658 0.719340 4927.184647  0 0 1
153 
-0.258819 0.965926 5398.460305  -0.965926 -0.258819 5156.722766  0 0 1
154 
-0.309017 0.951057 4746.705012  -0.951057 -0.309017 5142.813659  0 0 1
155 
-0.017452 -0.999848 5816.902918  0.999848 -0.017452 4779.049818  0 0 1
156 
-0.500000 -0.866025 4885.765635  0.866025 -0.500000 4852.170883  0 0 1
157 
0.970296 0.241922 5690.439738  -0.241922 0.970296 4806.641011  0 0 1
158 
-0.453990 0.891007 5978.486113  -0.891007 -0.453990 5198.972469  0 0 1
159 
0.970296 -0.241922 6276.887899  0.241922 0.970296 4771.140905  0 0 1
160 
0.224951 0.974370 6034.753697  -0.974370 0.224951 5095.653363  0 0 1
161 
0.990268 -0.139173 4332.424905  0.139173 0.990268 4787.262880  0 0 1
162 
0.406737 0.913545 6377.913415  -0.913545 0.406737 5067.805165  0 0 1
163 
0.990268 -0.139173 6646.962122  0.139173 0.990268 4811.198199  0 0 1
164 
0.933580 -0.358368 6868.045768  0.358368 0.933580 4790.497366  0 0 1
165 
-0.544639 -0.838671 4358.061096  0.838671 -0.544639 4910.953522  0 0 1
166 
-0.731354 0.681998 4291.530509  -0.681998 -0.731354 5114.851440  0 0 1
167 
-0.469472 -0.882948 3995.832284  0.882948 -0.469472 4921.021347  0 0 1
168 
0.190809 0.981627 3840.918719  -0.981627 0.190809 5068.687029  0 0 1
169 
0.933580 -0.358368 3503.160565  0.358368 0.933580 4833.371039  0 0 1
170 
0.927184 0.374607 4243.451821  -0.374607 0.927184 5053.667080  0 0 1
171 
0.190809 -0.981627 4353.821651  0.981627 0.190809 5005.947245  0 0 1
172 
0.913545 0.406737 3857.037643  -0.406737 0.913545 5076.902298  0 0 1
173 
-0.629320 0.777146 3925.423325  -0.777146 -0.629320 5302.445103  0 0 1
174 
0.358368 0.933580 4459.106322  -0.933580 0.358368 5221.473789  0 0 1
175 
0.992546 0.121869 3563.425111  -0.121869 0.992546 5061.671928  0 0 1
176 
0.325568 -0.945519 4873.660986  0.945519 0.325568 4996.328584  0 0 1
177 
-0.669131 0.743145 5185.454815  -0.743145 -0.669131 5293.850259  0 0 1
178 
0.669131 -0.743145 5699.835287  0.743145 0.669131 4961.883431  0 0 1
179 
-0.681998 -0.731354 6358.123857  0.731354 -0.681998 5138.449656  0 0 1
180 
-0.052336 0.998630 6246.069797  -0.998630 -0.052336 5255.391446  0 0 1
181 
-0.857167 0.515038 3588.670195  -0.515038 -0.857167 5329.278552  0 0 1
182 
-0.515038 0.857167 5281.064706  -0.857167 -0.515038 5298.857049  0 0 1
183 
-0.559193 0.829038 4950.414794  -0.829038 -0.559193 5344.813774  0 0 1
184 
0.469472 -0.882948 5911.525269  0.882948 0.469472 4984.415191  0 0 1
185 
-0.848048 -0.529919 5664.427298  0.529919 -0.848048 5163.358802  0 0 1
186 
0.390731 -0.920505 6116.816934  0.920505 0.390731 5007.357595  0 0 1
187 
0.933580 -0.358368 6516.794403  0.358368 0.933580 5039.197242  0 0 1
188 
0.951057 -0.309017 6682.805717  0.309017 0.951057 5056.760715  0 0 1
189 
0.920505 0.390731 6807.159939  -0.390731 0.920505 5127.750389  0 0 1
190 
-0.945519 0.325568 5756.108726  -0.325568 -0.945519 5535.755640  0 0 1
191 
0.997564 0.069756 4825.318230  -0.069756 0.997564 5175.363094  0 0 1
192 
-0.258819 0.965926 5359.689438  -0.965926 -0.258819 5512.661669  0 0 1
193 
-0.981627 0.190809 5986.736971  -0.190809 -0.981627 5498.792480  0 0 1
194 
0.515038 -0.857167 5221.053329  0.857167 0.515038 5122.568398  0 0 1
195 
0.719340 -0.694658 6202.948770  0.694658 0.719340 5109.529946  0 0 1
196 
-0.241922 0.970296 6292.889217  -0.970296 -0.241922 5542.420361  0 0 1
197 
-0.994522 0.104528 6142.770867  -0.104528 -0.994522 5468.894415  0 0 1
198 
0.961262 -0.275637 6697.432417  0.275637 0.961262 5141.299698  0 0 1
199 
-0.731354 0.681998 6932.569326  -0.681998 -0.731354 5534.103122  0 0 1
200 
0.920505 -0.390731 5263.350157  0.390731 0.920505 5127.463185  0 0 1
201 
0.719340 0.694658 4654.760002  -0.694658 0.719340 5305.677881  0 0 1
202 
-0.615661 -0.788011 6843.880529  0.788011 -0.615661 5314.948721  0 0 1
203 
-0.453990 0.891007 4611.942842  -0.891007 -0.453990 5538.731859  0 0 1
204 
-0.559193 -0.829038 4677.189191  0.829038 -0.559193 5299.959146  0 0 1
205 
-0.999848 0.017452 4375.224503  -0.017452 -0.999848 5426.489634  0 0 1
206 
0.241922 -0.970296 4265.466847  0.970296 0.241922 5154.837509  0 0 1
207 
-0.559193 -0.829038 3717.694981  0.829038 -0.559193 5309.876836  0 0 1
208 
0.342020 -0.939693 3967.387866  0.939693 0.342020 5225.967831  0 0 1
209 
-0.681998 0.731354 3752.493292  -0.731354 -0.681998 5610.504956  0 0 1
210 
0.978148 -0.207912 3958.204832  0.207912 0.978148 5302.757264  0 0 1
211 
0.766044 0.642788 4224.511064  -0.642788 0.766044 5470.788762  0 0 1
212 
0.390731 -0.920505 4331.114191  0.920505 0.390731 5350.413965  0 0 1
213 
0.798636 0.601815 3809.835888  -0.601815 0.798636 5482.319614  0 0 1
214 
-0.573576 0.819152 3693.827476  -0.819152 -0.573576 5771.189996  0 0 1
215 
-0.829038 0.559193 4740.117363  -0.559193 -0.829038 5745.431529  0 0 1
216 
-0.681998 -0.731354 6268.096468  0.731354 -0.681998 5513.516959  0 0 1
217 
-0.891007 -0.453990 6391.379553  0.453990 -0.891007 5600.542757  0 0 1
218 
-0.848048 0.529919 3591.133490  -0.529919 -0.848048 5682.033885  0 0 1
219 
-0.469472 -0.882948 6059.443707  0.882948 -0.469472 5447.769028  0 0 1
220 
0.777146 -0.629320 4815.097408  0.629320 0.777146 5366.837745  0 0 1
221 
-0.207912 -0.978148 5601.367056  0.978148 -0.207912 5420.837408  0 0 1
222 
-0.984808 0.173648 5121.583416  -0.173648 -0.984808 5675.719628  0 0 1
223 
0.241922 -0.970296 5271.329598  0.970296 0.241922 5377.919297  0 0 1
224 
-0.694658 -0.719340 5880.075468  0.719340 -0.694658 5518.327367  0 0 1
225 
-0.707107 -0.707107 7095.574917  0.707107 -0.707107 5502.749273  0 0 1
226 
0.190809 -0.981627 5385.875740  0.981627 0.190809 5401.625674  0 0 1
227 
-0.891007 0.453990 6845.111788  -0.453990 -0.891007 5692.375023  0 0 1
228 
0.891007 -0.453990 6315.334165  0.453990 0.891007 5343.478984  0 0 1
229 
-0.978148 -0.207912 6755.197181  0.207912 -0.978148 5613.202907  0 0 1
230 
0.642788 0.766044 6810.513519  -0.766044 0.642788 5628.467417  0 0 1
231 
0.241922 0.970296 6658.527277  -0.970296 0.241922 5719.104985  0 0 1
232 
0.453990 0.891007 3854.770407  -0.891007 0.453990 5737.976108  0 0 1
233 
-0.956305 -0.292372 3985.207153  0.292372 -0.956305 5751.686698  0 0 1
234 
-0.987688 0.156434 3960.193491  -0.156434 -0.987688 5783.605246  0 0 1
235 
-0.453990 0.891007 4628.891681  -0.891007 -0.453990 5846.456134  0 0 1
236 
0.945519 -0.325568 5117.208924  0.325568 0.945519 5530.179727  0 0 1
237 
-0.207912 -0.978148 5159.702869  0.978148 -0.207912 5583.848059  0 0 1
238 
-0.190809 -0.981627 5461.057975  0.981627 -0.190809 5600.041666  0 0 1
239 
-0.515038 -0.857167 6555.801539  0.857167 -0.515038 5623.159874  0 0 1
240 
0.629320 0.777146 4720.937295  -0.777146 0.629320 5686.082968  0 0 1
241 
-0.913545 -0.406737 4649.846283  0.406737 -0.913545 5725.692413  0 0 1
242 
0.974370 -0.224951 3486.502544  0.224951 0.974370 5569.841021  0 0 1
243 
-0.656059 0.754710 6589.868224  -0.754710 -0.656059 5836.050491  0 0 1
244 
0 1 5739.912109  -1 0 5764.512695  0 0 1
245 
0.857167 0.515038 5460.285984  -0.515038 0.857167 5648.201505  0 0 1
246 
0.559193 0.829038 5318.516972  -0.829038 0.559193 5685.039192  0 0 1
247 
-0.994522 0.104528 6148.983174  -0.104528 -0.994522 5765.613767  0 0 1
248 
-0.422618 0.906308 4271.038970  -0.906308 -0.422618 5800.670524  0 0 1
249 
0.874620 -0.484810 6168.082962  0.484810 0.874620 5528.696310  0 0 1
250 
0.891007 0.453990 6034.314169  -0.453990 0.891007 5703.826259  0 0 1
251 
-0.866025 -0.500000 6250.054899  0.500000 -0.866025 5838.648838  0 0 1
252 
0.275637 -0.961262 7008.477441  0.961262 0.275637 5635.549090  0 0 1
253 
-0.999848 -0.017452 6541.723621  0.017452 -0.999848 5913.345384  0 0 1
254 
-0.615661 0.788011 6770.626248  -0.788011 -0.615661 5995.466673  0 0 1
255 
0.069756 0.997564 6457.242783  -0.997564 0.069756 5905.726070  0 0 1
256 
-0.965926 0.258819 5092.317809  -0.258819 -0.965926 6050.788503  0 0 1
257 
0.920505 0.390731 5006.885787  -0.390731 0.920505 5729.974897  0 0 1
258 
0.529919 -0.848048 5367.056688  0.848048 0.529919 5611.364100  0 0 1
259 
0.766044 0.642788 3833.189139  -0.642788 0.766044 5820.829815  0 0 1
260 
-0.874620 0.484810 5725.949899  -0.484810 -0.874620 6041.960925  0 0 1
261 
-0.601815 -0.798636 4492.255241  0.798636 -0.601815 5793.706958  0 0 1
262 
0.656059 0.754710 5653.957494  -0.754710 0.656059 5824.268742  0 0 1
263 
-0.984808 -0.173648 4916.382758  0.173648 -0.984808 5971.802860  0 0 1
264 
0.629320 -0.777146 4511.272419  0.777146 0.629320 5599.464154  0 0 1
265 
-0.406737 -0.913545 4905.367218  0.913545 -0.406737 5754.545488  0 0 1
266 
0.342020 0.939693 5335.430958  -0.939693 0.342020 5890.036365  0 0 1
267 
0.809017 -0.587785 3716.604077  0.587785 0.809017 5585.810726  0 0 1
268 
-0.788011 -0.615661 3729.111966  0.615661 -0.788011 5893.630583  0 0 1
269 
-0.156434 0.987688 6665.301650  -0.987688 -0.156434 6181.486926  0 0 1
270 
-0.390731 0.920505 6904.955319  -0.920505 -0.390731 6175.708596  0 0 1
271 
-0.951057 0.309017 6148.643473  -0.309017 -0.951057 6232.101152  0 0 1
272 
0.500000 -0.866025 6668.839121  0.866025 0.500000 5783.267276  0 0 1
273 
-0.325568 0.945519 5802.502198  -0.945519 -0.325568 6206.942342  0 0 1
274 
-0.484810 -0.874620 6433.838885  0.874620 -0.484810 5929.729941  0 0 1
275 
0.998630 0.052336 6252.403443  -0.052336 0.998630 5860.261092  0 0 1
276 
-0.104528 -0.994522 5847.793391  0.994522 -0.104528 5886.615907  0 0 1
277 
0.406737 0.913545 5338.076650  -0.913545 0.406737 6129.154322  0 0 1
278 
-0.258819 0.965926 5201.706145  -0.965926 -0.258819 6241.929038  0 0 1
279 
0.559193 -0.829038 3859.273417  0.829038 0.559193 5766.760563  0 0 1
280 
0.139173 -0.990268 5221.130372  0.990268 0.139173 5879.093778  0 0 1
281 
-0.866025 0.500000 4204.006604  -0.500000 -0.866025 6300.249711  0 0 1
282 
-0.766044 -0.642788 4497.208705  0.642788 -0.766044 6047.148303  0 0 1
283 
-0.819152 -0.573576 5226.978120  0.573576 -0.819152 6051.790064  0 0 1
284 
-0.224951 -0.974370 4670.515490  0.974370 -0.224951 5925.502834  0 0 1
285 
0.529919 -0.848048 4736.608159  0.848048 0.529919 5823.673511  0 0 1
286 
-0.156434 -0.987688 3665.729647  0.987688 -0.156434 5933.973476  0 0 1
287 
0.906308 -0.422618 4789.807058  0.422618 0.906308 5914.455973  0 0 1
288 
0.500000 0.866025 4299.369824  -0.866025 0.500000 6222.222644  0 0 1
289 
0.974370 0.224951 3436.823661  -0.224951 0.974370 6113.713028  0 0 1
290 
-0.453990 -0.891007 3973.866531  0.891007 -0.453990 6146.959237  0 0 1
291 
-0.241922 -0.970296 4841.226216  0.970296 -0.241922 6142.094448  0 0 1
292 
-0.809017 -0.587785 4381.276325  0.587785 -0.809017 6227.801387  0 0 1
293 
0.961262 0.275637 6827.384693  -0.275637 0.961262 6125.623529  0 0 1
294 
-0.034899 0.999391 6631.064092  -0.999391 -0.034899 6374.199167  0 0 1
295 
-0.838671 -0.544639 4487.894034  0.544639 -0.838671 6242.359494  0 0 1
296 
0.809017 0.587785 4980.835787  -0.587785 0.809017 6179.241628  0 0 1
297 
-0.933580 0.358368 5090.874275  -0.358368 -0.933580 6387.465610  0 0 1
298 
-0.857167 0.515038 6638.732334  -0.515038 -0.857167 6390.982622  0 0 1
299 
-0.292372 -0.956305 5501.372603  0.956305 -0.292372 6148.565241  0 0 1
300 
0.573576 0.819152 3812.728610  -0.819152 0.573576 6243.185164  0 0 1
301 
0.848048 0.529919 5696.509647  -0.529919 0.848048 6183.488895  0 0 1
302 
0.694658 0.719340 5409.962267  -0.719340 0.694658 6219.381116  0 0 1
303 
0.754710 0.656059 5826.192207  -0.656059 0.754710 6208.823164  0 0 1
304 
-0.838671 0.544639 6285.983573  -0.544639 -0.838671 6415.912597  0 0 1
305 
0.707107 -0.707107 6415.513875  0.707107 0.707107 5993.257008  0 0 1
306 
0.999391 -0.034899 5408.558304  0.034899 0.999391 6124.847748  0 0 1
307 
-0.292372 -0.956305 4894.830926  0.956305 -0.292372 6148.381266  0 0 1
308 
-0.898794 0.438371 4586.432141  -0.438371 -0.898794 6594.886754  0 0 1
309 
-0.642788 -0.766044 5183.912192  0.766044 -0.642788 6353.474671  0 0 1
310 
0.224951 -0.974370 4423.328749  0.974370 0.224951 6218.605699  0 0 1
311 
-0.939693 0.342020 4764.483755  -0.342020 -0.939693 6607.357231  0 0 1
312 
0.961262 0.275637 3891.493120  -0.275637 0.961262 6268.080083  0 0 1
313 
-0.939693 -0.342020 4932.281887  0.342020 -0.939693 6472.526073  0 0 1
314 
-0.139173 -0.990268 3931.706211  0.990268 -0.139173 6257.560584  0 0 1
315 
-0.766044 0.642788 3935.192701  -0.642788 -0.766044 6547.543685  0 0 1
316 
0.390731 0.920505 5356.704655  -0.920505 0.390731 6437.307743  0 0 1
317 
0.990268 0.139173 5461.875490  -0.139173 0.990268 6271.990668  0 0 1
318 
0.694658 -0.719340 5861.910208  0.719340 0.694658 6197.976977  0 0 1
319 
-0.906308 0.422618 3600.418756  -0.422618 -0.906308 6548.715440  0 0 1
320 
-0.374607 -0.927184 5517.089520  0.927184 -0.374607 6312.044618  0 0 1
321 
-0.945519 -0.325568 6229.185934  0.325568 -0.945519 6466.054103  0 0 1
322 
0.559193 -0.829038 6273.530363  0.829038 0.559193 6199.957793  0 0 1
323 
-0.529919 0.848048 5074.614884  -0.848048 -0.529919 6542.408929  0 0 1
324 
0.642788 -0.766044 6607.052502  0.766044 0.642788 6253.061410  0 0 1
325 
0.587785 0.809017 6232.623240  -0.809017 0.587785 6415.123988  0 0 1
326 
0.920505 -0.390731 6915.043423  0.390731 0.920505 6263.653534  0 0 1
327 
-0.087156 0.996195 6646.465347  -0.996195 -0.087156 6525.616724  0 0 1
328 
-0.156434 0.987688 5894.680572  -0.987688 -0.156434 6621.255100  0 0 1
329 
0.874620 -0.484810 5230.057150  0.484810 0.874620 6313.380464  0 0 1
330 
-0.629320 -0.777146 5614.650352  0.777146 -0.629320 6509.411734  0 0 1
331 
-0.453990 0.891007 5549.791919  -0.891007 -0.453990 6729.577376  0 0 1
332 
-0.766044 -0.642788 6389.111096  0.642788 -0.766044 6498.924989  0 0 1
333 
-0.390731 -0.920505 5985.772021  0.920505 -0.390731 6455.314379  0 0 1
334 
0.898794 -0.438371 5075.454806  0.438371 0.898794 6388.868253  0 0 1
335 
-0.990268 -0.139173 3922.361592  0.139173 -0.990268 6656.296373  0 0 1
336 
0.987688 0.156434 3797.431759  -0.156434 0.987688 6461.324598  0 0 1
337 
-0.891007 0.453990 6540.554929  -0.453990 -0.891007 6646.710822  0 0 1
338 
-0.731354 -0.681998 6961.488512  0.681998 -0.731354 6502.106191  0 0 1
339 
0.224951 0.974370 4790.991486  -0.974370 0.224951 6630.003265  0 0 1
340 
-0.987688 -0.156434 4329.802587  0.156434 -0.987688 6702.513704  0 0 1
341 
-0.374607 -0.927184 3719.132537  0.927184 -0.374607 6509.498415  0 0 1
342 
-0.500000 -0.866025 7038.603834  0.866025 -0.500000 6490.489937  0 0 1
343 
0.798636 0.601815 4690.021292  -0.601815 0.798636 6542.704592  0 0 1
344 
0.920505 -0.390731 6576.204052  0.390731 0.920505 6431.935385  0 0 1
345 
0.970296 -0.241922 4421.556447  0.241922 0.970296 6457.206356  0 0 1
346 
0.173648 -0.984808 4798.296707  0.984808 0.173648 6469.209441  0 0 1
347 
0.190809 -0.981627 4444.733259  0.981627 0.190809 6460.881300  0 0 1
348 
-0.559193 0.829038 6939.378280  -0.829038 -0.559193 6843.844423  0 0 1
349 
-0.121869 -0.992546 6963.576672  0.992546 -0.121869 6509.890700  0 0 1
350 
0.469472 -0.882948 6524.384064  0.882948 0.469472 6395.861268  0 0 1
351 
0.984808 -0.173648 6186.205781  0.173648 0.984808 6475.416451  0 0 1
352 
0.974370 -0.224951 6563.471070  0.224951 0.974370 6487.324849  0 0 1
353 
-0.275637 0.961262 5924.039385  -0.961262 -0.275637 6866.017889  0 0 1
354 
-0.292372 0.956305 5786.365717  -0.956305 -0.292372 6806.449150  0 0 1
355 
0.990268 0.139173 5453.532009  -0.139173 0.990268 6596.195077  0 0 1
356 
0.224951 -0.974370 5427.031498  0.974370 0.224951 6531.424835  0 0 1
357 
0.898794 -0.438371 5435.559964  0.438371 0.898794 6549.526869  0 0 1
358 
-0.156434 0.987688 4787.531658  -0.987688 -0.156434 6881.131300  0 0 1
359 
0.997564 0.069756 4999.503624  -0.069756 0.997564 6599.203489  0 0 1
360 
-0.848048 0.529919 4798.040843  -0.529919 -0.848048 6836.101184  0 0 1
361 
0.999391 -0.034899 4573.281015  0.034899 0.999391 6596.989400  0 0 1
362 
0.997564 -0.069756 3617.273255  0.069756 0.997564 6596.796703  0 0 1
363 
0.978148 0.207912 3440.068672  -0.207912 0.978148 6639.131788  0 0 1
364 
0.766044 -0.642788 3898.333047  0.642788 0.766044 6553.637981  0 0 1
365 
0.939693 0.342020 3851.787497  -0.342020 0.939693 6674.083669  0 0 1
366 
-0.829038 -0.559193 4686.061251  0.559193 -0.829038 6770.928798  0 0 1
367 
0.906308 -0.422618 4310.455515  0.422618 0.906308 6589.494681  0 0 1
368 
0.559193 0.829038 5641.598051  -0.829038 0.559193 6937.102058  0 0 1
369 
-0.987688 -0.156434 6259.635633  0.156434 -0.987688 7012.180852  0 0 1
370 
0.990268 0.139173 6647.179200  -0.139173 0.990268 6744.471103  0 0 1
371 
-0.898794 0.438371 5719.617062  -0.438371 -0.898794 7145.062442  0 0 1
372 
0.970296 -0.241922 6190.231341  0.241922 0.970296 6695.476882  0 0 1
373 
-0.515038 0.857167 5444.161172  -0.857167 -0.515038 7034.460584  0 0 1
374 
-0.927184 -0.374607 6678.561984  0.374607 -0.927184 6985.906517  0 0 1
375 
0.874620 -0.484810 5240.322471  0.484810 0.874620 6629.189337  0 0 1
376 
-0.139173 0.990268 6901.827833  -0.990268 -0.139173 7032.951905  0 0 1
377 
-0.484810 -0.874620 6832.579471  0.874620 -0.484810 6849.108601  0 0 1
378 
0.913545 -0.406737 5069.493568  0.406737 0.913545 6721.085383  0 0 1
379 
0.156434 0.987688 4408.108625  -0.987688 0.156434 7010.933997  0 0 1
380 
0.866025 0.500000 4167.016079  -0.500000 0.866025 6851.021640  0 0 1
381 
0.754710 -0.656059 4895.173384  0.656059 0.754710 6660.085523  0 0 1
382 
-0.406737 -0.913545 4834.865647  0.913545 -0.406737 6803.592552  0 0 1
383 
-0.559193 0.829038 4740.134462  -0.829038 -0.559193 7059.768808  0 0 1
384 
0.615661 -0.788011 3579.966205  0.788011 0.615661 6738.456497  0 0 1
385 
0.927184 -0.374607 3982.860637  0.374607 0.927184 6688.129379  0 0 1
386 
0.882948 -0.469472 3655.967057  0.469472 0.882948 6726.509178  0 0 1
387 
0.819152 0.573576 3700.270643  -0.573576 0.819152 6885.108813  0 0 1
