1 
1 0 652.184973  0 1 651.751287  0 0 1
2 
-0.573576 0.819152 885.524894  -0.819152 -0.573576 1031.126525  0 0 1
3 
0.992546 0.121869 957.229109  -0.121869 0.992546 658.232359  0 0 1
4 
-0.069756 0.997564 654.649129  -0.997564 -0.069756 1172.464390  0 0 1
5 
0.939693 -0.342020 798.636459  0.342020 0.939693 817.367750  0 0 1
6 
0.069756 0.997564 943.768386  -0.997564 0.069756 1179.380966  0 0 1
7 
-0.207912 -0.978148 1029.844806  0.978148 -0.207912 1117.717275  0 0 1
8 
0.544639 -0.838671 774.052196  0.838671 0.544639 1038.135012  0 0 1
9 
0.939693 0.342020 866.892180  -0.342020 0.939693 1141.108724  0 0 1
