1 
1 0 651.733191  0 1 652.380967  0 0 1
2 
0.484810 0.874620 711.794622  -0.874620 0.484810 870.232498  0 0 1
3 
-0.829038 0.559193 1134.028725  -0.559193 -0.829038 1040.059036  0 0 1
4 
-0.992546 -0.121869 1040.165327  0.121869 -0.992546 1159.984623  0 0 1
5 
-0.544639 -0.838671 928.260231  0.838671 -0.544639 953.244566  0 0 1
6 
0.951057 -0.309017 982.358539  0.309017 0.951057 855.624633  0 0 1
7 
-0.990268 0.139173 819.117982  -0.139173 -0.990268 1384.228853  0 0 1
8 
0.529919 0.848048 672.011856  -0.848048 0.529919 1286.343578  0 0 1
9 
-0.669131 0.743145 1041.449698  -0.743145 -0.669131 1490.419413  0 0 1
