0	1	0.9999692440032959	0
-0.84159 0.540117 686.903452
-0.540117 -0.84159 613.115773
0 0 1
0	10	0.9999748468399048	0
0.655726 0.754999 -234.835495
-0.754999 0.655726 102.834437
0 0 1
1	2	0.9999798536300659	0
0.990621 0.136637 -222.571748
-0.136637 0.990621 360.885751
0 0 1
1	7	0.999974250793457	0
-0.993533 0.113547 817.170872
-0.113547 -0.993533 819.632671
0 0 1
1	51	0.9994580149650574	1
-0.997819 -0.066015 375.506948
0.066015 -0.997819 506.050155
0 0 1
2	3	0.9999933242797852	0
0.99627 -0.086291 -157.113331
0.086291 0.99627 206.140315
0 0 1
2	4	0.9997239708900452	1
-0.015362737997334522 -0.9998816218964248 427.17320617026394
0.9998816218964248 -0.015362737997334605 -165.73258929114795
0 0 1
2	11	0.999984622001648	0
0.857493 0.514496 103.532443
-0.514496 0.857493 374.967937
0 0 1
3	4	0.9999910593032837	0
-0.053305 0.998578 -162.309072
-0.998578 -0.053305 902.985303
0 0 1
3	8	0.9994304776191711	0
-0.107461 0.994209 266.19996
-0.994209 -0.107461 798.426665
0 0 1
4	5	0.9999535083770752	0
0.8003796312332814 0.5994927515724249 -385.13925760097834
-0.5994927515724251 0.8003796312332813 50.143885124741956
0 0 1
4	9	0.9999232292175293	0
0.28448 0.958682 -218.939145
-0.958682 0.28448 764.617071
0 0 1
4	23	0.6221072673797607	1
0.4713757539441953 0.881932568759393 -247.2276781707622
-0.8819325687593929 0.4713757539441953 671.9675501927686
0 0 1
5	6	0.9999732971191406	0
-0.71806 0.695981 86.690978
-0.695981 -0.71806 847.708787
0 0 1
6	9	0.9999822378158569	0
-0.185087 -0.982722 404.972388
0.982722 -0.185087 -139.023256
0 0 1
6	17	0.9999856948852539	0
-0.719401 -0.694595 897.125757
0.694595 -0.719401 94.769355
0 0 1
6	25	0.9988417029380798	1
-0.20499153823968333 -0.9787640448351834 1018.0818989149235
0.9787640448351835 -0.20499153823968347 274.460628836894
0 0 1
7	10	0.9999831914901733	0
0.043437 0.999056 -137.382646
-0.999056 0.043437 898.446806
0 0 1
7	11	0.9999344348907471	0
-0.712595 -0.701576 899.992359
0.701576 -0.712595 6.953496
0 0 1
7	14	0.9999343156814575	0
0.094551 -0.99552 403.687898
0.99552 0.094551 -152.614842
0 0 1
7	48	0.8274310231208801	1
-0.836124 -0.54854 910.979062
0.54854 -0.836124 61.315482
0 0 1
7	50	0.9997631907463074	1
0.628299 -0.777972 83.390055
0.777972 0.628299 -266.59952
0 0 1
8	9	0.9999532699584961	0
0.283174523394873 0.9590682599096303 -308.3087082594254
-0.9590682599096303 0.2831745233948729 354.243142191386
0 0 1
8	11	0.9999042749404907	0
0.539706 -0.841854 634.989178
0.841854 0.539706 67.256673
0 0 1
8	13	0.9944121241569519	0
-0.446543 0.894762 58.824682
-0.894762 -0.446543 915.540407
0 0 1
9	11	0.7091200351715088	1
0.726698 0.686957 140.025117
-0.686957 0.726698 439.292812
0 0 1
9	16	0.9992092251777649	0
0.935154 -0.354242 -92.184757
0.354242 0.935154 -171.125589
0 0 1
9	31	0.6982316970825195	1
-0.852092 0.523392 234.559591
-0.523392 -0.852092 608.056718
0 0 1
9	45	0.7799893617630005	1
-0.728848 0.684675 199.611962
-0.684675 -0.728848 1096.9213
0 0 1
10	12	0.9999886751174927	0
-0.099504 0.995037 129.471968
-0.995037 -0.099504 447.684855
0 0 1
10	25	0.6855866312980652	1
-0.058722 -0.998274 485.750063
0.998274 -0.058722 324.343577
0 0 1
11	15	0.999930739402771	0
-0.6438250716961529 0.7651727732639494 347.2424905302832
-0.7651727732639492 -0.6438250716961529 959.7872329381988
0 0 1
11	27	0.9834307432174683	1
-0.206111 -0.978529 606.347005
0.978529 -0.206111 -212.863999
0 0 1
11	37	0.9993175268173218	1
0.923208 0.384302 -419.743257
-0.384302 0.923208 224.462118
0 0 1
12	14	0.9999810457229614	0
-0.058722 0.998274 -129.564457
-0.998274 -0.058722 941.60001
0 0 1
12	22	0.9999628067016602	0
-0.374789 -0.92711 956.155055
0.92711 -0.374789 259.900931
0 0 1
13	15	0.9999951124191284	0
0.7684440153109763 -0.6399171854714828 23.43928046431192
0.6399171854714828 0.7684440153109762 -8.214829153073357
0 0 1
13	18	0.9999884366989136	0
-0.812623 0.58279 274.907252
-0.58279 -0.812623 560.940962
0 0 1
13	60	0.9437369704246521	1
0.610420059533396 0.7920778964087088 -228.2219820489055
-0.7920778964087088 0.610420059533396 175.83799457391854
0 0 1
14	15	0.9999710321426392	0
0.168964 0.985622 -312.494716
-0.985622 0.168964 405.352508
0 0 1
14	20	0.7712544202804565	1
0.010822 -0.999941 567.726393
0.999941 0.010822 199.825167
0 0 1
14	23	0.9999778270721436	0
0.360623 0.932712 -210.31905
-0.932712 0.360623 723.817708
0 0 1
14	41	0.9919918179512024	1
-0.8508101047213432 -0.5254740527505205 1029.0911907039074
0.5254740527505203 -0.8508101047213433 531.8107150242022
0 0 1
15	21	0.9999275207519531	0
-0.857493 0.514496 188.863619
-0.514496 -0.857493 676.587199
0 0 1
16	17	0.9999830722808838	0
0.968277 -0.249878 84.168597
0.249878 0.968277 -413.978352
0 0 1
16	20	0.9998725652694702	0
0.854199 0.519947 -300.288086
-0.519947 0.854199 181.682226
0 0 1
17	19	0.9999736547470093	0
-0.44116 0.897428 6.028826
-0.897428 -0.44116 771.283556
0 0 1
17	40	0.9426754713058472	1
0.992384 -0.123179 -164.328171
0.123179 0.992384 -16.734073
0 0 1
18	20	0.9992918968200684	0
-0.996183 -0.087294 504.037279
0.087294 -0.996183 900.007466
0 0 1
18	21	0.9995046854019165	0
0.803267 -0.59562 414.68829
0.59562 0.803267 -368.294503
0 0 1
18	26	0.9996050000190735	0
-0.795569 -0.605863 1015.517196
0.605863 -0.795569 516.708289
0 0 1
19	20	0.9998902082443237	0
0.325991 -0.945373 198.171795
0.945373 0.325991 -164.161921
0 0 1
19	25	0.9999935626983643	0
-0.124035 0.992278 120.000991
-0.992278 -0.124035 360.136564
0 0 1
20	24	0.9999904632568359	0
0.985212 -0.171341 -207.070167
0.171341 0.985212 -201.368506
0 0 1
20	48	0.8698163628578186	1
0.869457 0.494009 -365.909209
-0.494009 0.869457 50.841096
0 0 1
21	23	0.9997754693031311	0
-0.951223 -0.308505 682.08334
0.308505 -0.951223 214.270356
0 0 1
22	23	0.999901533126831	0
0.05440315266731444 -0.9985187708700609 931.0995981933659
0.9985187708700611 0.05440315266731444 13.770639962883074
0 0 1
22	28	0.9999969005584717	0
-0.131958 0.991255 47.570298
-0.991255 -0.131958 412.763142
0 0 1
22	47	0.9997034668922424	1
-0.08397779165997503 0.9964677266665056 -357.7313895077601
-0.9964677266665062 -0.08397779165997492 615.6552521134964
0 0 1
23	29	0.999242901802063	0
-0.115823 -0.99327 398.753531
0.99327 -0.115823 8.679768
0 0 1
24	25	0.9998712539672852	0
-0.999826 0.018663 741.981812
-0.018663 -0.999826 321.82941
0 0 1
24	26	0.9999088048934937	0
0.744735 0.66736 -238.392028
-0.66736 0.744735 588.547004
0 0 1
24	32	0.8597151637077332	1
-0.459592 -0.88813 986.176293
0.88813 -0.459592 253.119874
0 0 1
24	34	0.9998230338096619	0
-0.880572 0.473913 203.433096
-0.473913 -0.880572 658.132733
0 0 1
24	48	0.9997512698173523	1
0.789352 0.613941 -480.794514
-0.613941 0.789352 170.89652
0 0 1
24	56	0.9839768409729004	1
0.564684 0.825307 -365.808051
-0.825307 0.564684 296.966453
0 0 1
25	35	0.999970555305481	0
0.130455 0.991454 208.052405
-0.991454 0.130455 683.528705
0 0 1
26	27	0.9996541738510132	0
-0.004367 0.99999 -264.30545
-0.99999 -0.004367 755.607644
0 0 1
26	33	0.9999271631240845	0
-0.71589 0.698213 232.042332
-0.698213 -0.71589 538.56251
0 0 1
27	29	0.99991774559021	0
-0.509492 0.860475 70.230285
-0.860475 -0.509492 446.329551
0 0 1
27	32	0.9998846054077148	0
0.293332 -0.956011 729.742043
0.956011 0.293332 -158.711687
0 0 1
27	37	0.9885624647140503	1
0.447214 -0.894427 349.647981
0.894427 0.447214 -421.667223
0 0 1
28	29	0.9999786615371704	0
0.188348 0.982102 -114.863254
-0.982102 0.188348 891.160979
0 0 1
28	30	0.9999788999557495	0
-0.6054208548860299 -0.7959058861009062 986.039657305525
0.7959058861009063 -0.6054208548860299 338.09118525907604
0 0 1
29	31	0.9999572038650513	0
-0.134303 -0.99094 650.318312
0.99094 -0.134303 243.791184
0 0 1
30	31	0.9455989599227905	0
-0.236352 0.971668 390.659103
-0.971668 -0.236352 603.668658
0 0 1
30	40	0.9999847412109375	0
-0.055071 0.998482 -52.70427
-0.998482 -0.055071 448.555178
0 0 1
31	32	0.9997532963752747	0
-0.048331780303520804 -0.9988317268512709 682.9833134690635
0.9988317268512709 -0.04833178030352108 346.6822864046679
0 0 1
31	36	0.999992847442627	0
-0.627358 -0.778731 980.970816
0.778731 -0.627358 279.4614
0 0 1
31	37	0.9908674955368042	1
0.151226 -0.988499 791.412951
0.988499 0.151226 -61.299442
0 0 1
31	46	0.958037257194519	1
0.393919 -0.919145 669.26422
0.919145 0.393919 -131.671428
0 0 1
31	57	0.9988037347793579	1
0.294086 0.955779 -63.894207
-0.955779 0.294086 834.193861
0 0 1
32	37	0.999940037727356	0
0.987181 0.159604 -60.294366
-0.159604 0.987181 -163.262482
0 0 1
32	48	0.9838480353355408	1
0.9166908235866381 -0.3995969743729938 129.74999710351082
0.39959697437299396 0.9166908235866381 141.45952608181736
0 0 1
33	34	0.9999700784683228	0
0.909049 -0.416689 90.390629
0.416689 0.909049 176.541263
0 0 1
33	38	0.9997188448905945	0
-0.520855 0.853645 393.491287
-0.853645 -0.520855 824.770436
0 0 1
33	41	0.9952970147132874	1
-0.5406648371322159 0.8412372925844376 147.07931174616687
-0.8412372925844376 -0.5406648371322159 991.9771352983064
0 0 1
34	35	0.9999850988388062	0
-0.327283 0.944926 173.582414
-0.944926 -0.327283 1059.950797
0 0 1
34	37	0.99983811378479	1
-0.024214 0.999707 197.315853
-0.999707 -0.024214 661.085468
0 0 1
34	39	0.9998012185096741	0
0.732336 0.680944 48.130904
-0.680944 0.732336 283.984109
0 0 1
35	41	0.9999935626983643	0
0.690063 0.723749 -170.922902
-0.723749 0.690063 506.370816
0 0 1
36	37	0.9999271631240845	0
0.680112 0.733108 89.409793
-0.733108 0.680112 107.065894
0 0 1
36	40	0.999946117401123	0
-0.44817222089650366 0.8939472470686933 -79.65600310969944
-0.8939472470686931 -0.44817222089650366 971.0275784016258
0 0 1
36	43	0.9999650716781616	0
-0.44408876157405325 0.8959831326339931 -26.893917116611053
-0.895983132633993 -0.44408876157405347 581.9233105034612
0 0 1
36	57	0.9716739654541016	1
-0.845299 -0.534293 913.028212
0.534293 -0.845299 539.493248
0 0 1
37	38	0.9998989105224609	0
-0.672881 -0.739751 1053.112285
0.739751 -0.672881 309.31825
0 0 1
37	46	0.9999470710754395	0
-0.9761 -0.21732 688.450088
0.21732 -0.9761 312.94157
0 0 1
38	39	0.9986565113067627	0
-0.2242440337021004 -0.9745335187047243 510.25513400531287
0.9745335187047244 -0.22424403370210047 -128.9114078803725
0 0 1
38	44	0.9997108578681946	0
0.978653 -0.205517 -111.874503
0.205517 0.978653 116.769534
0 0 1
39	41	0.9973816275596619	0
-0.410164 0.912012 -26.402447
-0.912012 -0.410164 1019.694115
0 0 1
39	45	0.9999626874923706	0
0.564903 -0.825157 595.17503
0.825157 0.564903 48.664451
0 0 1
39	56	0.6987245082855225	1
-0.743294 -0.668965 544.637222
0.668965 -0.743294 647.569205
0 0 1
40	42	0.6697059273719788	1
-0.371391 0.928477 269.795122
-0.928477 -0.371391 1015.852773
0 0 1
40	47	0.9999750852584839	0
-0.857564 -0.514378 999.591612
0.514378 -0.857564 328.434228
0 0 1
41	42	0.999977707862854	0
0.500235 -0.86589 202.21144
0.86589 0.500235 -1.044198
0 0 1
42	45	0.9999685287475586	0
-0.316228 -0.948683 1054.148308
0.948683 -0.316228 92.829851
0 0 1
42	47	0.9839491248130798	1
-0.21124 0.977434 385.057228
-0.977434 -0.21124 671.226916
0 0 1
42	51	0.9999822378158569	0
0.8 0.6 -115.2
-0.6 0.8 546.4
0 0 1
43	46	0.999974250793457	0
-0.547249 0.83697 326.437157
-0.83697 -0.547249 1070.797248
0 0 1
43	47	0.999955415725708	0
-0.872643 -0.48836 677.049852
0.48836 -0.872643 122.713184
0 0 1
43	50	0.9986591339111328	0
0.979035 -0.203692 344.68502
0.203692 0.979035 -145.910981
0 0 1
44	45	0.9999805688858032	0
-0.8354443654031922 -0.549574599804301 497.1320488884189
0.5495745998043011 -0.835444365403192 225.94714434352147
0 0 1
44	46	0.9999079704284668	0
0.909425 -0.415868 392.200836
0.415868 0.909425 72.852992
0 0 1
44	47	0.8945668935775757	1
0.22514592924025312 0.974325374882818 183.26190358911268
-0.974325374882818 0.22514592924025328 684.9931122912801
0 0 1
44	49	0.999968409538269	0
-0.992441 -0.122721 489.761026
0.122721 -0.992441 817.071179
0 0 1
45	52	0.9996040463447571	0
-0.658505 -0.752577 1040.744347
0.752577 -0.658505 189.315164
0 0 1
46	48	0.9998887777328491	0
-0.682884 0.730527 258.951332
-0.730527 -0.682884 1058.386011
0 0 1
47	53	0.9999964237213135	0
-0.894427 0.447214 187.969889
-0.447214 -0.894427 689.637603
0 0 1
48	49	0.9999709129333496	0
0.198561 0.980089 215.041719
-0.980089 0.198561 390.430268
0 0 1
48	50	0.9984753727912903	0
-0.043234 0.999065 -236.264087
-0.999065 -0.043234 808.143306
0 0 1
48	57	0.9999017715454102	0
-0.981541 -0.191252 582.444969
0.191252 -0.981541 333.075929
0 0 1
49	52	0.9999186992645264	0
-0.270746 -0.962651 937.522536
0.962651 -0.270746 307.123298
0 0 1
49	55	0.9996922016143799	0
0.629051 -0.777364 564.066598
0.777364 0.629051 -296.633978
0 0 1
50	53	0.9998096823692322	0
0.971399 0.237453 -212.403463
-0.237453 0.971399 -208.285447
0 0 1
50	58	0.9995540976524353	0
-0.536218 -0.84408 962.724321
0.84408 -0.536218 79.896373
0 0 1
51	52	0.999966025352478	0
0.092773 0.995687 257.191698
-0.995687 0.092773 777.759169
0 0 1
51	59	0.9999842643737793	0
-0.4734053060622074 0.8808451709228741 46.882442449327755
-0.880845170922874 -0.47340530606220715 922.3991431919384
0 0 1
52	56	0.9993904829025269	0
0.707465 0.706749 -338.689039
-0.706749 0.707465 180.385803
0 0 1
53	54	0.999987006187439	0
-0.493013 -0.870022 982.910077
0.870022 -0.493013 116.625015
0 0 1
54	58	0.9997460246086121	0
0.9561343444199785 -0.2929303795880128 346.60394678940816
0.2929303795880129 0.9561343444199788 -296.3392147645216
0 0 1
54	65	0.9999855756759644	0
0.121482 0.992594 -203.97599
-0.992594 0.121482 442.5572
0 0 1
55	56	0.9995602965354919	0
0.981615 -0.19087 369.77773
0.19087 0.981615 -86.159374
0 0 1
55	64	0.9999589920043945	0
-0.7201651403494176 0.6938020865963902 315.94972384367753
-0.69380208659639 -0.7201651403494171 531.2437198543441
0 0 1
56	59	0.9992824196815491	0
0.9859653102764089 -0.16695164072732202 376.496235048597
0.16695164072732205 0.985965310276409 -140.99352195835726
0 0 1
56	63	0.9999924898147583	0
0.216672 0.976245 -98.015879
-0.976245 0.216672 329.025977
0 0 1
57	58	0.999154806137085	0
-0.7461790168753277 0.6657454421390874 669.8490126127908
-0.6657454421390877 -0.7461790168753275 634.5861899798053
0 0 1
57	59	0.9999016523361206	1
0.997925 -0.064382 301.670393
0.064382 0.997925 -138.173838
0 0 1
57	61	0.999984860420227	0
-0.942237 -0.334948 823.767853
0.334948 -0.942237 711.367281
0 0 1
58	60	0.9998759031295776	0
0.110769 0.993846 -238.867692
-0.993846 0.110769 501.618462
0 0 1
59	62	0.9998582601547241	0
-0.987181 0.159604 475.150051
-0.159604 -0.987181 471.152379
0 0 1
60	65	0.999971866607666	0
0.967651 0.252292 -359.591744
-0.252292 0.967651 -41.911803
0 0 1
61	64	0.9999955892562866	0
-0.666795 0.745241 630.472411
-0.745241 -0.666795 745.793123
0 0 1
62	63	0.999427855014801	0
0.109431 -0.993994 842.115447
0.993994 0.109431 -209.087535
0 0 1
63	64	0.9999371767044067	0
0.38762 0.921819 -247.063051
-0.921819 0.38762 203.405501
0 0 1
