1
-0.4513697510343319 -0.892337014726614 556.4394845975785 0.892337014726614 -0.4513697510343319 24.374828305085032 0 0 1
2
0.8598335750027651 0.5105744052515404 -300.8637177702334 -0.5105744052515404 0.8598335750027651 363.3087319434886 0 0 1
3
0.7795270953791698 0.6263685078048822 -307.06006280456836 -0.6263685078048822 0.7795270953791698 790.1784656203123 0 0 1
4
0.8290663056541281 0.5591503025386071 -301.48233988480797 -0.5591503025386071 0.8290663056541281 1051.3415010170531 0 0 1
5
-0.6154104918124971 0.788206779066953 77.98277137121914 -0.788206779066953 -0.6154104918124971 1892.3412489624666 0 0 1
6
-0.965968823287274 0.25865852477155904 355.65639918170814 -0.25865852477155904 -0.965968823287274 2165.8699283125616 0 0 1
7
0.5229277473263902 -0.8523770122874894 486.4412430952268 0.8523770122874894 0.5229277473263902 1324.591348341821 0 0 1
8
-0.9056767441324862 -0.42396890822037775 825.0032033173286 0.42396890822037775 -0.9056767441324862 639.4788222302702 0 0 1
9
-0.6167899820004803 0.7871277647903466 347.7584295297971 -0.7871277647903466 -0.6167899820004803 1566.4360491125058 0 0 1
10
-0.9294446227009818 -0.36896164208794063 817.147176540905 0.36896164208794063 -0.9294446227009818 1591.3323803834146 0 0 1
11
0.3819264893261814 -0.9241927054196967 569.5849911775041 0.9241927054196967 0.3819264893261814 -232.5806059423245 0 0 1
12
0.3395345340084294 0.9405935892911873 9.619577098970865 -0.9405935892911873 0.3395345340084294 1020.1341319417102 0 0 1
13
0.8852220083923067 0.4651687821188035 207.45170559374472 -0.4651687821188035 0.8852220083923067 54.97320711070975 0 0 1
14
-0.48723738233915803 -0.8732695650549636 1040.7399419028454 0.8732695650549636 -0.48723738233915803 988.7068463531634 0 0 1
15
-0.5072419973272038 0.861803664501091 524.6357940066385 -0.861803664501091 -0.5072419973272038 948.433906306827 0 0 1
16
-0.9336323429127252 -0.3582326733664804 1035.0834126360894 0.3582326733664804 -0.9336323429127252 1013.0385957418403 0 0 1
17
-0.9999767840888246 0.006814050438039176 959.8428424668228 -0.006814050438039176 -0.9999767840888246 1726.1425082932255 0 0 1
18
-0.9683574574955802 0.249567294557391 876.2782964069987 -0.249567294557391 -0.9683574574955802 2138.7552592727125 0 0 1
19
0.8979929226262184 0.44000989865368084 414.3601098861918 -0.44000989865368084 0.8979929226262184 959.0063559366644 0 0 1
20
0.22263138945124925 -0.9749026948526741 1056.8415968541494 0.9749026948526741 0.22263138945124925 1384.677996402112 0 0 1
21
-0.8588150875291654 -0.5122857068397204 1262.0823006233834 0.5122857068397204 -0.8588150875291654 1547.83001960752 0 0 1
22
0.9869305208240078 -0.16114635294058888 613.9650950327814 0.16114635294058888 0.9869305208240078 450.28174632726973 0 0 1
23
0.09450493895349142 -0.995524392726465 1176.7716376653732 0.995524392726465 0.09450493895349142 -157.40425414502624 0 0 1
24
-0.9888964368667744 -0.14860631599026186 1252.3821185263948 0.14860631599026186 -0.9888964368667744 771.6115331365397 0 0 1
25
-0.9373806097748846 -0.34830675046295834 1541.1343621550395 0.34830675046295834 -0.9373806097748846 1621.3528026129127 0 0 1
26
0.9412203864693054 0.3377931084178175 733.9712423631128 -0.3377931084178175 0.9412203864693054 1581.1186937747557 0 0 1
27
-0.45542886637956365 -0.8902721761732338 1556.0686789254075 0.8902721761732338 -0.45542886637956365 982.3069357600971 0 0 1
28
0.8962298624484212 -0.4435899386321606 998.6921040359698 0.4435899386321606 0.8962298624484212 402.78685275907645 0 0 1
29
0.9725620926623882 0.23264345233888728 768.2576505520976 -0.23264345233888728 0.9725620926623882 -68.94433102206455 0 0 1
30
-0.03369651522841254 0.9994321111818758 857.8104194766823 -0.9994321111818758 -0.03369651522841254 822.4520816324459 0 0 1
31
-0.40062709785637496 -0.9162411955719839 1806.9719465766473 0.9162411955719839 -0.40062709785637496 27.823752170725413 0 0 1
32
0.9938056291680872 -0.11113222500167211 1084.016540985496 0.11113222500167211 0.9938056291680872 161.89210700944093 0 0 1
33
-0.16157571030602183 -0.9868603193153044 1723.8315673455284 0.9868603193153044 -0.16157571030602183 584.1227058575714 0 0 1
34
0.9478513961140013 0.3187126148817122 971.8990545308524 -0.3187126148817122 0.9478513961140013 944.0067145212129 0 0 1
35
0.9926108174841038 -0.1213415222153529 1116.6145373427091 0.1213415222153529 0.9926108174841038 1079.0480368248213 0 0 1
36
-0.21447439821737957 0.9767296107466451 1163.0084804470166 -0.9767296107466451 -0.21447439821737957 2154.3248648281497 0 0 1
37
-0.7159641177616527 -0.6981370797184305 2027.6489278049662 0.6981370797184305 -0.7159641177616527 554.1244305026366 0 0 1
38
0.009983260278094484 -0.9999501660153969 1891.8345587601189 0.9999501660153969 0.009983260278094484 545.8660040044035 0 0 1
39
-0.7585453608644256 0.6516202387211882 1603.2348760361915 -0.6516202387211882 -0.7585453608644256 1602.4072466692612 0 0 1
40
0.809461770941597 0.5871725822823249 1130.8618615578525 -0.5871725822823249 0.809461770941597 1366.3677609779998 0 0 1
41
0.941326377232261 -0.3374976318832284 1412.9920308423802 0.3374976318832284 0.941326377232261 -198.9689748759369 0 0 1
42
-0.8594129807248204 0.5112820440438716 1699.3353105228393 -0.5112820440438716 -0.8594129807248204 2210.9542803145223 0 0 1
43
0.02805307990006169 0.9996064349073193 1523.2734230782712 -0.9996064349073193 0.02805307990006169 2107.02508350479 0 0 1
44
0.9413329839271838 -0.33747920435301554 1643.98413254435 0.33747920435301554 0.9413329839271838 117.03475459759711 0 0 1
45
-0.6012433986817922 0.7990659394202505 1761.0869883970165 -0.7990659394202505 -0.6012433986817922 1588.2975961711945 0 0 1
46
0.9412647785648625 -0.33766938954136844 1642.0656547630877 0.33766938954136844 0.9412647785648625 1055.9962699624841 0 0 1
47
-0.22781306597095735 0.9737048870026853 1587.1711304644898 -0.9737048870026853 -0.22781306597095735 1235.5789141631842 0 0 1
48
-0.9836245559095392 -0.18022966740179525 2240.696007454726 0.18022966740179525 -0.9836245559095392 454.97108732419315 0 0 1
49
-0.5520668273159485 -0.8337998669808617 2559.7409420506438 0.8337998669808617 -0.5520668273159485 739.61322598572 0 0 1
50
0.702878932080922 -0.7113095014385669 2116.159844632337 0.7113095014385669 0.702878932080922 703.3235492246013 0 0 1
51
0.8577943451442899 -0.5139930558270985 2015.0306932204262 0.5139930558270985 0.8577943451442899 95.70107499352696 0 0 1
52
-0.5629692588387849 0.8264778361229714 2061.3630438668392 -0.8264778361229714 -0.5629692588387849 2237.870558460434 0 0 1
53
-0.8730281739477758 -0.48766977299542796 2558.8002022605806 0.48766977299542796 -0.8730281739477758 1585.0805755004658 0 0 1
54
0.9588691614639825 -0.2838484299645835 1933.5309592119397 0.2838484299645835 0.9588691614639825 -190.57740009571256 0 0 1
55
-0.7148920982809039 -0.6992347873322138 2843.657032410939 0.6992347873322138 -0.7148920982809039 196.43988160431172 0 0 1
56
-0.10437108176267024 -0.9945384242409592 2723.205949144145 0.9945384242409592 -0.10437108176267024 892.6522034480998 0 0 1
57
-0.28571682661414033 -0.9583140899462688 2769.991754174809 0.9583140899462688 -0.28571682661414033 1268.2955634187135 0 0 1
58
0.3767937590993256 0.9262971786115941 1963.3748091522048 -0.9262971786115941 0.3767937590993256 1043.8683288561208 0 0 1
59
-0.8881090062367057 -0.45963288942508346 2803.7125680812946 0.45963288942508346 -0.8881090062367057 651.6842148540669 0 0 1
60
-0.45439282291776334 -0.8908014158502591 2797.908782331311 0.8908014158502591 -0.45439282291776334 1676.8130889297977 0 0 1
61
0.36669157951132225 -0.9303425635299567 2782.3318854578793 0.9303425635299567 0.36669157951132225 93.28572787047648 0 0 1
62
-0.04192613363532533 -0.9991207130864582 2932.9502801407225 0.9991207130864582 -0.04192613363532533 547.5051101831676 0 0 1
63
0.5840784368450219 0.8116972216366616 2164.132779749029 -0.8116972216366616 0.5840784368450219 1888.3137266017623 0 0 1
64
0.8726948706548157 -0.4882659753994481 2484.2126835469317 0.4882659753994481 0.8726948706548157 1082.1168530698797 0 0 1
65
0.7658429755813831 0.6430276329619536 2163.0013230045774 -0.6430276329619536 0.7658429755813831 1150.7517594035698 0 0 1
66
0.5904162705441365 -0.8070988957226698 2688.863368243827 0.8070988957226698 0.5904162705441365 -257.4160349571774 0 0 1
