Node 0
Node 1
Node 2
Node 3
Node 4
Node 5
Node 6
Node 7
Node 8
Node 9
Node 10
Node 11
Node 12
Node 13
Node 14
Node 15
Node 16
Node 17
Node 18
Node 19
Node 20
Node 21
Node 22
Node 23
Node 24
Node 25
Node 26
Node 27
Node 28
Node 29
Node 30
Node 31
Node 32
Node 33
Node 34
Node 35
Node 36
Node 37
Node 38
Node 39
Node 40
Node 41
Node 42
Node 43
Node 44
Node 45
Node 46
Node 47
Node 48
Node 49
Node 50
Node 51
Node 52
Node 53
Node 54
Node 55
Node 56
Node 57
Node 58
Node 59
Node 60
Node 61
Node 62
Node 63
Node 64
Node 65
0 1 306.0 -0.835813 0.549014 682.482030 -0.549014 -0.835813 616.044719 0.000000 0.000000 1.000000
0 1 306.0 -0.841590 0.540117 686.903452 -0.540117 -0.841590 613.115773 0.000000 0.000000 1.000000
0 1 167.0 -0.856740 0.515749 697.038386 -0.515749 -0.856740 604.173146 0.000000 0.000000 1.000000
0 1 113.0 -0.822924 0.568152 673.893026 -0.568152 -0.822924 620.520226 0.000000 0.000000 1.000000
0 10 377.0 0.655726 0.754999 -234.835495 -0.754999 0.655726 102.834437 0.000000 0.000000 1.000000
0 10 353.0 0.636476 0.771296 -235.605445 -0.771296 0.636476 114.771845 0.000000 0.000000 1.000000
0 10 343.0 0.661622 0.749838 -232.008441 -0.749838 0.661622 100.271672 0.000000 0.000000 1.000000
0 10 327.0 0.640184 0.768221 -236.449795 -0.768221 0.640184 111.171580 0.000000 0.000000 1.000000
0 10 264.0 0.678280 0.734803 -229.377251 -0.734803 0.678280 89.926080 0.000000 0.000000 1.000000
0 10 175.0 0.676799 0.736168 -228.828175 -0.736168 0.676799 92.428184 0.000000 0.000000 1.000000
0 10 128.0 0.602603 0.798041 -241.365684 -0.798041 0.602603 133.129213 0.000000 0.000000 1.000000
0 22 94.0 0.844709 0.535225 -282.825129 -0.535225 0.844709 -8.960683 0.000000 0.000000 1.000000
1 2 372.0 0.990621 0.136637 -222.571748 -0.136637 0.990621 360.885751 0.000000 0.000000 1.000000
1 2 372.0 0.990531 0.137290 -222.634259 -0.137290 0.990531 361.584042 0.000000 0.000000 1.000000
1 2 372.0 0.989705 0.143119 -223.067223 -0.143119 0.989705 364.077645 0.000000 0.000000 1.000000
1 2 355.0 0.992278 0.124035 -221.806181 -0.124035 0.992278 356.428337 0.000000 0.000000 1.000000
1 2 229.0 0.985833 0.167729 -224.359543 -0.167729 0.985833 372.767307 0.000000 0.000000 1.000000
1 2 193.0 0.983382 0.181547 -224.708042 -0.181547 0.983382 378.666322 0.000000 0.000000 1.000000
1 2 193.0 0.983282 0.182089 -225.111648 -0.182089 0.983282 378.528108 0.000000 0.000000 1.000000
1 7 217.0 -0.993533 0.113547 817.170872 -0.113547 -0.993533 819.632671 0.000000 0.000000 1.000000
1 7 187.0 -0.996887 0.078850 831.807786 -0.078850 -0.996887 803.347471 0.000000 0.000000 1.000000
1 11 86.0 0.808049 0.589115 72.518916 -0.589115 0.808049 429.781688 0.000000 0.000000 1.000000
1 51 286.0 -0.997819 -0.066015 375.506948 0.066015 -0.997819 506.050155 0.000000 0.000000 1.000000
2 3 367.0 0.996613 -0.082229 -159.200067 0.082229 0.996613 206.890629 0.000000 0.000000 1.000000
2 3 367.0 0.996270 -0.086291 -157.113331 0.086291 0.996270 206.140315 0.000000 0.000000 1.000000
2 3 367.0 0.997459 -0.071247 -160.513885 0.071247 0.997459 211.425577 0.000000 0.000000 1.000000
2 3 367.0 0.996008 -0.089265 -157.475788 0.089265 0.996008 203.911442 0.000000 0.000000 1.000000
2 3 367.0 0.996917 -0.078461 -159.744987 0.078461 0.996917 207.322501 0.000000 0.000000 1.000000
2 3 276.0 0.993673 -0.112314 -150.928133 0.112314 0.993673 195.823179 0.000000 0.000000 1.000000
2 3 213.0 0.997794 -0.066387 -164.406767 0.066387 0.997794 213.521562 0.000000 0.000000 1.000000
2 3 181.0 0.994274 -0.106861 -155.281380 0.106861 0.994274 198.485861 0.000000 0.000000 1.000000
2 4 261.0 -0.015914 -0.999873 427.546240 0.999873 -0.015914 -165.792659 0.000000 0.000000 1.000000
2 11 340.0 0.857493 0.514496 103.532443 -0.514496 0.857493 374.967937 0.000000 0.000000 1.000000
2 11 324.0 0.860405 0.509611 100.835402 -0.509611 0.860405 372.940829 0.000000 0.000000 1.000000
2 11 151.0 0.870677 0.491856 100.580213 -0.491856 0.870677 366.779595 0.000000 0.000000 1.000000
2 11 139.0 0.836331 0.548225 98.664536 -0.548225 0.836331 386.660786 0.000000 0.000000 1.000000
3 4 325.0 -0.053305 0.998578 -162.309072 -0.998578 -0.053305 902.985303 0.000000 0.000000 1.000000
3 4 303.0 -0.074790 0.997199 -151.817656 -0.997199 -0.074790 910.773612 0.000000 0.000000 1.000000
3 4 280.0 -0.059095 0.998252 -160.560125 -0.998252 -0.059095 904.144394 0.000000 0.000000 1.000000
3 4 133.0 -0.110432 0.993884 -136.790833 -0.993884 -0.110432 926.907381 0.000000 0.000000 1.000000
3 4 133.0 -0.120608 0.992700 -131.608146 -0.992700 -0.120608 931.643601 0.000000 0.000000 1.000000
3 8 179.0 -0.107461 0.994209 266.199960 -0.994209 -0.107461 798.426665 0.000000 0.000000 1.000000
3 8 177.0 -0.059595 0.998223 242.881876 -0.998223 -0.059595 787.169126 0.000000 0.000000 1.000000
3 8 164.0 -0.104213 0.994555 264.327218 -0.994555 -0.104213 796.666144 0.000000 0.000000 1.000000
3 8 99.0 -0.017541 0.999846 220.946219 -0.999846 -0.017541 776.447460 0.000000 0.000000 1.000000
3 8 99.0 -0.033214 0.999448 229.210986 -0.999448 -0.033214 780.975135 0.000000 0.000000 1.000000
4 5 221.0 0.801185 0.598416 -383.895896 -0.598416 0.801185 47.750846 0.000000 0.000000 1.000000
4 5 221.0 0.820398 0.571793 -380.139508 -0.571793 0.820398 28.505864 0.000000 0.000000 1.000000
4 5 221.0 0.783839 0.620964 -388.141643 -0.620964 0.783839 65.853866 0.000000 0.000000 1.000000
4 5 179.0 0.772329 0.635222 -389.789376 -0.635222 0.772329 76.784653 0.000000 0.000000 1.000000
4 9 451.0 0.284480 0.958682 -218.939145 -0.958682 0.284480 764.617071 0.000000 0.000000 1.000000
4 9 420.0 0.288511 0.957477 -221.451611 -0.957477 0.288511 763.821722 0.000000 0.000000 1.000000
4 9 393.0 0.295127 0.955458 -222.494650 -0.955458 0.295127 761.324819 0.000000 0.000000 1.000000
4 9 274.0 0.258509 0.966009 -210.968612 -0.966009 0.258509 779.568307 0.000000 0.000000 1.000000
4 9 157.0 0.316228 0.948683 -230.270189 -0.948683 0.316228 751.640436 0.000000 0.000000 1.000000
4 23 102.0 0.472018 0.881589 -246.877288 -0.881589 0.472018 672.039375 0.000000 0.000000 1.000000
4 23 102.0 0.483894 0.875127 -250.002300 -0.875127 0.483894 664.648955 0.000000 0.000000 1.000000
4 37 86.0 -0.815058 0.579379 236.919019 -0.579379 -0.815058 952.836277 0.000000 0.000000 1.000000
4 48 91.0 0.258875 -0.965911 324.921741 0.965911 0.258875 101.203909 0.000000 0.000000 1.000000
5 6 194.0 -0.718060 0.695981 86.690978 -0.695981 -0.718060 847.708787 0.000000 0.000000 1.000000
6 9 449.0 -0.173848 -0.984772 402.147680 0.984772 -0.173848 -142.855819 0.000000 0.000000 1.000000
6 9 449.0 -0.185087 -0.982722 404.972388 0.982722 -0.185087 -139.023256 0.000000 0.000000 1.000000
6 9 399.0 -0.173785 -0.984784 401.612994 0.984784 -0.173785 -143.487219 0.000000 0.000000 1.000000
6 9 388.0 -0.159575 -0.987186 396.097185 0.987186 -0.159575 -145.191866 0.000000 0.000000 1.000000
6 9 280.0 -0.189018 -0.981974 405.600020 0.981974 -0.189018 -137.644152 0.000000 0.000000 1.000000
6 9 269.0 -0.146237 -0.989250 390.243624 0.989250 -0.146237 -148.908537 0.000000 0.000000 1.000000
6 9 152.0 -0.227230 -0.973841 418.981581 0.973841 -0.227230 -129.047559 0.000000 0.000000 1.000000
6 17 468.0 -0.719401 -0.694595 897.125757 0.694595 -0.719401 94.769355 0.000000 0.000000 1.000000
6 17 389.0 -0.716859 -0.697219 897.639821 0.697219 -0.716859 92.923861 0.000000 0.000000 1.000000
6 17 389.0 -0.714951 -0.699175 897.081826 0.699175 -0.714951 91.888538 0.000000 0.000000 1.000000
6 17 342.0 -0.715815 -0.698290 896.840281 0.698290 -0.715815 92.010295 0.000000 0.000000 1.000000
6 17 160.0 -0.700920 -0.713240 898.394219 0.713240 -0.700920 79.122351 0.000000 0.000000 1.000000
6 17 160.0 -0.749695 -0.661783 896.491878 0.661783 -0.749695 119.894400 0.000000 0.000000 1.000000
6 17 132.0 -0.713847 -0.700302 892.883333 0.700302 -0.713847 90.727316 0.000000 0.000000 1.000000
6 17 121.0 -0.712212 -0.701964 894.994254 0.701964 -0.712212 86.844157 0.000000 0.000000 1.000000
6 25 353.0 -0.204944 -0.978774 1019.112458 0.978774 -0.204944 272.724006 0.000000 0.000000 1.000000
7 10 349.0 0.043437 0.999056 -137.382646 -0.999056 0.043437 898.446806 0.000000 0.000000 1.000000
7 10 299.0 0.032241 0.999480 -133.876821 -0.999480 0.032241 904.046329 0.000000 0.000000 1.000000
7 10 167.0 0.097571 0.995229 -155.324178 -0.995229 0.097571 872.616213 0.000000 0.000000 1.000000
7 11 405.0 -0.708745 -0.705464 899.961426 0.705464 -0.708745 3.453210 0.000000 0.000000 1.000000
7 11 405.0 -0.712595 -0.701576 899.992359 0.701576 -0.712595 6.953496 0.000000 0.000000 1.000000
7 11 405.0 -0.701770 -0.712403 898.234855 0.712403 -0.701770 -1.243563 0.000000 0.000000 1.000000
7 11 385.0 -0.702490 -0.711693 899.111292 0.711693 -0.702490 -1.683772 0.000000 0.000000 1.000000
7 11 385.0 -0.712272 -0.701904 900.073082 0.701904 -0.712272 4.674058 0.000000 0.000000 1.000000
7 11 342.0 -0.715200 -0.698919 902.457090 0.698919 -0.715200 6.731712 0.000000 0.000000 1.000000
7 11 206.0 -0.691178 -0.722685 897.203987 0.722685 -0.691178 -10.988972 0.000000 0.000000 1.000000
7 14 388.0 0.094551 -0.995520 403.687898 0.995520 0.094551 -152.614842 0.000000 0.000000 1.000000
7 14 319.0 0.078341 -0.996927 411.048879 0.996927 0.078341 -149.176137 0.000000 0.000000 1.000000
7 14 259.0 0.075391 -0.997154 409.126423 0.997154 0.075391 -149.472002 0.000000 0.000000 1.000000
7 48 124.0 -0.836124 -0.548540 910.979062 0.548540 -0.836124 61.315482 0.000000 0.000000 1.000000
7 50 112.0 0.628299 -0.777972 83.390055 0.777972 0.628299 -266.599520 0.000000 0.000000 1.000000
8 9 348.0 0.287505 0.957779 -309.149832 -0.957779 0.287505 351.569294 0.000000 0.000000 1.000000
8 9 330.0 0.285930 0.958251 -310.498401 -0.958251 0.285930 353.655554 0.000000 0.000000 1.000000
8 9 288.0 0.300578 0.953757 -311.456647 -0.953757 0.300578 345.468208 0.000000 0.000000 1.000000
8 9 277.0 0.267061 0.963679 -307.791883 -0.963679 0.267061 363.115841 0.000000 0.000000 1.000000
8 9 274.0 0.269964 0.962871 -308.378121 -0.962871 0.269964 361.948575 0.000000 0.000000 1.000000
8 11 399.0 0.539706 -0.841854 634.989178 0.841854 0.539706 67.256673 0.000000 0.000000 1.000000
8 11 345.0 0.522663 -0.852540 640.153037 0.852540 0.522663 72.022058 0.000000 0.000000 1.000000
8 11 345.0 0.539666 -0.841879 635.126520 0.841879 0.539666 68.731650 0.000000 0.000000 1.000000
8 11 129.0 0.582112 -0.813109 621.798025 0.813109 0.582112 61.647096 0.000000 0.000000 1.000000
8 13 119.0 -0.446543 0.894762 58.824682 -0.894762 -0.446543 915.540407 0.000000 0.000000 1.000000
8 13 94.0 -0.329683 0.944092 2.759235 -0.944092 -0.329683 882.718532 0.000000 0.000000 1.000000
9 11 103.0 0.726698 0.686957 140.025117 -0.686957 0.726698 439.292812 0.000000 0.000000 1.000000
9 16 287.0 0.935154 -0.354242 -92.184757 0.354242 0.935154 -171.125589 0.000000 0.000000 1.000000
9 16 258.0 0.915315 -0.402739 -70.583197 0.402739 0.915315 -185.161892 0.000000 0.000000 1.000000
9 16 205.0 0.919145 -0.393919 -75.636102 0.393919 0.919145 -184.029358 0.000000 0.000000 1.000000
9 16 125.0 0.934998 -0.354654 -88.614186 0.354654 0.934998 -172.294117 0.000000 0.000000 1.000000
9 29 92.0 -0.422885 -0.906183 996.610751 0.906183 -0.422885 234.399076 0.000000 0.000000 1.000000
9 31 152.0 -0.852092 0.523392 234.559591 -0.523392 -0.852092 608.056718 0.000000 0.000000 1.000000
9 37 96.0 0.384615 0.923077 -367.269231 -0.923077 0.384615 401.346154 0.000000 0.000000 1.000000
9 45 127.0 -0.728848 0.684675 199.611962 -0.684675 -0.728848 1096.921300 0.000000 0.000000 1.000000
9 45 108.0 -0.774865 0.632127 221.828101 -0.632127 -0.774865 1085.532463 0.000000 0.000000 1.000000
10 12 407.0 -0.089793 0.995960 126.611237 -0.995960 -0.089793 444.911533 0.000000 0.000000 1.000000
10 12 407.0 -0.085401 0.996347 125.443559 -0.996347 -0.085401 444.143144 0.000000 0.000000 1.000000
10 12 407.0 -0.099504 0.995037 129.471968 -0.995037 -0.099504 447.684855 0.000000 0.000000 1.000000
10 12 150.0 -0.132743 0.991150 138.035398 -0.991150 -0.132743 456.530973 0.000000 0.000000 1.000000
10 12 127.0 -0.036785 0.999323 116.808637 -0.999323 -0.036785 425.385323 0.000000 0.000000 1.000000
10 12 124.0 -0.109249 0.994014 -61.743823 -0.994014 -0.109249 879.762489 0.000000 0.000000 1.000000
10 12 122.0 -0.057532 0.998344 121.363546 -0.998344 -0.057532 435.943717 0.000000 0.000000 1.000000
10 25 135.0 -0.058722 -0.998274 485.750063 0.998274 -0.058722 324.343577 0.000000 0.000000 1.000000
11 15 85.0 -0.643192 0.765705 346.645517 -0.765705 -0.643192 959.469135 0.000000 0.000000 1.000000
11 22 93.0 0.941075 0.338199 -378.372044 -0.338199 0.941075 201.634338 0.000000 0.000000 1.000000
11 27 125.0 -0.206111 -0.978529 606.347005 0.978529 -0.206111 -212.863999 0.000000 0.000000 1.000000
11 37 124.0 0.923208 0.384302 -419.743257 -0.384302 0.923208 224.462118 0.000000 0.000000 1.000000
11 37 86.0 0.929129 0.369755 -415.085979 -0.369755 0.929129 215.428081 0.000000 0.000000 1.000000
12 14 293.0 -0.058722 0.998274 -129.564457 -0.998274 -0.058722 941.600010 0.000000 0.000000 1.000000
12 14 264.0 -0.070531 0.997510 -123.915015 -0.997510 -0.070531 946.179614 0.000000 0.000000 1.000000
12 14 190.0 -0.019227 0.999815 -149.879188 -0.999815 -0.019227 928.156969 0.000000 0.000000 1.000000
12 14 121.0 -0.016546 0.999863 -148.860456 -0.999863 -0.016546 924.423903 0.000000 0.000000 1.000000
12 22 386.0 -0.385952 -0.922519 955.542617 0.922519 -0.385952 265.569100 0.000000 0.000000 1.000000
12 22 386.0 -0.374789 -0.927110 956.155055 0.927110 -0.374789 259.900931 0.000000 0.000000 1.000000
12 22 386.0 -0.375520 -0.926814 956.502994 0.926814 -0.375520 259.269036 0.000000 0.000000 1.000000
12 22 371.0 -0.393278 -0.919420 956.605711 0.919420 -0.393278 270.395863 0.000000 0.000000 1.000000
12 22 338.0 -0.389946 -0.920838 957.743010 0.920838 -0.389946 270.046738 0.000000 0.000000 1.000000
13 15 225.0 0.755096 -0.655614 32.682618 0.655614 0.755096 -10.934631 0.000000 0.000000 1.000000
13 15 225.0 0.766155 -0.642656 25.479047 0.642656 0.766155 -8.585272 0.000000 0.000000 1.000000
13 15 225.0 0.768980 -0.639273 23.840412 0.639273 0.768980 -7.356245 0.000000 0.000000 1.000000
13 15 225.0 0.761589 -0.648060 28.142909 0.648060 0.761589 -8.595884 0.000000 0.000000 1.000000
13 15 188.0 0.783839 -0.620964 17.054452 0.620964 0.783839 -3.868884 0.000000 0.000000 1.000000
13 15 168.0 0.737154 -0.675725 41.240203 0.675725 0.737154 -13.561095 0.000000 0.000000 1.000000
13 18 201.0 -0.812623 0.582790 274.907252 -0.582790 -0.812623 560.940962 0.000000 0.000000 1.000000
13 18 97.0 -0.807391 0.590017 270.683505 -0.590017 -0.807391 561.969025 0.000000 0.000000 1.000000
13 18 97.0 -0.789352 0.613941 261.229650 -0.613941 -0.789352 559.370522 0.000000 0.000000 1.000000
13 60 98.0 0.611366 0.791348 -227.958936 -0.791348 0.611366 175.145699 0.000000 0.000000 1.000000
14 15 239.0 0.168964 0.985622 -312.494716 -0.985622 0.168964 405.352508 0.000000 0.000000 1.000000
14 15 239.0 0.146237 0.989250 -311.454900 -0.989250 0.146237 416.871342 0.000000 0.000000 1.000000
14 15 224.0 0.145114 0.989415 -311.911259 -0.989415 0.145114 416.888174 0.000000 0.000000 1.000000
14 15 213.0 0.172555 0.985000 -315.613323 -0.985000 0.172555 403.929478 0.000000 0.000000 1.000000
14 15 185.0 0.123892 0.992296 -305.251937 -0.992296 0.123892 427.977684 0.000000 0.000000 1.000000
14 20 111.0 0.010822 -0.999941 567.726393 0.999941 0.010822 199.825167 0.000000 0.000000 1.000000
14 23 352.0 0.360623 0.932712 -210.319050 -0.932712 0.360623 723.817708 0.000000 0.000000 1.000000
14 23 315.0 0.371391 0.928477 -215.778597 -0.928477 0.371391 717.215592 0.000000 0.000000 1.000000
14 23 315.0 0.367232 0.930129 -214.200177 -0.930129 0.367232 720.014994 0.000000 0.000000 1.000000
14 23 315.0 0.385335 0.922777 -219.609048 -0.922777 0.385335 710.020973 0.000000 0.000000 1.000000
14 41 96.0 -0.854199 -0.519947 1028.412104 0.519947 -0.854199 535.785941 0.000000 0.000000 1.000000
14 41 96.0 -0.844455 -0.535626 1030.277264 0.535626 -0.844455 524.761634 0.000000 0.000000 1.000000
14 55 98.0 -0.786501 0.617588 136.028951 -0.617588 -0.786501 639.759972 0.000000 0.000000 1.000000
15 21 339.0 -0.857493 0.514496 188.863619 -0.514496 -0.857493 676.587199 0.000000 0.000000 1.000000
15 21 278.0 -0.869351 0.494195 195.845179 -0.494195 -0.869351 676.608416 0.000000 0.000000 1.000000
15 21 211.0 -0.870022 0.493013 199.500409 -0.493013 -0.870022 677.864104 0.000000 0.000000 1.000000
15 36 81.0 -0.987215 -0.159394 859.933046 0.159394 -0.987215 650.236353 0.000000 0.000000 1.000000
16 17 279.0 0.970664 -0.240440 79.738264 0.240440 0.970664 -410.629988 0.000000 0.000000 1.000000
16 17 279.0 0.968277 -0.249878 84.168597 0.249878 0.968277 -413.978352 0.000000 0.000000 1.000000
16 17 279.0 0.973798 -0.227414 71.388928 0.227414 0.973798 -408.469821 0.000000 0.000000 1.000000
16 17 279.0 0.967027 -0.254675 87.681060 0.254675 0.967027 -414.936618 0.000000 0.000000 1.000000
16 17 279.0 0.974279 -0.225344 69.986312 0.225344 0.974279 -407.507488 0.000000 0.000000 1.000000
16 17 279.0 0.972665 -0.232213 74.007778 0.232213 0.972665 -408.692910 0.000000 0.000000 1.000000
16 17 100.0 0.984658 -0.174496 41.914836 0.174496 0.984658 -389.098245 0.000000 0.000000 1.000000
16 20 347.0 0.854199 0.519947 -300.288086 -0.519947 0.854199 181.682226 0.000000 0.000000 1.000000
16 20 323.0 0.847998 0.529999 -300.737955 -0.529999 0.847998 189.300095 0.000000 0.000000 1.000000
16 20 275.0 0.865664 0.500625 -298.245831 -0.500625 0.865664 170.423560 0.000000 0.000000 1.000000
16 20 183.0 0.866386 0.499375 -296.779254 -0.499375 0.866386 167.484969 0.000000 0.000000 1.000000
16 20 116.0 0.830450 0.557093 -301.712803 -0.557093 0.830450 206.086505 0.000000 0.000000 1.000000
16 28 84.0 -0.962374 -0.271729 526.989235 0.271729 -0.962374 526.997310 0.000000 0.000000 1.000000
16 28 84.0 -0.963088 -0.269186 525.893200 0.269186 -0.963088 527.415948 0.000000 0.000000 1.000000
16 34 81.0 0.995859 -0.090908 63.357580 0.090908 0.995859 299.784507 0.000000 0.000000 1.000000
16 57 91.0 0.184289 0.982872 1.215090 -0.982872 0.184289 891.612890 0.000000 0.000000 1.000000
17 19 351.0 -0.441160 0.897428 6.028826 -0.897428 -0.441160 771.283556 0.000000 0.000000 1.000000
17 19 280.0 -0.462834 0.886445 15.317030 -0.886445 -0.462834 775.188104 0.000000 0.000000 1.000000
17 19 181.0 -0.429239 0.903191 2.909423 -0.903191 -0.429239 768.266006 0.000000 0.000000 1.000000
17 19 157.0 -0.424841 0.905268 1.879529 -0.905268 -0.424841 766.907790 0.000000 0.000000 1.000000
17 40 162.0 0.992384 -0.123179 -164.328171 0.123179 0.992384 -16.734073 0.000000 0.000000 1.000000
17 57 83.0 0.081290 0.996690 62.262197 -0.996690 0.081290 963.714190 0.000000 0.000000 1.000000
18 20 263.0 -0.996183 -0.087294 504.037279 0.087294 -0.996183 900.007466 0.000000 0.000000 1.000000
18 21 332.0 0.803267 -0.595620 414.688290 0.595620 0.803267 -368.294503 0.000000 0.000000 1.000000
18 21 297.0 0.820905 -0.571064 397.486944 0.571064 0.820905 -368.390172 0.000000 0.000000 1.000000
18 21 92.0 -0.800000 0.600000 115.200000 -0.600000 -0.800000 612.400000 0.000000 0.000000 1.000000
18 26 294.0 -0.795569 -0.605863 1015.517196 0.605863 -0.795569 516.708289 0.000000 0.000000 1.000000
18 26 200.0 -0.780459 -0.625207 1019.705949 0.625207 -0.780459 505.763904 0.000000 0.000000 1.000000
18 26 136.0 -0.761411 -0.648270 1015.934898 0.648270 -0.761411 484.124363 0.000000 0.000000 1.000000
19 20 289.0 0.301569 -0.953444 208.680564 0.953444 0.301569 -163.777888 0.000000 0.000000 1.000000
19 20 289.0 0.325991 -0.945373 198.171795 0.945373 0.325991 -164.161921 0.000000 0.000000 1.000000
19 20 231.0 0.332482 -0.943110 197.368265 0.943110 0.332482 -163.548293 0.000000 0.000000 1.000000
19 22 93.0 -0.990152 0.139996 482.700441 -0.139996 -0.990152 912.824890 0.000000 0.000000 1.000000
19 25 355.0 -0.124035 0.992278 120.000991 -0.992278 -0.124035 360.136564 0.000000 0.000000 1.000000
19 25 355.0 -0.133317 0.991073 122.267698 -0.991073 -0.133317 362.793354 0.000000 0.000000 1.000000
19 25 263.0 -0.096126 0.995369 117.435883 -0.995369 -0.096126 352.763290 0.000000 0.000000 1.000000
19 25 214.0 -0.149253 0.988799 123.119420 -0.988799 -0.149253 367.092204 0.000000 0.000000 1.000000
20 24 454.0 0.985212 -0.171341 -207.070167 0.171341 0.985212 -201.368506 0.000000 0.000000 1.000000
20 24 400.0 0.984110 -0.177561 -202.106172 0.177561 0.984110 -204.635305 0.000000 0.000000 1.000000
20 24 278.0 0.979114 -0.203313 -188.927463 0.203313 0.979114 -214.339862 0.000000 0.000000 1.000000
20 24 223.0 0.976187 -0.216930 -180.736910 0.216930 0.976187 -217.959586 0.000000 0.000000 1.000000
20 24 223.0 0.987787 -0.155812 -213.833142 0.155812 0.987787 -196.072133 0.000000 0.000000 1.000000
20 24 176.0 0.989056 -0.147539 -211.689358 0.147539 0.989056 -189.692045 0.000000 0.000000 1.000000
20 24 134.0 0.989949 -0.141421 -213.177185 0.141421 0.989949 -186.136320 0.000000 0.000000 1.000000
20 46 89.0 -0.337615 -0.941284 526.396330 0.941284 -0.337615 19.721101 0.000000 0.000000 1.000000
20 48 129.0 0.869457 0.494009 -365.909209 -0.494009 0.869457 50.841096 0.000000 0.000000 1.000000
21 23 460.0 -0.951223 -0.308505 682.083340 0.308505 -0.951223 214.270356 0.000000 0.000000 1.000000
21 23 460.0 -0.953725 -0.300682 681.655784 0.300682 -0.953725 217.167123 0.000000 0.000000 1.000000
21 23 460.0 -0.953875 -0.300204 681.410231 0.300204 -0.953875 217.517836 0.000000 0.000000 1.000000
21 23 460.0 -0.952424 -0.304776 681.936868 0.304776 -0.952424 215.527416 0.000000 0.000000 1.000000
21 23 450.0 -0.954192 -0.299196 681.693139 0.299196 -0.954192 217.957839 0.000000 0.000000 1.000000
21 23 406.0 -0.946931 -0.321435 682.641960 0.321435 -0.946931 207.670628 0.000000 0.000000 1.000000
21 23 290.0 -0.943074 -0.332582 683.225156 0.332582 -0.943074 203.405283 0.000000 0.000000 1.000000
21 23 195.0 -0.971136 -0.238525 676.130159 0.238525 -0.971136 240.178985 0.000000 0.000000 1.000000
21 23 132.0 -0.967459 -0.253028 677.256215 0.253028 -0.967459 233.916191 0.000000 0.000000 1.000000
21 23 105.0 0.944761 0.327759 -375.674473 -0.327759 0.944761 215.754623 0.000000 0.000000 1.000000
22 23 332.0 0.043437 -0.999056 933.937409 0.999056 0.043437 17.402159 0.000000 0.000000 1.000000
22 23 332.0 0.053864 -0.998548 931.210701 0.998548 0.053864 13.188391 0.000000 0.000000 1.000000
22 23 303.0 0.074420 -0.997227 924.031150 0.997227 0.074420 3.904452 0.000000 0.000000 1.000000
22 23 250.0 0.037947 -0.999280 934.801856 0.999280 0.037947 19.889856 0.000000 0.000000 1.000000
22 23 145.0 0.014865 -0.999890 947.389263 0.999890 0.014865 31.887471 0.000000 0.000000 1.000000
22 28 388.0 -0.133344 0.991070 48.606017 -0.991070 -0.133344 415.606273 0.000000 0.000000 1.000000
22 28 388.0 -0.131958 0.991255 47.570298 -0.991255 -0.131958 412.763142 0.000000 0.000000 1.000000
22 28 207.0 -0.160140 0.987094 54.586082 -0.987094 -0.160140 418.864216 0.000000 0.000000 1.000000
22 28 133.0 -0.175981 0.984394 57.852409 -0.984394 -0.175981 419.744944 0.000000 0.000000 1.000000
22 47 255.0 -0.084022 0.996464 -357.555067 -0.996464 -0.084022 613.961400 0.000000 0.000000 1.000000
23 29 280.0 -0.115823 -0.993270 398.753531 0.993270 -0.115823 8.679768 0.000000 0.000000 1.000000
23 29 230.0 -0.099813 -0.995006 393.888831 0.995006 -0.099813 4.608537 0.000000 0.000000 1.000000
23 37 92.0 0.998335 -0.057682 64.012205 0.057682 0.998335 -290.317569 0.000000 0.000000 1.000000
24 25 360.0 -0.999826 0.018663 741.981812 -0.018663 -0.999826 321.829410 0.000000 0.000000 1.000000
24 25 329.0 -1.000000 0.000000 745.000000 -0.000000 -1.000000 314.000000 0.000000 0.000000 1.000000
24 25 150.0 -0.999472 -0.032503 751.209226 0.032503 -0.999472 298.468315 0.000000 0.000000 1.000000
24 26 326.0 0.744735 0.667360 -238.392028 -0.667360 0.744735 588.547004 0.000000 0.000000 1.000000
24 26 241.0 0.711671 0.702513 -233.970235 -0.702513 0.711671 612.760129 0.000000 0.000000 1.000000
24 32 154.0 -0.459592 -0.888130 986.176293 0.888130 -0.459592 253.119874 0.000000 0.000000 1.000000
24 34 461.0 -0.880572 0.473913 203.433096 -0.473913 -0.880572 658.132733 0.000000 0.000000 1.000000
24 34 461.0 -0.891278 0.453457 213.699497 -0.453457 -0.891278 655.634395 0.000000 0.000000 1.000000
24 34 350.0 -0.879807 0.475332 202.351874 -0.475332 -0.879807 656.849782 0.000000 0.000000 1.000000
24 34 325.0 -0.894427 0.447214 217.354796 -0.447214 -0.894427 656.805849 0.000000 0.000000 1.000000
24 34 178.0 -0.870563 0.492057 198.228475 -0.492057 -0.870563 659.843493 0.000000 0.000000 1.000000
24 46 93.0 0.132955 0.991122 -334.621285 -0.991122 0.132955 507.326820 0.000000 0.000000 1.000000
24 48 108.0 0.789352 0.613941 -480.794514 -0.613941 0.789352 170.896520 0.000000 0.000000 1.000000
24 56 115.0 0.564684 0.825307 -365.808051 -0.825307 0.564684 296.966453 0.000000 0.000000 1.000000
24 56 81.0 -0.531247 -0.847217 508.454379 0.847217 -0.531247 117.493824 0.000000 0.000000 1.000000
25 35 433.0 0.130455 0.991454 208.052405 -0.991454 0.130455 683.528705 0.000000 0.000000 1.000000
25 35 433.0 0.128410 0.991721 209.530147 -0.991721 0.128410 683.553361 0.000000 0.000000 1.000000
25 35 398.0 0.116228 0.993223 211.598469 -0.993223 0.116228 688.511781 0.000000 0.000000 1.000000
25 35 234.0 0.156414 0.987692 198.803396 -0.987692 0.156414 675.910844 0.000000 0.000000 1.000000
25 35 145.0 0.106341 0.994330 218.863539 -0.994330 0.106341 690.499637 0.000000 0.000000 1.000000
25 35 145.0 0.103270 0.994653 219.447891 -0.994653 0.103270 691.391060 0.000000 0.000000 1.000000
26 27 347.0 -0.004367 0.999990 -264.305450 -0.999990 -0.004367 755.607644 0.000000 0.000000 1.000000
26 27 297.0 0.000000 1.000000 -265.000000 -1.000000 0.000000 753.000000 0.000000 0.000000 1.000000
26 27 296.0 -0.029333 0.999570 -255.902135 -0.999570 -0.029333 767.440715 0.000000 0.000000 1.000000
26 27 296.0 -0.023250 0.999730 -256.392418 -0.999730 -0.023250 764.881202 0.000000 0.000000 1.000000
26 27 154.0 -0.079395 0.996843 -238.197698 -0.996843 -0.079395 792.827555 0.000000 0.000000 1.000000
26 27 107.0 -0.077778 0.996971 -238.603535 -0.996971 -0.077778 793.075120 0.000000 0.000000 1.000000
26 33 291.0 -0.707107 0.707107 226.892659 -0.707107 -0.707107 539.158207 0.000000 0.000000 1.000000
26 33 291.0 -0.715890 0.698213 232.042332 -0.698213 -0.715890 538.562510 0.000000 0.000000 1.000000
26 33 291.0 -0.705464 0.708745 227.106707 -0.708745 -0.705464 538.197521 0.000000 0.000000 1.000000
26 33 291.0 -0.716196 0.697899 232.648414 -0.697899 -0.716196 538.811787 0.000000 0.000000 1.000000
26 33 274.0 -0.699140 0.714985 224.587546 -0.714985 -0.699140 536.962577 0.000000 0.000000 1.000000
26 33 240.0 -0.692680 0.721245 220.668707 -0.721245 -0.692680 538.448112 0.000000 0.000000 1.000000
26 33 166.0 -0.737154 0.675725 244.229662 -0.675725 -0.737154 541.158921 0.000000 0.000000 1.000000
26 33 156.0 -0.680451 0.732793 214.842396 -0.732793 -0.680451 536.633732 0.000000 0.000000 1.000000
27 29 228.0 -0.509492 0.860475 70.230285 -0.860475 -0.509492 446.329551 0.000000 0.000000 1.000000
27 32 438.0 0.294756 -0.955573 727.625709 0.955573 0.294756 -160.680937 0.000000 0.000000 1.000000
27 32 438.0 0.284447 -0.958692 732.116554 0.958692 0.284447 -155.973633 0.000000 0.000000 1.000000
27 32 438.0 0.293332 -0.956011 729.742043 0.956011 0.293332 -158.711687 0.000000 0.000000 1.000000
27 32 438.0 0.292485 -0.956270 729.534276 0.956270 0.292485 -158.973309 0.000000 0.000000 1.000000
27 32 334.0 0.303664 -0.952779 723.684923 0.952779 0.303664 -160.366565 0.000000 0.000000 1.000000
27 32 307.0 0.270746 -0.962651 738.976867 0.962651 0.270746 -152.698224 0.000000 0.000000 1.000000
27 32 210.0 0.326496 -0.945199 717.159899 0.945199 0.326496 -169.869704 0.000000 0.000000 1.000000
27 32 135.0 0.273880 -0.961764 740.963965 0.961764 0.273880 -154.536370 0.000000 0.000000 1.000000
27 37 101.0 0.447214 -0.894427 349.647981 0.894427 0.447214 -421.667223 0.000000 0.000000 1.000000
28 29 223.0 0.188348 0.982102 -114.863254 -0.982102 0.188348 891.160979 0.000000 0.000000 1.000000
28 29 215.0 0.178885 0.983870 -111.236336 -0.983870 0.178885 896.195284 0.000000 0.000000 1.000000
28 29 197.0 0.229039 0.973417 -132.401697 -0.973417 0.229039 874.263651 0.000000 0.000000 1.000000
28 29 161.0 0.182089 0.983282 -113.712030 -0.983282 0.182089 896.100259 0.000000 0.000000 1.000000
28 29 92.0 0.135113 0.990830 -90.135849 -0.990830 0.135113 915.746415 0.000000 0.000000 1.000000
28 30 282.0 -0.605305 -0.795994 986.252947 0.795994 -0.605305 336.654469 0.000000 0.000000 1.000000
28 30 282.0 -0.595095 -0.803656 985.899144 0.803656 -0.595095 330.072782 0.000000 0.000000 1.000000
28 30 222.0 -0.587303 -0.809367 985.142706 0.809367 -0.587303 324.964263 0.000000 0.000000 1.000000
28 38 89.0 -0.568979 0.822352 178.482366 -0.822352 -0.568979 993.964939 0.000000 0.000000 1.000000
29 31 271.0 -0.148723 -0.988879 653.592168 0.988879 -0.148723 247.763257 0.000000 0.000000 1.000000
29 31 271.0 -0.130914 -0.991394 650.223698 0.991394 -0.130914 243.888473 0.000000 0.000000 1.000000
29 31 271.0 -0.146746 -0.989174 653.199028 0.989174 -0.146746 247.589257 0.000000 0.000000 1.000000
29 31 271.0 -0.140992 -0.990011 650.975986 0.990011 -0.140992 245.909091 0.000000 0.000000 1.000000
29 31 271.0 -0.134303 -0.990940 650.318312 0.990940 -0.134303 243.791184 0.000000 0.000000 1.000000
30 31 134.0 -0.236352 0.971668 390.659103 -0.971668 -0.236352 603.668658 0.000000 0.000000 1.000000
30 40 484.0 -0.055071 0.998482 -52.704270 -0.998482 -0.055071 448.555178 0.000000 0.000000 1.000000
30 40 484.0 -0.069598 0.997575 -49.166812 -0.997575 -0.069598 453.436374 0.000000 0.000000 1.000000
30 40 443.0 -0.056911 0.998379 -52.334115 -0.998379 -0.056911 447.809422 0.000000 0.000000 1.000000
30 40 424.0 -0.060575 0.998164 -51.364450 -0.998164 -0.060575 451.333148 0.000000 0.000000 1.000000
30 40 424.0 -0.050660 0.998716 -53.829631 -0.998716 -0.050660 447.987856 0.000000 0.000000 1.000000
30 40 277.0 -0.087782 0.996140 -45.391503 -0.996140 -0.087782 456.910674 0.000000 0.000000 1.000000
30 40 240.0 -0.034281 0.999412 -57.619936 -0.999412 -0.034281 440.941011 0.000000 0.000000 1.000000
30 40 211.0 -0.028560 0.999592 -58.717689 -0.999592 -0.028560 442.344366 0.000000 0.000000 1.000000
30 40 153.0 -0.104685 0.994505 -42.010837 -0.994505 -0.104685 458.843254 0.000000 0.000000 1.000000
30 41 100.0 -0.109233 -0.994016 943.689953 0.994016 -0.109233 -96.276588 0.000000 0.000000 1.000000
31 32 130.0 0.039741 0.999210 148.369547 -0.999210 0.039741 656.035238 0.000000 0.000000 1.000000
31 32 128.0 -0.047068 -0.998892 682.470468 0.998892 -0.047068 346.446232 0.000000 0.000000 1.000000
31 32 128.0 -0.045516 -0.998964 681.623445 0.998964 -0.045516 345.491082 0.000000 0.000000 1.000000
31 32 128.0 -0.039680 -0.999212 681.536710 0.999212 -0.039680 342.924761 0.000000 0.000000 1.000000
31 32 93.0 -0.098988 -0.995089 686.944461 0.995089 -0.098988 367.493158 0.000000 0.000000 1.000000
31 36 435.0 -0.627358 -0.778731 980.970816 0.778731 -0.627358 279.461400 0.000000 0.000000 1.000000
31 36 390.0 -0.631271 -0.775562 979.963959 0.775562 -0.631271 283.721777 0.000000 0.000000 1.000000
31 36 224.0 -0.618872 -0.785492 977.043094 0.785492 -0.618872 273.831957 0.000000 0.000000 1.000000
31 36 189.0 -0.608761 -0.793353 980.351936 0.793353 -0.608761 266.968429 0.000000 0.000000 1.000000
31 36 162.0 -0.652370 -0.757901 985.384221 0.757901 -0.652370 299.248337 0.000000 0.000000 1.000000
31 36 142.0 -0.651671 -0.758502 978.042704 0.758502 -0.651671 300.603983 0.000000 0.000000 1.000000
31 36 135.0 -0.596585 -0.802550 971.402655 0.802550 -0.596585 260.244110 0.000000 0.000000 1.000000
31 37 157.0 0.151226 -0.988499 791.412951 0.988499 0.151226 -61.299442 0.000000 0.000000 1.000000
31 37 110.0 0.113547 -0.993533 805.940565 0.993533 0.113547 -45.821790 0.000000 0.000000 1.000000
31 46 134.0 0.393919 -0.919145 669.264220 0.919145 0.393919 -131.671428 0.000000 0.000000 1.000000
31 57 110.0 0.294086 0.955779 -63.894207 -0.955779 0.294086 834.193861 0.000000 0.000000 1.000000
31 57 97.0 0.279092 0.960264 -58.030135 -0.960264 0.279092 842.594905 0.000000 0.000000 1.000000
32 37 449.0 0.987181 0.159604 -60.294366 -0.159604 0.987181 -163.262482 0.000000 0.000000 1.000000
32 37 449.0 0.985056 0.172234 -65.530520 -0.172234 0.985056 -157.677794 0.000000 0.000000 1.000000
32 37 449.0 0.986394 0.164399 -62.302386 -0.164399 0.986394 -161.822888 0.000000 0.000000 1.000000
32 37 361.0 0.988235 0.152941 -57.435294 -0.152941 0.988235 -166.158824 0.000000 0.000000 1.000000
32 37 280.0 0.989250 0.146237 -55.069516 -0.146237 0.989250 -166.334303 0.000000 0.000000 1.000000
32 37 155.0 0.981491 0.191510 -73.419291 -0.191510 0.981491 -153.610180 0.000000 0.000000 1.000000
32 37 134.0 0.983547 0.180652 -16.254183 -0.180652 0.983547 256.820179 0.000000 0.000000 1.000000
32 37 118.0 0.978479 0.206346 -80.556830 -0.206346 0.978479 -141.244942 0.000000 0.000000 1.000000
32 48 90.0 0.908321 -0.418273 136.454518 0.418273 0.908321 140.063641 0.000000 0.000000 1.000000
32 48 90.0 0.917070 -0.398726 129.475669 0.398726 0.917070 141.626244 0.000000 0.000000 1.000000
32 48 81.0 0.863188 -0.504883 195.827633 0.504883 0.863188 -366.605833 0.000000 0.000000 1.000000
33 34 218.0 0.907563 -0.419917 91.016865 0.419917 0.907563 175.493753 0.000000 0.000000 1.000000
33 34 218.0 0.909049 -0.416689 90.390629 0.416689 0.909049 176.541263 0.000000 0.000000 1.000000
33 34 218.0 0.895194 -0.445676 98.571335 0.445676 0.895194 170.601822 0.000000 0.000000 1.000000
33 34 160.0 0.882353 -0.470588 105.588235 0.470588 0.882353 165.647059 0.000000 0.000000 1.000000
33 34 91.0 0.900724 -0.434392 92.835262 0.434392 0.900724 170.038924 0.000000 0.000000 1.000000
33 38 193.0 -0.520855 0.853645 393.491287 -0.853645 -0.520855 824.770436 0.000000 0.000000 1.000000
33 38 193.0 -0.535969 0.844238 401.857909 -0.844238 -0.535969 823.113380 0.000000 0.000000 1.000000
33 38 87.0 -0.572708 0.819759 423.094860 -0.819759 -0.572708 822.378003 0.000000 0.000000 1.000000
33 41 107.0 -0.536875 0.843661 144.724823 -0.843661 -0.536875 991.278177 0.000000 0.000000 1.000000
34 35 154.0 -0.327283 0.944926 173.582414 -0.944926 -0.327283 1059.950797 0.000000 0.000000 1.000000
34 35 134.0 -0.295470 0.955352 155.137037 -0.955352 -0.295470 1052.690884 0.000000 0.000000 1.000000
34 35 90.0 -0.382243 0.924062 207.592520 -0.924062 -0.382243 1066.642684 0.000000 0.000000 1.000000
34 37 130.0 -0.024214 0.999707 197.315853 -0.999707 -0.024214 661.085468 0.000000 0.000000 1.000000
34 39 326.0 0.732336 0.680944 48.130904 -0.680944 0.732336 283.984109 0.000000 0.000000 1.000000
34 39 326.0 0.731025 0.682351 47.989281 -0.682351 0.731025 285.517869 0.000000 0.000000 1.000000
34 39 326.0 0.727955 0.685625 47.251793 -0.685625 0.727955 287.396744 0.000000 0.000000 1.000000
34 39 288.0 0.723803 0.690007 48.680530 -0.690007 0.723803 287.803917 0.000000 0.000000 1.000000
34 39 107.0 0.760706 0.649097 53.907861 -0.649097 0.760706 269.122919 0.000000 0.000000 1.000000
34 59 84.0 0.245422 0.969416 -127.026869 -0.969416 0.245422 255.200271 0.000000 0.000000 1.000000
35 41 414.0 0.690063 0.723749 -170.922902 -0.723749 0.690063 506.370816 0.000000 0.000000 1.000000
35 41 377.0 0.680451 0.732793 -168.888356 -0.732793 0.680451 512.802193 0.000000 0.000000 1.000000
35 41 352.0 0.676799 0.736168 -168.496533 -0.736168 0.676799 514.369357 0.000000 0.000000 1.000000
35 41 306.0 0.677400 0.735615 -168.488128 -0.735615 0.677400 515.738753 0.000000 0.000000 1.000000
35 41 197.0 0.663710 0.747990 -168.565455 -0.747990 0.663710 523.390951 0.000000 0.000000 1.000000
35 41 151.0 0.713809 0.700341 -173.474387 -0.700341 0.713809 488.875913 0.000000 0.000000 1.000000
35 41 110.0 0.654064 0.756439 -165.009150 -0.756439 0.654064 526.440580 0.000000 0.000000 1.000000
36 37 364.0 0.680112 0.733108 89.409793 -0.733108 0.680112 107.065894 0.000000 0.000000 1.000000
36 37 318.0 0.688508 0.725229 92.021549 -0.725229 0.688508 102.790862 0.000000 0.000000 1.000000
36 37 153.0 -0.670540 -0.741874 963.335247 0.741874 -0.670540 486.161778 0.000000 0.000000 1.000000
36 40 303.0 -0.447214 0.894427 -80.342702 -0.894427 -0.447214 971.083100 0.000000 0.000000 1.000000
36 40 160.0 -0.461252 0.887269 -68.673918 -0.887269 -0.461252 972.981049 0.000000 0.000000 1.000000
36 40 127.0 -0.501718 0.865031 -42.344420 -0.865031 -0.501718 983.767418 0.000000 0.000000 1.000000
36 40 119.0 -0.504883 0.863188 -37.429016 -0.863188 -0.504883 983.065051 0.000000 0.000000 1.000000
36 40 105.0 -0.521785 0.853077 -26.620076 -0.853077 -0.521785 986.826350 0.000000 0.000000 1.000000
36 40 82.0 -0.564684 0.825307 4.320044 -0.825307 -0.564684 996.275068 0.000000 0.000000 1.000000
36 43 185.0 -0.445836 0.895115 -27.085112 -0.895115 -0.445836 582.971447 0.000000 0.000000 1.000000
36 43 89.0 -0.470090 0.882618 -35.224010 -0.882618 -0.470090 920.243422 0.000000 0.000000 1.000000
36 57 128.0 -0.845299 -0.534293 913.028212 0.534293 -0.845299 539.493248 0.000000 0.000000 1.000000
37 38 273.0 -0.672881 -0.739751 1053.112285 0.739751 -0.672881 309.318250 0.000000 0.000000 1.000000
37 38 273.0 -0.669471 -0.742838 1053.178492 0.742838 -0.669471 307.432140 0.000000 0.000000 1.000000
37 38 265.0 -0.650791 -0.759257 1052.289118 0.759257 -0.650791 293.258165 0.000000 0.000000 1.000000
37 38 131.0 -0.631271 -0.775562 1054.951766 0.775562 -0.631271 277.403971 0.000000 0.000000 1.000000
37 39 94.0 0.705623 -0.708588 340.256279 0.708588 0.705623 110.902088 0.000000 0.000000 1.000000
37 46 274.0 -0.976100 -0.217320 688.450088 0.217320 -0.976100 312.941570 0.000000 0.000000 1.000000
37 46 187.0 -0.970663 -0.240446 687.105711 0.240446 -0.970663 306.211599 0.000000 0.000000 1.000000
37 46 138.0 -0.984550 -0.175105 680.286759 0.175105 -0.984550 321.754672 0.000000 0.000000 1.000000
38 39 187.0 -0.226649 -0.973977 511.467786 0.973977 -0.226649 -128.489521 0.000000 0.000000 1.000000
38 39 131.0 -0.199500 -0.979898 503.131848 0.979898 -0.199500 -134.463199 0.000000 0.000000 1.000000
38 39 97.0 -0.139331 -0.990246 483.615184 0.990246 -0.139331 -144.864933 0.000000 0.000000 1.000000
38 39 92.0 0.999113 0.042108 122.933470 -0.042108 0.999113 159.920744 0.000000 0.000000 1.000000
38 44 255.0 0.973311 -0.229488 -104.174478 0.229488 0.973311 107.988891 0.000000 0.000000 1.000000
38 44 255.0 0.978653 -0.205517 -111.874503 0.205517 0.978653 116.769534 0.000000 0.000000 1.000000
38 44 255.0 0.975671 -0.219239 -108.546503 0.219239 0.975671 111.263961 0.000000 0.000000 1.000000
38 44 255.0 0.976808 -0.214119 -109.734326 0.214119 0.976808 112.710646 0.000000 0.000000 1.000000
38 44 157.0 0.964241 -0.265025 -95.629669 0.265025 0.964241 97.535232 0.000000 0.000000 1.000000
38 44 157.0 0.971136 -0.238525 -104.271976 0.238525 0.971136 105.845879 0.000000 0.000000 1.000000
38 44 143.0 0.962832 -0.270101 -93.871240 0.270101 0.962832 95.540463 0.000000 0.000000 1.000000
38 44 98.0 0.963436 -0.267938 -90.925784 0.267938 0.963436 93.703761 0.000000 0.000000 1.000000
38 46 99.0 0.753048 -0.657966 455.785012 0.657966 0.753048 93.738183 0.000000 0.000000 1.000000
39 41 330.0 -0.406138 0.913812 -29.105099 -0.913812 -0.406138 1019.696102 0.000000 0.000000 1.000000
39 41 330.0 -0.391719 0.920085 -37.954923 -0.920085 -0.391719 1016.058127 0.000000 0.000000 1.000000
39 41 330.0 -0.410164 0.912012 -26.402447 -0.912012 -0.410164 1019.694115 0.000000 0.000000 1.000000
39 41 330.0 -0.386180 0.922424 -40.752616 -0.922424 -0.386180 1014.688991 0.000000 0.000000 1.000000
39 41 330.0 -0.398726 0.917070 -32.725030 -0.917070 -0.398726 1016.735154 0.000000 0.000000 1.000000
39 45 496.0 0.564903 -0.825157 595.175030 0.825157 0.564903 48.664451 0.000000 0.000000 1.000000
39 45 369.0 0.572223 -0.820098 593.368168 0.820098 0.572223 47.415235 0.000000 0.000000 1.000000
39 45 263.0 0.544773 -0.838583 603.036638 0.838583 0.544773 52.005488 0.000000 0.000000 1.000000
39 45 119.0 0.600000 -0.800000 586.000000 0.800000 0.600000 45.000000 0.000000 0.000000 1.000000
39 45 96.0 0.602603 -0.798041 586.183730 0.798041 0.602603 45.709473 0.000000 0.000000 1.000000
39 47 86.0 0.858234 -0.513258 -46.146644 0.513258 0.858234 162.767529 0.000000 0.000000 1.000000
39 56 112.0 -0.743294 -0.668965 544.637222 0.668965 -0.743294 647.569205 0.000000 0.000000 1.000000
40 42 103.0 -0.371391 0.928477 269.795122 -0.928477 -0.371391 1015.852773 0.000000 0.000000 1.000000
40 47 329.0 -0.857564 -0.514378 999.591612 0.514378 -0.857564 328.434228 0.000000 0.000000 1.000000
40 47 240.0 -0.880471 -0.474100 999.619362 0.474100 -0.880471 352.243208 0.000000 0.000000 1.000000
40 47 104.0 -0.878853 -0.477092 992.073436 0.477092 -0.878853 349.839565 0.000000 0.000000 1.000000
41 42 269.0 0.500235 -0.865890 202.211440 0.865890 0.500235 -1.044198 0.000000 0.000000 1.000000
41 42 166.0 0.458289 -0.888803 214.764973 0.888803 0.458289 1.082070 0.000000 0.000000 1.000000
42 45 407.0 -0.316228 -0.948683 1054.148308 0.948683 -0.316228 92.829851 0.000000 0.000000 1.000000
42 45 396.0 -0.325468 -0.945553 1056.270887 0.945553 -0.325468 98.889252 0.000000 0.000000 1.000000
42 45 255.0 -0.286442 -0.958098 1045.468670 0.958098 -0.286442 73.506767 0.000000 0.000000 1.000000
42 45 226.0 -0.282166 -0.959366 1048.446557 0.959366 -0.282166 70.430457 0.000000 0.000000 1.000000
42 45 226.0 -0.278058 -0.960564 1043.722723 0.960564 -0.278058 68.092536 0.000000 0.000000 1.000000
42 45 168.0 -0.267226 -0.963634 1039.575033 0.963634 -0.267226 61.431344 0.000000 0.000000 1.000000
42 45 113.0 -0.353401 -0.935472 1056.428409 0.935472 -0.353401 115.719667 0.000000 0.000000 1.000000
42 47 112.0 -0.211240 0.977434 385.057228 -0.977434 -0.211240 671.226916 0.000000 0.000000 1.000000
42 47 92.0 -0.209529 0.977802 382.919298 -0.977802 -0.209529 672.253559 0.000000 0.000000 1.000000
42 51 148.0 0.800000 0.600000 -115.200000 -0.600000 0.800000 546.400000 0.000000 0.000000 1.000000
42 51 92.0 0.785619 0.618711 -110.716681 -0.618711 0.785619 560.514338 0.000000 0.000000 1.000000
43 46 319.0 -0.547249 0.836970 326.437157 -0.836970 -0.547249 1070.797248 0.000000 0.000000 1.000000
43 46 185.0 -0.512278 0.858820 300.547750 -0.858820 -0.512278 1069.204700 0.000000 0.000000 1.000000
43 46 185.0 -0.514496 0.857493 303.352385 -0.857493 -0.514496 1069.334473 0.000000 0.000000 1.000000
43 47 288.0 -0.872643 -0.488360 677.049852 0.488360 -0.872643 122.713184 0.000000 0.000000 1.000000
43 47 276.0 -0.870824 -0.491594 676.613292 0.491594 -0.870824 121.626789 0.000000 0.000000 1.000000
43 47 276.0 -0.859080 -0.511841 673.581664 0.511841 -0.859080 114.703860 0.000000 0.000000 1.000000
43 47 217.0 -0.886850 -0.462057 678.324170 0.462057 -0.886850 133.870232 0.000000 0.000000 1.000000
43 47 145.0 -0.884271 -0.466974 678.153242 0.466974 -0.884271 135.065008 0.000000 0.000000 1.000000
43 50 308.0 0.979035 -0.203692 344.685020 0.203692 0.979035 -145.910981 0.000000 0.000000 1.000000
43 50 308.0 0.981091 -0.193549 341.061677 0.193549 0.981091 -144.628177 0.000000 0.000000 1.000000
43 50 89.0 -0.954275 0.298930 796.082344 -0.298930 -0.954275 636.005430 0.000000 0.000000 1.000000
44 45 133.0 -0.839153 -0.543895 497.878144 0.543895 -0.839153 226.113853 0.000000 0.000000 1.000000
44 45 83.0 -0.863629 -0.504128 494.742241 0.504128 -0.863629 236.670999 0.000000 0.000000 1.000000
44 46 240.0 0.909425 -0.415868 392.200836 0.415868 0.909425 72.852992 0.000000 0.000000 1.000000
44 46 229.0 0.926426 -0.376476 375.746674 0.376476 0.926426 72.671796 0.000000 0.000000 1.000000
44 46 224.0 0.903083 -0.429466 394.035345 0.429466 0.903083 73.140037 0.000000 0.000000 1.000000
44 46 116.0 0.880022 -0.474933 412.790715 0.474933 0.880022 74.758437 0.000000 0.000000 1.000000
44 46 107.0 0.879543 -0.475819 408.485281 0.475819 0.879543 70.541742 0.000000 0.000000 1.000000
44 46 107.0 0.938343 -0.345705 368.188362 0.345705 0.938343 75.089703 0.000000 0.000000 1.000000
44 47 84.0 0.186739 0.982410 185.378049 -0.982410 0.186739 713.634916 0.000000 0.000000 1.000000
44 47 83.0 0.221437 0.975175 184.353853 -0.975175 0.221437 685.630859 0.000000 0.000000 1.000000
44 49 282.0 -0.992519 -0.122087 489.647666 0.122087 -0.992519 817.353112 0.000000 0.000000 1.000000
44 49 282.0 -0.992441 -0.122721 489.761026 0.122721 -0.992441 817.071179 0.000000 0.000000 1.000000
44 49 264.0 -0.991407 -0.130811 492.760418 0.130811 -0.991407 815.255399 0.000000 0.000000 1.000000
44 49 235.0 -0.993501 -0.113822 485.578749 0.113822 -0.993501 821.391021 0.000000 0.000000 1.000000
44 49 172.0 -0.994565 -0.104119 482.886381 0.104119 -0.994565 820.385529 0.000000 0.000000 1.000000
45 52 560.0 -0.653153 -0.757226 1040.712266 0.757226 -0.653153 185.740650 0.000000 0.000000 1.000000
45 52 560.0 -0.658505 -0.752577 1040.744347 0.752577 -0.658505 189.315164 0.000000 0.000000 1.000000
45 52 300.0 -0.667545 -0.744569 1038.987433 0.744569 -0.667545 197.985626 0.000000 0.000000 1.000000
45 52 291.0 -0.638755 -0.769410 1039.990574 0.769410 -0.638755 173.041620 0.000000 0.000000 1.000000
45 52 253.0 -0.636476 -0.771296 1040.623502 0.771296 -0.636476 171.710309 0.000000 0.000000 1.000000
45 52 215.0 -0.680641 -0.732617 1042.705859 0.732617 -0.680641 207.134727 0.000000 0.000000 1.000000
45 52 179.0 -0.678280 -0.734803 1037.497670 0.734803 -0.678280 207.962083 0.000000 0.000000 1.000000
46 48 410.0 -0.682884 0.730527 258.951332 -0.730527 -0.682884 1058.386011 0.000000 0.000000 1.000000
46 48 386.0 -0.687248 0.726422 263.542901 -0.726422 -0.687248 1059.350105 0.000000 0.000000 1.000000
46 48 263.0 -0.703999 0.710201 275.309142 -0.710201 -0.703999 1060.543470 0.000000 0.000000 1.000000
46 48 201.0 -0.707107 0.707107 280.823376 -0.707107 -0.707107 1056.467171 0.000000 0.000000 1.000000
46 48 147.0 -0.724836 0.688921 298.292094 -0.688921 -0.724836 1053.017401 0.000000 0.000000 1.000000
46 48 147.0 -0.715574 0.698537 290.475234 -0.698537 -0.715574 1054.325865 0.000000 0.000000 1.000000
46 48 87.0 -0.653620 0.756823 233.042981 -0.756823 -0.653620 1064.332242 0.000000 0.000000 1.000000
47 53 402.0 -0.894427 0.447214 187.969889 -0.447214 -0.894427 689.637603 0.000000 0.000000 1.000000
47 53 146.0 -0.912685 0.408665 200.652873 -0.408665 -0.912685 687.841778 0.000000 0.000000 1.000000
47 53 136.0 -0.906921 0.421300 194.488590 -0.421300 -0.906921 688.916459 0.000000 0.000000 1.000000
47 53 135.0 -0.875838 0.482605 167.421607 -0.482605 -0.875838 688.881830 0.000000 0.000000 1.000000
47 53 112.0 -0.877040 0.480417 172.013731 -0.480417 -0.877040 687.895095 0.000000 0.000000 1.000000
47 65 87.0 -0.475248 0.879852 -61.872710 -0.879852 -0.475248 720.477544 0.000000 0.000000 1.000000
48 49 462.0 0.212295 0.977206 211.846083 -0.977206 0.212295 388.085453 0.000000 0.000000 1.000000
48 49 462.0 0.198561 0.980089 215.041719 -0.980089 0.198561 390.430268 0.000000 0.000000 1.000000
48 49 462.0 0.199651 0.979867 214.511052 -0.979867 0.199651 392.681535 0.000000 0.000000 1.000000
48 49 397.0 0.196116 0.980581 216.802342 -0.980581 0.196116 391.729481 0.000000 0.000000 1.000000
48 49 386.0 0.220657 0.975352 211.946279 -0.975352 0.220657 386.091014 0.000000 0.000000 1.000000
48 49 386.0 0.220261 0.975441 212.418737 -0.975441 0.220261 385.772417 0.000000 0.000000 1.000000
48 49 361.0 0.188072 0.982155 217.387706 -0.982155 0.188072 393.992548 0.000000 0.000000 1.000000
48 49 280.0 0.222908 0.974839 213.245111 -0.974839 0.222908 384.587111 0.000000 0.000000 1.000000
48 49 182.0 0.231353 0.972870 205.034534 -0.972870 0.231353 383.269788 0.000000 0.000000 1.000000
48 49 179.0 0.250687 0.968068 208.339197 -0.968068 0.250687 377.014262 0.000000 0.000000 1.000000
48 49 177.0 0.234641 0.972082 212.092656 -0.972082 0.234641 380.433943 0.000000 0.000000 1.000000
48 49 109.0 0.126254 0.991998 237.419928 -0.991998 0.126254 407.258842 0.000000 0.000000 1.000000
48 50 324.0 -0.043234 0.999065 -236.264087 -0.999065 -0.043234 808.143306 0.000000 0.000000 1.000000
48 50 197.0 -0.061897 0.998083 -230.482616 -0.998083 -0.061897 817.056822 0.000000 0.000000 1.000000
48 50 197.0 0.004739 0.999989 -250.314921 -0.999989 0.004739 787.399739 0.000000 0.000000 1.000000
48 50 197.0 -0.077544 0.996989 -225.778597 -0.996989 -0.077544 823.400042 0.000000 0.000000 1.000000
48 50 103.0 0.005450 0.999985 -262.893675 -0.999985 0.005450 790.486681 0.000000 0.000000 1.000000
48 57 393.0 -0.981541 -0.191252 582.444969 0.191252 -0.981541 333.075929 0.000000 0.000000 1.000000
48 57 306.0 -0.980081 -0.198597 583.495090 0.198597 -0.980081 329.424270 0.000000 0.000000 1.000000
48 57 282.0 -0.977046 -0.213028 585.727182 0.213028 -0.977046 326.283623 0.000000 0.000000 1.000000
48 57 195.0 -0.986394 -0.164399 578.325140 0.164399 -0.986394 344.163180 0.000000 0.000000 1.000000
48 57 134.0 -0.976423 -0.215867 586.244405 0.215867 -0.976423 320.909690 0.000000 0.000000 1.000000
49 52 355.0 -0.270746 -0.962651 937.522536 0.962651 -0.270746 307.123298 0.000000 0.000000 1.000000
49 52 198.0 -0.242536 -0.970143 934.175073 0.970143 -0.242536 289.930163 0.000000 0.000000 1.000000
49 52 198.0 -0.238907 -0.971042 933.673903 0.971042 -0.238907 287.926173 0.000000 0.000000 1.000000
49 52 161.0 -0.298930 -0.954275 941.093584 0.954275 -0.298930 324.283861 0.000000 0.000000 1.000000
49 52 139.0 -0.306531 -0.951861 927.507826 0.951861 -0.306531 348.293127 0.000000 0.000000 1.000000
49 52 129.0 -0.213974 -0.976839 929.608748 0.976839 -0.213974 274.277571 0.000000 0.000000 1.000000
49 55 175.0 0.629051 -0.777364 564.066598 0.777364 0.629051 -296.633978 0.000000 0.000000 1.000000
50 53 423.0 0.971399 0.237453 -212.403463 -0.237453 0.971399 -208.285447 0.000000 0.000000 1.000000
50 53 389.0 0.963475 0.267798 -224.413665 -0.267798 0.963475 -193.033635 0.000000 0.000000 1.000000
50 53 307.0 0.973108 0.230349 -207.510482 -0.230349 0.973108 -210.536559 0.000000 0.000000 1.000000
50 53 235.0 0.976907 0.213663 -203.169587 -0.213663 0.976907 -221.926980 0.000000 0.000000 1.000000
50 53 135.0 0.977254 0.212073 -200.875625 -0.212073 0.977254 -216.158048 0.000000 0.000000 1.000000
50 53 115.0 0.976855 0.213903 -205.112025 -0.213903 0.976855 -223.575747 0.000000 0.000000 1.000000
50 53 115.0 0.977658 0.210203 -205.004262 -0.210203 0.977658 -224.837514 0.000000 0.000000 1.000000
50 58 333.0 -0.536218 -0.844080 962.724321 0.844080 -0.536218 79.896373 0.000000 0.000000 1.000000
50 58 292.0 -0.539666 -0.841879 963.022023 0.841879 -0.539666 80.398678 0.000000 0.000000 1.000000
50 58 273.0 -0.507020 -0.861934 959.574717 0.861934 -0.507020 60.342465 0.000000 0.000000 1.000000
50 58 85.0 -0.503448 -0.864026 953.405333 0.864026 -0.503448 60.292959 0.000000 0.000000 1.000000
51 52 398.0 0.104993 0.994473 251.096648 -0.994473 0.104993 776.001448 0.000000 0.000000 1.000000
51 52 398.0 0.092773 0.995687 257.191698 -0.995687 0.092773 777.759169 0.000000 0.000000 1.000000
51 52 385.0 0.082359 0.996603 259.921060 -0.996603 0.082359 779.344952 0.000000 0.000000 1.000000
51 52 334.0 0.072655 0.997357 266.146160 -0.997357 0.072655 781.936871 0.000000 0.000000 1.000000
51 52 259.0 0.065079 0.997880 267.158960 -0.997880 0.065079 781.601061 0.000000 0.000000 1.000000
51 52 150.0 0.060293 0.998181 272.006227 -0.998181 0.060293 785.249607 0.000000 0.000000 1.000000
51 52 117.0 0.059595 0.998223 274.310387 -0.998223 0.059595 785.841875 0.000000 0.000000 1.000000
51 52 117.0 0.058722 0.998274 274.927981 -0.998274 0.058722 785.891133 0.000000 0.000000 1.000000
51 52 109.0 -0.089800 -0.995960 959.696802 0.995960 -0.089800 171.089550 0.000000 0.000000 1.000000
51 59 184.0 -0.472765 0.881189 45.726526 -0.881189 -0.472765 922.018130 0.000000 0.000000 1.000000
51 59 119.0 -0.497741 0.867326 58.323653 -0.867326 -0.497741 924.241252 0.000000 0.000000 1.000000
51 59 94.0 -0.454470 0.890762 33.452734 -0.890762 -0.454470 922.668079 0.000000 0.000000 1.000000
52 56 397.0 0.711521 0.702664 -338.682640 -0.702664 0.711521 176.891973 0.000000 0.000000 1.000000
52 56 397.0 0.707465 0.706749 -338.689039 -0.706749 0.707465 180.385803 0.000000 0.000000 1.000000
52 56 261.0 0.707107 0.707107 -339.962554 -0.707107 0.707107 179.108081 0.000000 0.000000 1.000000
52 56 145.0 0.692680 0.721245 -342.492491 -0.721245 0.692680 188.437894 0.000000 0.000000 1.000000
53 54 453.0 -0.493013 -0.870022 982.910077 0.870022 -0.493013 116.625015 0.000000 0.000000 1.000000
53 54 357.0 -0.479257 -0.877675 979.950634 0.877675 -0.479257 107.517248 0.000000 0.000000 1.000000
53 54 357.0 -0.489251 -0.872143 981.357107 0.872143 -0.489251 112.874965 0.000000 0.000000 1.000000
53 54 357.0 -0.485929 -0.873998 980.940090 0.873998 -0.485929 111.291614 0.000000 0.000000 1.000000
53 54 299.0 -0.506422 -0.862286 983.228803 0.862286 -0.506422 125.344453 0.000000 0.000000 1.000000
53 54 132.0 -0.508959 -0.860790 988.951401 0.860790 -0.508959 125.667800 0.000000 0.000000 1.000000
54 58 159.0 0.956352 -0.292219 346.384521 0.292219 0.956352 -296.239263 0.000000 0.000000 1.000000
54 58 159.0 0.958257 -0.285908 343.412803 0.285908 0.958257 -295.572114 0.000000 0.000000 1.000000
54 58 137.0 0.952515 -0.304492 352.716760 0.304492 0.952515 -295.238758 0.000000 0.000000 1.000000
54 58 137.0 0.948683 -0.316228 359.039501 0.316228 0.948683 -297.571898 0.000000 0.000000 1.000000
54 65 278.0 0.121482 0.992594 -203.975990 -0.992594 0.121482 442.557200 0.000000 0.000000 1.000000
54 65 251.0 0.161937 0.986801 -208.366483 -0.986801 0.161937 426.049016 0.000000 0.000000 1.000000
54 65 205.0 0.170621 0.985337 -213.282468 -0.985337 0.170621 419.996291 0.000000 0.000000 1.000000
54 65 163.0 0.093021 0.995664 -198.227662 -0.995664 0.093021 453.329590 0.000000 0.000000 1.000000
55 56 309.0 0.981615 -0.190870 369.777730 0.190870 0.981615 -86.159374 0.000000 0.000000 1.000000
55 56 309.0 0.979312 -0.202358 374.889164 0.202358 0.979312 -87.072037 0.000000 0.000000 1.000000
55 56 276.0 0.987763 -0.155963 356.067661 0.155963 0.987763 -82.687726 0.000000 0.000000 1.000000
55 56 194.0 0.987241 -0.159232 359.705359 0.159232 0.987241 -83.188513 0.000000 0.000000 1.000000
55 56 134.0 0.975282 -0.220962 385.499569 0.220962 0.975282 -87.789764 0.000000 0.000000 1.000000
55 56 115.0 0.989693 -0.143203 347.685395 0.143203 0.989693 -82.381158 0.000000 0.000000 1.000000
55 64 247.0 -0.721496 0.692418 316.369501 -0.692418 -0.721496 531.143733 0.000000 0.000000 1.000000
55 64 222.0 -0.708314 0.705897 309.967122 -0.705897 -0.708314 531.991635 0.000000 0.000000 1.000000
55 64 199.0 -0.702589 0.711596 308.227907 -0.711596 -0.702589 532.051858 0.000000 0.000000 1.000000
56 59 150.0 0.986834 -0.161738 374.303321 0.161738 0.986834 -141.990096 0.000000 0.000000 1.000000
56 59 150.0 0.985097 -0.172001 378.538562 0.172001 0.985097 -142.575617 0.000000 0.000000 1.000000
56 59 150.0 0.982163 -0.188031 385.677542 0.188031 0.982163 -144.767731 0.000000 0.000000 1.000000
56 59 91.0 0.993687 -0.112190 352.180834 0.112190 0.993687 -133.929780 0.000000 0.000000 1.000000
56 63 503.0 0.216672 0.976245 -98.015879 -0.976245 0.216672 329.025977 0.000000 0.000000 1.000000
56 63 491.0 0.214551 0.976713 -97.144278 -0.976713 0.214551 329.307149 0.000000 0.000000 1.000000
56 63 491.0 0.223244 0.974763 -97.243006 -0.974763 0.223244 326.447639 0.000000 0.000000 1.000000
56 63 491.0 0.228460 0.973553 -98.395042 -0.973553 0.228460 324.067209 0.000000 0.000000 1.000000
56 63 450.0 0.208958 0.977925 -96.113338 -0.977925 0.208958 333.465807 0.000000 0.000000 1.000000
56 63 438.0 0.210385 0.977619 -95.132498 -0.977619 0.210385 331.645479 0.000000 0.000000 1.000000
56 63 421.0 0.227884 0.973688 -96.892631 -0.973688 0.227884 324.245274 0.000000 0.000000 1.000000
56 63 290.0 0.191439 0.981505 -93.577833 -0.981505 0.191439 339.245442 0.000000 0.000000 1.000000
56 63 280.0 0.196116 0.980581 -94.861475 -0.980581 0.196116 335.927996 0.000000 0.000000 1.000000
56 63 153.0 0.256046 0.966665 -99.987288 -0.966665 0.256046 318.201626 0.000000 0.000000 1.000000
56 63 100.0 0.278524 0.960429 -102.794244 -0.960429 0.278524 296.231943 0.000000 0.000000 1.000000
57 58 205.0 -0.749473 0.662035 671.889698 -0.662035 -0.749473 634.227247 0.000000 0.000000 1.000000
57 58 179.0 -0.731307 0.682048 663.010075 -0.682048 -0.731307 639.191675 0.000000 0.000000 1.000000
57 58 146.0 -0.790415 0.612572 695.983951 -0.612572 -0.790415 621.922195 0.000000 0.000000 1.000000
57 58 96.0 -0.707107 0.707107 644.483802 -0.707107 -0.707107 646.270165 0.000000 0.000000 1.000000
57 59 104.0 0.997925 -0.064382 301.670393 0.064382 0.997925 -138.173838 0.000000 0.000000 1.000000
57 61 479.0 -0.942237 -0.334948 823.767853 0.334948 -0.942237 711.367281 0.000000 0.000000 1.000000
57 61 439.0 -0.940749 -0.339103 825.012797 0.339103 -0.940749 709.748930 0.000000 0.000000 1.000000
57 61 419.0 -0.939448 -0.342692 829.103665 0.342692 -0.939448 707.366985 0.000000 0.000000 1.000000
57 61 384.0 -0.937222 -0.348734 828.096270 0.348734 -0.937222 704.127186 0.000000 0.000000 1.000000
57 61 335.0 -0.932568 -0.360994 833.624912 0.360994 -0.932568 698.748350 0.000000 0.000000 1.000000
57 61 190.0 -0.929594 -0.368585 837.623513 0.368585 -0.929594 696.180320 0.000000 0.000000 1.000000
58 60 281.0 0.100578 0.994929 -236.474455 -0.994929 0.100578 507.105291 0.000000 0.000000 1.000000
58 60 281.0 0.110769 0.993846 -238.867692 -0.993846 0.110769 501.618462 0.000000 0.000000 1.000000
58 60 258.0 0.099504 0.995037 -236.196761 -0.995037 0.099504 506.668234 0.000000 0.000000 1.000000
59 62 291.0 -0.987181 0.159604 475.150051 -0.159604 -0.987181 471.152379 0.000000 0.000000 1.000000
59 62 253.0 -0.990246 0.139331 479.795387 -0.139331 -0.990246 468.157285 0.000000 0.000000 1.000000
59 62 237.0 -0.988767 0.149465 476.881727 -0.149465 -0.988767 469.045866 0.000000 0.000000 1.000000
59 62 237.0 -0.987441 0.157991 474.313872 -0.157991 -0.987441 469.969908 0.000000 0.000000 1.000000
59 62 196.0 -0.994241 0.107164 487.833065 -0.107164 -0.994241 462.643501 0.000000 0.000000 1.000000
60 65 409.0 0.967651 0.252292 -359.591744 -0.252292 0.967651 -41.911803 0.000000 0.000000 1.000000
60 65 372.0 0.966438 0.256901 -360.464919 -0.256901 0.966438 -40.739567 0.000000 0.000000 1.000000
60 65 372.0 0.969365 0.245626 -356.496234 -0.245626 0.969365 -45.742581 0.000000 0.000000 1.000000
60 65 372.0 0.966562 0.256435 -360.001905 -0.256435 0.966562 -40.516755 0.000000 0.000000 1.000000
60 65 193.0 0.961524 0.274721 -364.057118 -0.274721 0.961524 -27.791506 0.000000 0.000000 1.000000
61 64 397.0 -0.666795 0.745241 630.472411 -0.745241 -0.666795 745.793123 0.000000 0.000000 1.000000
62 63 407.0 0.109431 -0.993994 842.115447 0.993994 0.109431 -209.087535 0.000000 0.000000 1.000000
62 63 407.0 0.112371 -0.993666 841.437554 0.993666 0.112371 -210.355107 0.000000 0.000000 1.000000
62 63 358.0 0.104756 -0.994498 843.674556 0.994498 0.104756 -207.218401 0.000000 0.000000 1.000000
62 63 239.0 0.144799 -0.989461 826.484221 0.989461 0.144799 -224.041585 0.000000 0.000000 1.000000
62 63 160.0 0.079643 -0.996823 860.263527 0.996823 0.079643 -197.139239 0.000000 0.000000 1.000000
63 64 127.0 0.387620 0.921819 -247.063051 -0.921819 0.387620 203.405501 0.000000 0.000000 1.000000
63 64 127.0 0.407442 0.913231 -247.500304 -0.913231 0.407442 194.243013 0.000000 0.000000 1.000000
